COSMO Results from DMol3

Note: COSMO for ideal conductor limit (fepsi= 1.0000)
  Basic Grid Size                  =   1082
  Number of Segments on an Atom    =     92
  Number of Segments on Hydrogen   =     32
  Solvent Radius    [au]           =   2.46
  A - Matrix Cutoff [au]           =  13.23
  factor for Outlying Charge corr  =   0.85
  maximum segment or cutoff radius =   1.49
  total number of segments         =    823
  number of charge corr segments   =    334




$coordinates xyz [au]                         and cosmo atom analysis:   radius   charge    area  charge density  (srad)
N            -6.31468716499281   -0.02263821033013   -0.10364593513148   3.4582  -0.0454    24.81    -0.00183    5.9148
C            -3.86502450276238    0.66892278196346   -0.07112116337500   3.7795  -0.1057    55.52    -0.00190    6.2361
N            -2.46177900986331   -1.44300242417015   -0.07044210540980   3.4582  -0.0096     6.57    -0.00146    5.9148
C            -4.06986522868126   -3.52065946147506   -0.10626423760506   3.7795  -0.0431    51.40    -0.00084    6.2361
C            -6.49464851075075   -2.63039949867773   -0.12674993271580   3.7795  -0.0694    61.36    -0.00113    6.2361
C             0.34888043964600   -1.60164561833395   -0.04248086728763   3.7795  -0.0381    24.05    -0.00159    6.2361
C             1.67816741127610    0.94913720725178    0.04761430315239   3.7795  -0.0090    15.54    -0.00058    6.2361
C             4.56652883880113    0.61865951956826    0.09045979335353   3.7795   0.0056    25.82     0.00022    6.2361
C             5.96829410544704    3.14668028784281    0.14947545835692   3.7795   0.0401    58.78     0.00068    6.2361
H            -7.80151859488476    1.21564053566760   -0.10977696068168   2.4566  -0.1748    30.54    -0.00572    4.9133
H            -3.15845333837920    2.58911905886632   -0.04748153425891   2.4566  -0.0805    19.69    -0.00409    4.9133
H            -3.35048693114555   -5.44061621937102   -0.11119829928934   2.4566  -0.0828    25.05    -0.00331    4.9133
H            -8.29641099511509   -3.60795752355555   -0.15261365042826   2.4566  -0.0764    22.99    -0.00332    4.9133
H             0.88789577359960   -2.66366747137328   -1.74504423852191   2.4566  -0.0597    25.69    -0.00232    4.9133
H             0.84785996977507   -2.76080920376626    1.60826877228849   2.4566  -0.0595    25.43    -0.00234    4.9133
H             1.08677396005986    2.00563932712727    1.74464792000518   2.4566  -0.0374    23.95    -0.00156    4.9133
H             1.14845980240868    2.09249497219656   -1.61317462173606   2.4566  -0.0375    23.82    -0.00157    4.9133
H             5.15591993999479   -0.47519589632336   -1.58209498779806   2.4566  -0.0259    25.02    -0.00104    4.9133
H             5.09968926453729   -0.52382112143670    1.74927084017271   2.4566  -0.0259    25.09    -0.00103    4.9133
H             5.52997397512748    4.30014731843777   -1.52481443530757   2.4566  -0.0209    24.86    -0.00084    4.9133
H             8.02236670497706    2.84686193822011    0.18078918211866   2.4566  -0.0227    24.15    -0.00094    4.9133
H             5.47206409092503    4.25710970167123    1.83637670009875   2.4566  -0.0209    25.01    -0.00083    4.9133
$end


$cosmo_energy               [Hartree atomic units]       [eV]     [kcal/mol]
  Total energy                 =       -384.022372
  Total energy + OC corr.      =       -384.018803
  Dielectric energy            =         -0.089884      -2.446      -56.40
  Diel. energy + OC corr.      =         -0.086315      -2.349      -54.16

  Surface area of cavity [au]  =           645.151
  Total Volume of cavity [au]  =          1182.012


$screening_charge
  cosmo           =   -1.02708
  corrected total =   -0.99962


$segment information
    n  atom        position (X, Y, Z) [au]            charge       area [au]   charge/area    potential [au]

    1    1    -8.13759     0.00556     2.83494     -0.00052771    0.55557476   -0.00094985    0.17230768
    2    1    -6.78115     2.60030     2.10130     -0.00052616    0.13889369   -0.00378819    0.19933160
    3    1    -7.68544     1.04015    -3.09541     -0.00118089    0.97225583   -0.00121459    0.17720922
    4    1    -6.89257     2.15328     2.52135     -0.00032770    0.41668107   -0.00078645    0.18757654
    5    1    -8.73634     0.32482     2.34051     -0.00075611    0.69446845   -0.00108876    0.18950826
    6    1    -7.96301     0.80754     2.82089     -0.00152106    0.97225583   -0.00156446    0.17824595
    7    1    -7.19395     1.58542     2.82896     -0.00079151    1.25004321   -0.00063319    0.17903871
    8    1    -6.81549     2.53618    -2.37539     -0.00067745    0.55557476   -0.00121936    0.19718055
    9    1    -7.02434     1.74595    -2.98942     -0.00143692    1.11114952   -0.00129318    0.18006965
   10    1    -8.38514     0.24293    -2.86078     -0.00077932    0.97225583   -0.00080156    0.18025007
   11    1    -9.05158    -0.02123    -2.21752     -0.00077834    0.27778738   -0.00280194    0.19528385
   12    1    -7.22287     0.00821     3.23302      0.00070150    0.69446845    0.00101012    0.16164522
   13    1    -6.32713    -0.04678     3.35444      0.00019065    0.55557476    0.00034315    0.15916163
   14    1    -6.56670     0.86494    -3.43649      0.00079630    0.97225583    0.00081902    0.16463563
   15    1    -7.43012     0.16369    -3.37170     -0.00005196    0.97225583   -0.00005344    0.16463487
   16    1    -6.39821     0.00196    -3.56075      0.00019938    0.69446845    0.00028710    0.15898955
   17    1    -6.92342     0.76189     3.20892      0.00001978    0.97225583    0.00002035    0.16533515
   18    2    -4.15183    -0.31785     3.56596     -0.00091718    0.66359074   -0.00138215    0.16083356
   19    2    -4.79024     2.96672     2.78344     -0.00111296    0.99538612   -0.00111812    0.17421115
   20    2    -3.30731     2.32513    -3.42226     -0.00192673    1.49307918   -0.00129044    0.16588014
   21    2    -3.28253     3.23056    -2.78828     -0.00224880    1.16128380   -0.00193648    0.17656868
   22    2    -4.48760     3.62280     2.20295     -0.00227261    0.99538612   -0.00228314    0.18364712
   23    2    -5.45121     4.01449    -0.82976     -0.00407913    1.32718149   -0.00307353    0.20289991
   24    2    -5.49770     3.44193     1.91110     -0.00234241    1.16128380   -0.00201709    0.18979776
   25    2    -4.13202     2.45146     3.25088     -0.00124569    1.16128380   -0.00107268    0.16683441
   26    2    -3.15526     2.16748     3.32520     -0.00107337    0.99538612   -0.00107834    0.16565126
   27    2    -4.42854     2.96705    -3.01820     -0.00158637    1.32718149   -0.00119529    0.17232747
   28    2    -5.42731     3.45305    -2.09403     -0.00222565    0.99538612   -0.00223597    0.18903855
   29    2    -5.49024     2.63994     2.71423     -0.00079880    0.82948843   -0.00096301    0.17739811
   30    2    -4.91094     1.57054     3.44705     -0.00073063    1.65897686   -0.00044041    0.16378112
   31    2    -4.55287     0.40517     3.63586     -0.00116894    1.32718149   -0.00088077    0.16025651
   32    2    -3.38241     0.23182     3.65183     -0.00090281    0.99538612   -0.00090700    0.16009777
   33    2    -2.68468     0.59034     3.51845     -0.00107990    0.82948843   -0.00130188    0.16222851
   34    2    -3.04738     0.07642    -3.71317     -0.00092019    0.99538612   -0.00092445    0.16089579
   35    2    -3.02030     1.17460    -3.72008     -0.00171185    1.65897686   -0.00103187    0.16155308
   36    2    -4.32190     1.81043    -3.64497     -0.00112563    1.32718149   -0.00084813    0.16305482
   37    2    -4.87128     1.23567    -3.66979     -0.00046632    0.82948843   -0.00056217    0.16231727
   38    2    -3.42756     3.08120     2.80533     -0.00188075    0.99538612   -0.00188947    0.17433298
   39    2    -5.37664     4.00883     0.84779     -0.00275114    0.82948843   -0.00331667    0.20122822
   40    2    -4.60135     3.69984    -2.20552     -0.00259731    1.16128380   -0.00223658    0.18528163
   41    2    -4.19018     0.22069    -3.80977     -0.00221697    1.99077223   -0.00111362    0.16016245
   42    2    -3.56467     1.33140     3.63770     -0.00140345    1.32718149   -0.00105747    0.16119371
   43    2    -5.26273     2.51356    -3.05909     -0.00022309    0.99538612   -0.00022413    0.17349035
   44    3    -2.21705    -1.49898    -3.51950     -0.00018934    0.27778738   -0.00068160    0.16041506
   45    3    -2.65040    -1.56938     3.38031     -0.00008010    0.13889369   -0.00057670    0.15939600
   46    3    -2.05376    -0.99919     3.33481     -0.00016112    0.13889369   -0.00116005    0.16265143
   47    3    -2.23481    -1.68280     3.37197     -0.00003731    0.41668107   -0.00008953    0.16014099
   48    3    -2.58265    -1.56231    -3.52446     -0.00009899    0.13889369   -0.00071270    0.15967044
   49    4    -5.41903    -6.03175     2.37537      0.00002176    1.16128380    0.00001874    0.14220502
   50    4    -5.50914    -6.65540    -1.65103     -0.00133503    0.99538612   -0.00134121    0.15255974
   51    4    -3.58952    -4.97282    -3.56240     -0.00008854    1.16128380   -0.00007624    0.14023203
   52    4    -3.09267    -5.84054    -2.92541     -0.00064511    0.99538612   -0.00064810    0.14973619
   53    4    -5.71767    -6.87236    -0.68529     -0.00046749    0.66359074   -0.00070448    0.15853351
   54    4    -4.63675    -6.47494     2.18180     -0.00086719    0.99538612   -0.00087121    0.14833188
   55    4    -2.42578    -5.49583     2.66501     -0.00102590    0.82948843   -0.00123678    0.15465005
   56    4    -2.95423    -4.90276     3.22981     -0.00047605    1.32718149   -0.00035870    0.14596576
   57    4    -4.34458    -5.64211     3.00954      0.00004624    1.16128380    0.00003982    0.13936357
   58    4    -5.53458    -6.63209     1.46153     -0.00063523    0.82948843   -0.00076580    0.15167465
   59    4    -5.92880    -6.79627     0.20863     -0.00078806    0.33179537   -0.00237515    0.15869886
   60    4    -5.31150    -6.18683    -2.47993     -0.00034653    1.16128380   -0.00029841    0.14422326
   61    4    -4.12597    -5.82181    -3.10392     -0.00019929    1.16128380   -0.00017161    0.14171487
   62    4    -2.56191    -5.11399    -3.18388     -0.00044242    0.99538612   -0.00044447    0.14997217
   63    4    -2.97655    -3.61827     3.51027     -0.00026163    0.99538612   -0.00026284    0.14782902
   64    4    -3.89416    -2.94399     3.62479     -0.00003788    1.49307918   -0.00002537    0.14513304
   65    4    -4.68219    -3.80993     3.61201      0.00078912    0.99538612    0.00079278    0.13646409
   66    4    -5.02935    -4.95890     3.25456      0.00075990    1.16128380    0.00065436    0.13483827
   67    4    -4.35556    -4.14971    -3.82205      0.00104436    1.65897686    0.00062952    0.13616479
   68    4    -3.03076    -3.78738    -3.73027     -0.00069057    1.65897686   -0.00041626    0.14578922
   69    4    -4.42874    -6.44241    -2.47670     -0.00079687    0.82948843   -0.00096068    0.14881675
   70    4    -5.59888    -6.87912     0.71060     -0.00108820    0.49769306   -0.00218648    0.15775911
   71    4    -3.47388    -5.93696     2.73813     -0.00085336    1.16128380   -0.00073484    0.14759185
   72    4    -2.06865    -5.64353    -2.50895     -0.00058062    0.33179537   -0.00174992    0.16114442
   73    4    -3.91380    -2.87370    -3.82667      0.00004108    1.49307918    0.00002751    0.14480124
   74    4    -3.92347    -4.43172     3.55881      0.00023459    1.65897686    0.00014141    0.13845116
   75    4    -4.90099    -5.25039    -3.36228      0.00067653    1.16128380    0.00058257    0.13598711
   76    5    -8.76205    -1.81210    -3.03769     -0.00111064    1.49307918   -0.00074386    0.15936041
   77    5    -7.10508    -5.36422    -2.66407     -0.00012278    1.16128380   -0.00010573    0.14289539
   78    5    -7.47395    -5.96903     1.34931     -0.00140326    0.99538612   -0.00140976    0.15322021
   79    5    -7.95311    -3.36022     3.28270     -0.00024417    1.49307918   -0.00016353    0.14205402
   80    5    -8.87459    -3.63226     2.63301     -0.00118781    1.32718149   -0.00089499    0.15209318
   81    5    -7.42973    -6.24002     0.49011     -0.00034033    0.49769306   -0.00068382    0.15839189
   82    5    -7.98765    -5.18946    -2.47334     -0.00089719    0.99538612   -0.00090134    0.14929913
   83    5    -9.41443    -2.50708    -2.52340     -0.00115485    0.82948843   -0.00139225    0.16359594
   84    5   -10.05915    -1.63534     0.64028     -0.00218490    0.99538612   -0.00219503    0.18853401
   85    5    -9.61204    -1.68119    -2.04120     -0.00175404    0.99538612   -0.00176217    0.17561430
   86    5    -8.40674    -2.88571    -3.37683     -0.00077116    1.82487455   -0.00042258    0.14777136
   87    5    -7.65645    -4.35384    -3.28338     -0.00005258    1.16128380   -0.00004528    0.14024240
   88    5    -7.33413    -5.93388    -1.75974     -0.00076532    0.99538612   -0.00076886    0.15204400
   89    5    -7.26017    -6.32940    -0.25178     -0.00134283    0.66359074   -0.00202358    0.15944192
   90    5    -7.23051    -5.57281     2.12823     -0.00043413    1.16128380   -0.00037384    0.14528586
   91    5    -7.98187    -4.45998     2.82705     -0.00026027    1.16128380   -0.00022412    0.14278372
   92    5    -8.92223    -2.40591     2.76125     -0.00083100    1.49307918   -0.00055657    0.15552650
   93    5    -9.43896    -1.64726     2.02930     -0.00221319    1.32718149   -0.00166759    0.17225804
   94    5    -7.52022    -1.74891    -3.65599      0.00031204    1.65897686    0.00018809    0.14949819
   95    5    -6.18084    -1.95776    -3.83262      0.00004438    1.65897686    0.00002675    0.14573754
   96    5    -6.19609    -3.18098    -3.85397      0.00075449    0.99538612    0.00075799    0.13676769
   97    5    -6.65462    -4.33641    -3.49548      0.00070596    1.32718149    0.00053193    0.13549261
   98    5    -6.71720    -3.36171     3.57457      0.00090759    1.65897686    0.00054708    0.13676835
   99    5    -7.56794    -2.33830     3.48529     -0.00022412    1.32718149   -0.00016887    0.14496205
  100    5    -7.26972    -1.58724     3.42222      0.00001585    0.66359074    0.00002388    0.15032017
  101    5    -8.15579    -5.11527     2.18629     -0.00093154    0.82948843   -0.00112303    0.14995627
  102    5    -7.53645    -6.15276    -1.01665     -0.00105254    0.49769306   -0.00211485    0.15811704
  103    5    -8.58871    -3.92486    -2.99444     -0.00111259    1.32718149   -0.00083831    0.14942304
  104    5   -10.01277    -1.62143    -1.06962     -0.00190577    0.82948843   -0.00229753    0.18761936
  105    5    -9.72620    -2.40349     1.81996     -0.00125229    0.66359074   -0.00188714    0.17036770
  106    5    -6.21418    -2.10898     3.60602      0.00013778    1.49307918    0.00009228    0.14499133
  107    5    -7.17700    -3.15387    -3.80707      0.00011329    1.65897686    0.00006829    0.13886889
  108    5    -7.07529    -4.61287     3.03818      0.00062809    1.32718149    0.00047325    0.13719749
  109    5    -8.33762    -1.65822     3.02641      0.00010260    0.82948843    0.00012369    0.15645270
  110    6    -0.53416    -0.82747    -3.63485     -0.00070211    0.49769306   -0.00141072    0.16041845
  111    6     1.16996    -5.27597     0.28815     -0.00043690    0.82948843   -0.00052671    0.15162819
  112    6    -0.04821    -1.18025     3.69235     -0.00039735    0.49769306   -0.00079839    0.15762955
  113    6    -0.71128    -1.09335     3.54945     -0.00061902    0.49769306   -0.00124378    0.16036560
  114    6     1.29927    -5.21391    -0.61907     -0.00041173    0.82948843   -0.00049637    0.15057056
  115    6     3.09221    -4.10061    -0.75912     -0.00054359    0.49769306   -0.00109222    0.14039987
  116    6    -0.60241    -1.48831    -3.69849     -0.00061573    0.49769306   -0.00123716    0.16199357
  117    6     2.96091    -4.32806     0.12561     -0.00065157    0.99538612   -0.00065459    0.13944271
  118    6     2.12162    -4.92778     0.23759     -0.00039368    0.99538612   -0.00039551    0.14428888
  119    6    -0.73580    -1.68036     3.57712     -0.00047479    0.33179537   -0.00143098    0.16178126
  120    6     2.40212    -4.74260    -0.49282     -0.00019024    0.66359074   -0.00028668    0.14280106
  121    6     0.11840    -0.90431    -3.74989     -0.00042580    0.49769306   -0.00085554    0.15739414
  122    7     2.15578     0.25040    -3.63583     -0.00009623    0.49769306   -0.00019335    0.13791523
  123    7     1.57619     0.13960     3.73796     -0.00034135    0.66359074   -0.00051440    0.14217382
  124    7     1.06961     4.67503    -0.13050      0.00031618    0.82948843    0.00038117    0.13214674
  125    7     0.48607     4.53562     0.02656      0.00022118    0.33179537    0.00066660    0.14046479
  126    7     1.50549     0.38666    -3.68574     -0.00024396    0.33179537   -0.00073528    0.14432025
  127    7     0.77832     4.56410     0.68538      0.00023167    0.49769306    0.00046549    0.13680708
  128    7     2.09985     0.45865     3.77132     -0.00001388    0.16589769   -0.00008365    0.13621308
  129    8     8.00762    -0.94401     0.12342      0.00066800    0.82948843    0.00080532    0.08789379
  130    8     5.28949    -3.07890     0.38995      0.00104481    1.16128380    0.00089970    0.11068708
  131    8     4.17083     1.24584     3.79646      0.00016959    0.33179537    0.00051112    0.11299157
  132    8     4.78008     1.10098     3.83293      0.00002335    0.16589769    0.00014078    0.10921957
  133    8     5.62298    -2.97953    -0.37987      0.00085759    0.82948843    0.00103388    0.10719808
  134    8     7.81791    -1.07038    -0.83682      0.00074563    1.32718149    0.00056181    0.09083089
  135    8     4.05125     1.03470    -3.63051      0.00010776    0.66359074    0.00016239    0.11726118
  136    8     7.47835    -1.77834     0.33518      0.00117167    1.32718149    0.00088282    0.09099013
  137    8     6.38033    -2.69088     0.29377      0.00117054    0.99538612    0.00117596    0.09904478
  138    8     7.77277    -1.12911     1.06487      0.00051321    0.82948843    0.00061870    0.09073947
  139    8     4.00473     0.88623     3.81835      0.00005850    0.16589769    0.00035261    0.11632530
  140    8     7.00106    -2.25718    -0.20419      0.00102915    0.99538612    0.00103392    0.09432315
  141    8     4.61961     1.26727    -3.63253      0.00006903    0.16589769    0.00041612    0.11128579
  142    9     4.10570     6.41098     0.54851      0.00113968    0.82948843    0.00137396    0.08942636
  143    9     8.10573     6.24235    -0.21427      0.00105266    1.32718149    0.00079316    0.06811507
  144    9     8.44332     3.17815    -2.70667      0.00166121    1.32718149    0.00125168    0.07465053
  145    9     7.00708     2.44073     3.71413      0.00137622    1.49307918    0.00092173    0.08404470
  146    9     7.60476     3.45823     3.54197      0.00097733    0.82948843    0.00117824    0.07739269
  147    9     7.76863     1.69497     3.13872      0.00078003    0.82948843    0.00094038    0.08206891
  148    9     8.30815     2.27929     2.98794      0.00092722    0.99538612    0.00093151    0.07807903
  149    9     5.69664     2.60430    -3.58099      0.00012649    0.33179537    0.00038124    0.09791584
  150    9     7.86796     3.98537    -3.00839      0.00127548    0.99538612    0.00128139    0.07575940
  151    9     7.47940     6.35629    -1.15402      0.00114385    1.49307918    0.00076610    0.07227078
  152    9     4.24506     6.48650    -0.25079      0.00113153    0.82948843    0.00136413    0.08827347
  153    9     8.16037     4.58124     2.87362      0.00174835    1.32718149    0.00131734    0.07177727
  154    9     8.65855     4.12042     2.61899      0.00109125    0.82948843    0.00131558    0.07123891
  155    9     3.33776     5.84632     0.42589      0.00122579    0.99538612    0.00123147    0.09829801
  156    9     5.28502     6.85925     0.33419      0.00221806    1.82487455    0.00121546    0.08022626
  157    9     6.91043     6.80567     0.05835      0.00135601    1.49307918    0.00090820    0.07177849
  158    9     8.67711     5.49274    -1.05156      0.00153775    1.49307918    0.00102992    0.06846114
  159    9     8.65229     4.43223    -2.18028      0.00185061    1.32718149    0.00139439    0.07063035
  160    9     7.62602     2.61850    -3.20572      0.00161924    1.65897686    0.00097605    0.08020241
  161    9     6.68939     2.21884    -3.44267      0.00058953    0.66359074    0.00088839    0.08857898
  162    9     7.82467     5.84859     2.03034      0.00126634    1.32718149    0.00095416    0.07135007
  163    9     7.98852     6.24621     0.92129      0.00138283    1.65897686    0.00083355    0.06851483
  164    9     8.85944     5.57857     0.25581      0.00074359    0.99538612    0.00074704    0.06870026
  165    9     8.41123     1.78930    -2.39492      0.00053382    0.66359074    0.00080444    0.08096939
  166    9     8.33312     1.04343    -1.91650      0.00015365    0.33179537    0.00046308    0.08506948
  167    9     6.03868     2.38033     3.84974      0.00040328    0.66359074    0.00060772    0.09290884
  168    9     8.20037     3.09107     3.19888      0.00144845    1.16128380    0.00124728    0.07475743
  169    9     8.31129     1.23308     2.41503      0.00041338    0.49769306    0.00083059    0.08360242
  170    9     6.65589     2.82482    -3.55295      0.00033817    0.49769306    0.00067947    0.08813156
  171    9     8.20975     5.37249    -1.92557      0.00139043    1.16128380    0.00119732    0.07042210
  172    9     6.06966     6.88349    -0.40742      0.00095406    0.99538612    0.00095848    0.07684125
  173    9     3.38824     5.83699    -0.47486      0.00072870    0.66359074    0.00109811    0.09907566
  174    9     8.69463     5.30680     1.62767      0.00159217    1.49307918    0.00106636    0.06875523
  175    9     6.80940     6.71106     1.08319      0.00096031    1.16128380    0.00082694    0.07371049
  176    9     7.88286     1.63221    -2.73587      0.00069664    0.66359074    0.00104981    0.08276810
  177   10    -9.69886     2.77465    -0.17786     -0.00755029    1.33174368   -0.00566947    0.21190208
  178   10    -9.71276     1.13108     1.43133     -0.00742331    1.40183545   -0.00529542    0.20913560
  179   10   -10.14450     0.87726    -0.76628     -0.00825370    1.47192722   -0.00560741    0.21253259
  180   10    -8.82522     2.17577    -2.12604     -0.00637052    1.40183545   -0.00454441    0.20726199
  181   10    -7.97287     3.61511    -0.60806     -0.00779317    1.47192722   -0.00529453    0.21694093
  182   10    -8.25850     2.93122     1.58815     -0.00723271    1.47192722   -0.00491377    0.21107504
  183   10   -10.15596     1.80828     0.26492     -0.00812720    1.47192722   -0.00552147    0.21145410
  184   10    -9.84874     2.08632    -1.15184     -0.00897607    1.61211077   -0.00556790    0.21057762
  185   10    -9.01654     3.09761    -1.11824     -0.00808393    1.47192722   -0.00549207    0.21201355
  186   10    -8.89459     3.37020     0.33533     -0.00774719    1.40183545   -0.00552646    0.21348059
  187   10    -9.48199     2.54756     1.08897     -0.00847927    1.54201899   -0.00549881    0.21052101
  188   10   -10.16620     0.83254     0.43476     -0.00569636    1.05137659   -0.00541800    0.21269954
  189   10    -9.53096     1.23392    -1.85443     -0.00606406    1.26165190   -0.00480645    0.20833437
  190   10    -8.06216     3.04203    -1.73196     -0.00686887    1.33174368   -0.00515780    0.21204583
  191   10    -7.90524     3.54276     0.67048     -0.00687759    1.26165190   -0.00545126    0.21689399
  192   10    -8.97634     1.92666     1.92719     -0.00604748    1.33174368   -0.00454102    0.20677244
  193   11    -2.51362     4.95812    -0.13257     -0.00819065    1.75229431   -0.00467424    0.18867284
  194   11    -3.00636     4.28104     1.72719     -0.00399913    1.05137659   -0.00380371    0.18810340
  195   11    -4.16899     4.81958     0.14999     -0.00448989    1.26165190   -0.00355874    0.19452881
  196   11    -3.57540     4.44165    -1.60614     -0.00321580    1.05137659   -0.00305865    0.19042766
  197   11    -2.46755     4.72569     0.94897     -0.00462481    1.12146836   -0.00412389    0.18803494
  198   11    -3.66815     4.74322     1.01799     -0.00509751    1.40183545   -0.00363631    0.19108156
  199   11    -3.79427     4.87570    -0.68187     -0.00513376    1.40183545   -0.00366217    0.19199200
  200   11    -2.65749     4.58135    -1.39478     -0.00600936    1.47192722   -0.00408265    0.18823684
  201   12    -2.58590    -7.77517    -0.09411     -0.00730007    2.03266140   -0.00359139    0.16507606
  202   12    -3.88351    -7.42478    -1.45805     -0.00340032    1.26165190   -0.00269514    0.16105249
  203   12    -4.33739    -7.58225     0.57763     -0.00385896    1.33174368   -0.00289767    0.16215446
  204   12    -2.62575    -6.97969     1.66113     -0.00373133    1.33174368   -0.00280184    0.16341918
  205   12    -1.97507    -6.76899    -1.65348     -0.00412908    1.26165190   -0.00327275    0.16702507
  206   12    -4.01341    -7.78238    -0.44544     -0.00565183    1.75229431   -0.00322539    0.16230803
  207   12    -3.40326    -7.55636     1.13617     -0.00544898    1.75229431   -0.00310963    0.16209009
  208   12    -1.78868    -7.03673     0.91265     -0.00638661    1.75229431   -0.00364471    0.16824980
  209   12    -1.55941    -7.07980    -0.48556     -0.00677016    1.75229431   -0.00386360    0.16960732
  210   12    -2.85912    -7.32828    -1.60461     -0.00563390    1.82238608   -0.00309150    0.16298681
  211   13   -10.26876    -5.06096     0.03126     -0.00716494    1.96256963   -0.00365079    0.16511483
  212   13    -9.25997    -5.46238     1.13884     -0.00393679    1.40183545   -0.00280831    0.16210896
  213   13    -8.96667    -5.82787    -0.96373     -0.00348816    1.19156013   -0.00292739    0.16289429
  214   13    -9.85679    -4.30077    -1.91907     -0.00373357    1.33174368   -0.00280352    0.16424450
  215   13   -10.63672    -2.90082    -0.39364     -0.00397432    1.26165190   -0.00315009    0.17638085
  216   13   -10.22245    -3.62561     1.37226     -0.00406789    1.47192722   -0.00276365    0.16843373
  217   13    -9.18515    -5.88463     0.09658     -0.00510037    1.61211077   -0.00316378    0.16320103
  218   13    -9.60967    -5.23066    -1.44774     -0.00529140    1.68220254   -0.00314552    0.16285761
  219   13   -10.58200    -4.25212    -0.78217     -0.00538595    1.54201899   -0.00349279    0.16749954
  220   13   -10.67546    -3.42071     0.43072     -0.00528546    1.68220254   -0.00314199    0.17160401
  221   13    -9.93330    -4.64400     1.35816     -0.00501377    1.61211077   -0.00311007    0.16392562
  222   13   -10.35348    -3.33216    -1.46698     -0.00371272    1.26165190   -0.00294275    0.17107150
  223   14     1.40367    -4.06980    -3.69234     -0.00276715    1.12146836   -0.00246743    0.15247283
  224   14     1.74125    -2.25982    -4.01305     -0.00274575    0.98128481   -0.00279812    0.15136030
  225   14     0.07746    -2.77809    -4.06135     -0.00271474    1.19156013   -0.00227831    0.15882901
  226   14     1.31488    -5.04988    -2.14366     -0.00230258    1.19156013   -0.00193241    0.15441824
  227   14     2.69121    -4.13052    -2.53975     -0.00181747    0.77100950   -0.00235726    0.14722755
  228   14     1.26844    -3.09775    -4.13292     -0.00265577    1.12146836   -0.00236812    0.15272082
  229   14     0.32293    -3.81610    -3.83978     -0.00278437    1.19156013   -0.00233674    0.15766431
  230   14     0.69547    -4.70186    -3.10297     -0.00384435    1.40183545   -0.00274237    0.15727398
  231   14     1.93552    -4.54275    -2.93110     -0.00240016    1.05137659   -0.00228287    0.15029664
  232   14     2.29950    -3.50780    -3.56987     -0.00345817    1.26165190   -0.00274099    0.14906291
  233   14     0.80175    -2.05080    -4.12246     -0.00184889    0.98128481   -0.00188416    0.15549818
  234   14     2.35726    -4.62052    -1.96150     -0.00165607    0.91119304   -0.00181748    0.14845234
  235   15     1.54215    -4.19110     3.48104     -0.00336542    1.33174368   -0.00252708    0.15174106
  236   15    -0.17541    -3.18445     3.80108     -0.00241766    0.91119304   -0.00265330    0.16006980
  237   15     1.29421    -2.34165     3.98737     -0.00285313    1.19156013   -0.00239445    0.15270631
  238   15     2.37677    -4.66597     1.86885     -0.00204763    1.19156013   -0.00171844    0.14842297
  239   15     0.66470    -3.57991     3.91707     -0.00267512    1.12146836   -0.00238538    0.15510756
  240   15     1.89088    -3.27394     3.77250     -0.00340641    1.26165190   -0.00269996    0.15018217
  241   15     2.40769    -4.25480     2.77875     -0.00327703    1.19156013   -0.00275020    0.14831537
  242   15     1.19673    -4.96605     2.63310     -0.00325258    1.33174368   -0.00244234    0.15418129
  243   15     0.39750    -4.53324     3.24861     -0.00306833    1.33174368   -0.00230400    0.15808090
  244   15     0.39853    -2.51173     4.01057     -0.00170194    0.91119304   -0.00186781    0.15669107
  245   15     1.32222    -5.16440     1.78951     -0.00220615    1.05137659   -0.00209835    0.15428071
  246   16     0.34870     3.09588     3.81871     -0.00165797    0.91119304   -0.00181956    0.14642244
  247   16     1.81804     2.53645     4.02908     -0.00166578    0.84110127   -0.00198048    0.13533711
  248   16     0.72240     1.34709     4.08316     -0.00131508    0.91119304   -0.00144325    0.14624425
  249   16     0.97071     4.32067     2.55849     -0.00116765    0.70091772   -0.00166588    0.13941528
  250   16     0.98453     2.49073     4.15076     -0.00166355    0.98128481   -0.00169528    0.14140961
  251   16    -0.00017     1.93747     3.94669     -0.00181275    1.19156013   -0.00152132    0.15154376
  252   16    -0.27997     3.14917     3.43564     -0.00191110    0.84110127   -0.00227214    0.15400403
  253   16     0.16649     3.97448     2.89004     -0.00210854    1.12146836   -0.00188016    0.14837646
  254   16     1.13112     3.62118     3.59485     -0.00237411    1.19156013   -0.00199244    0.13911115
  255   16     1.58403     1.63834     4.12224     -0.00112805    0.84110127   -0.00134116    0.13867076
  256   16     0.52515     4.38469     1.98933     -0.00109200    0.77100950   -0.00141633    0.14441717
  257   17     0.73341     3.60592    -3.50324     -0.00207644    1.12146836   -0.00185154    0.14419206
  258   17     0.22261     1.79345    -3.86892     -0.00172946    0.91119304   -0.00189802    0.15211699
  259   17     1.88870     2.13026    -3.95531     -0.00164854    1.05137659   -0.00156799    0.13712072
  260   17     0.65709     4.48923    -1.83536     -0.00181102    1.19156013   -0.00151988    0.14405158
  261   17     0.87020     2.48603    -4.02206     -0.00160798    0.98128481   -0.00163864    0.14417863
  262   17     1.60613     3.19829    -3.75859     -0.00219371    1.12146836   -0.00195610    0.13751177
  263   17     1.03620     4.25645    -2.77067     -0.00182782    0.98128481   -0.00186268    0.14050823
  264   17     0.03718     3.92187    -2.81880     -0.00225451    0.98128481   -0.00229751    0.15233121
  265   17     0.00138     2.96051    -3.60462     -0.00173407    1.05137659   -0.00164934    0.15245396
  266   17     1.13634     1.49646    -3.99637     -0.00093474    0.77100950   -0.00121236    0.14448172
  267   18     6.05233    -1.70094    -3.51317     -0.00166455    1.19156013   -0.00139695    0.11213161
  268   18     6.42663    -0.18755    -3.66478     -0.00088217    0.98128481   -0.00089899    0.10534342
  269   18     4.52119    -0.50279    -3.95516     -0.00135447    1.19156013   -0.00113672    0.12064735
  270   18     5.71235    -2.85465    -1.83451     -0.00110643    1.33174368   -0.00083082    0.11368552
  271   18     7.36294    -1.23333    -2.34978     -0.00099228    1.19156013   -0.00083276    0.10047365
  272   18     5.67303    -0.72081    -3.97110     -0.00138017    1.12146836   -0.00123068    0.11233704
  273   18     4.96409    -1.56623    -3.77480     -0.00187073    1.26165190   -0.00148276    0.12040825
  274   18     5.41731    -2.51438    -2.92690     -0.00193295    1.33174368   -0.00145144    0.11830785
  275   18     6.50736    -2.20588    -2.68363     -0.00141445    1.19156013   -0.00118705    0.10854814
  276   18     6.96878    -0.87498    -3.19105     -0.00174321    1.61211077   -0.00108132    0.10379749
  277   18     5.35767     0.20369    -3.93442     -0.00074266    0.91119304   -0.00081504    0.11143479
  278   18     6.86317    -2.22209    -1.84429     -0.00068381    1.12146836   -0.00060975    0.10371400
  279   19     6.03658    -1.75494     3.65758     -0.00168848    1.19156013   -0.00141703    0.11113655
  280   19     4.29861    -1.09914     3.99924     -0.00124221    0.84110127   -0.00147689    0.12292578
  281   19     5.50992    -0.03463     4.12149     -0.00082790    1.05137659   -0.00078745    0.10955609
  282   19     7.15001    -0.85828     3.06053     -0.00113447    1.19156013   -0.00095209    0.10092412
  283   19     6.58699    -2.45889     2.02963     -0.00085790    1.19156013   -0.00071998    0.10547258
  284   19     5.27051    -1.14139     4.12087     -0.00132535    1.05137659   -0.00126058    0.11492071
  285   19     6.40855    -0.57863     3.82747     -0.00167914    1.54201899   -0.00108892    0.10564001
  286   19     6.68506    -1.93294     2.98867     -0.00127409    1.05137659   -0.00121183    0.10618622
  287   19     5.54010    -2.68647     2.82821     -0.00181971    1.40183545   -0.00129809    0.11591158
  288   19     5.01317    -2.09891     3.63254     -0.00177229    1.19156013   -0.00148737    0.11987233
  289   19     4.56739    -0.26210     4.13321     -0.00081790    0.91119304   -0.00089762    0.11745191
  290   19     7.23482    -1.60893     2.29593     -0.00061347    0.98128481   -0.00062517    0.10052410
  291   19     5.65365    -2.91285     1.89360     -0.00065076    0.91119304   -0.00071419    0.11329016
  292   20     4.91964     5.71225    -3.44017     -0.00150725    1.12146836   -0.00134399    0.10117826
  293   20     4.08221     6.25976    -1.83941     -0.00084745    1.33174368   -0.00063634    0.10038457
  294   20     5.03681     3.86287    -3.89140     -0.00152845    1.33174368   -0.00114771    0.10434025
  295   20     6.83917     4.96259    -3.49519     -0.00081052    1.26165190   -0.00064243    0.08775295
  296   20     6.23883     6.49959    -2.35855     -0.00106671    1.26165190   -0.00084548    0.08744351
  297   20     3.99451     5.73284    -2.79951     -0.00182259    1.33174368   -0.00136858    0.10641115
  298   20     4.48595     4.82542    -3.68566     -0.00183316    1.26165190   -0.00145299    0.10682256
  299   20     5.72326     4.91589    -3.89519     -0.00155497    1.26165190   -0.00123249    0.09741740
  300   20     6.03843     5.88976    -3.32753     -0.00150248    1.19156013   -0.00126093    0.09275866
  301   20     5.01694     6.43602    -2.62481     -0.00151480    1.26165190   -0.00120065    0.09665407
  302   20     6.19050     3.98574    -3.87003     -0.00058559    1.05137659   -0.00055697    0.09422755
  303   20     6.95474     5.84126    -2.80161     -0.00048328    0.98128481   -0.00049250    0.08434584
  304   20     5.38332     6.73995    -1.77173     -0.00054389    1.05137659   -0.00051731    0.09003176
  305   21    10.45864     2.53115     0.17333     -0.00160288    1.12146836   -0.00142927    0.08393070
  306   21     9.66191     1.02054     0.28802     -0.00116394    1.19156013   -0.00097682    0.08743571
  307   21     9.64553     2.24166     1.92269     -0.00092428    1.19156013   -0.00077569    0.08273389
  308   21     9.93800     4.11298     1.05400     -0.00085526    1.12146836   -0.00076263    0.07781463
  309   21     9.90428     3.83719    -1.04919     -0.00087974    1.19156013   -0.00073831    0.07835668
  310   21     9.65053     1.91186    -1.40348     -0.00090776    1.12146836   -0.00080944    0.08406291
  311   21    10.12409     1.82298     0.93548     -0.00142965    1.12146836   -0.00127480    0.08524438
  312   21    10.25608     3.00090     1.19172     -0.00159869    1.26165190   -0.00126714    0.08193526
  313   21    10.35192     3.62012     0.07865     -0.00161551    1.26165190   -0.00128047    0.08061254
  314   21    10.25897     2.78345    -0.83348     -0.00139596    1.12146836   -0.00124476    0.08251697
  315   21    10.12312     1.69395    -0.36026     -0.00142520    1.12146836   -0.00127083    0.08571089
  316   21     9.43208     1.28842     1.45322     -0.00082929    1.05137659   -0.00078877    0.08614217
  317   21     9.66201     3.36444     1.93546     -0.00050204    1.05137659   -0.00047751    0.07881044
  318   21     9.85381     4.47402    -0.00188     -0.00069413    1.05137659   -0.00066021    0.07678011
  319   21     9.66001     2.91901    -1.64897     -0.00047691    0.98128481   -0.00048600    0.08025813
  320   21     9.42169     1.16560    -0.93738     -0.00054847    0.84110127   -0.00065208    0.08667073
  321   22     4.99321     5.54600     3.87222     -0.00154989    1.12146836   -0.00138202    0.10000479
  322   22     3.69955     5.83938     2.46071     -0.00119187    1.12146836   -0.00106278    0.10531245
  323   22     5.40482     6.65516     2.36552     -0.00085125    1.12146836   -0.00075905    0.09044396
  324   22     6.80990     5.49710     3.48191     -0.00080071    1.26165190   -0.00063465    0.08567360
  325   22     5.78643     3.99740     4.25896     -0.00101046    1.19156013   -0.00084801    0.09639062
  326   22     4.01152     5.29697     3.51587     -0.00184592    1.26165190   -0.00146310    0.10731201
  327   22     4.58090     6.24105     2.97875     -0.00130768    1.12146836   -0.00116604    0.09912530
  328   22     5.74614     6.15904     3.36697     -0.00157367    1.26165190   -0.00124731    0.09256522
  329   22     5.88172     5.15615     4.08562     -0.00136211    1.12146836   -0.00121458    0.09438693
  330   22     4.61842     4.50174     4.12693     -0.00177334    1.33174368   -0.00133159    0.10508799
  331   22     4.36801     6.44510     2.00643     -0.00033065    0.91119304   -0.00036288    0.09628062
  332   22     6.43532     6.35340     2.68069     -0.00061269    1.05137659   -0.00058275    0.08518679
  333   22     6.65450     4.49811     3.97622     -0.00046415    0.98128481   -0.00047300    0.08834899
  334   22     4.93325     3.54633     4.12541     -0.00093124    0.98128481   -0.00094901    0.10405128
  335    1    -5.76400    -0.55844     3.28806     -0.00029388    0.17801031   -0.00165094    0.16087146
  336    2    -5.35100    -0.44768     3.31699     -0.00036209    0.17801031   -0.00203409    0.16237862
  337    5    -5.78930    -0.99768     3.30669     -0.00030751    0.17801031   -0.00172750    0.15845769
  338    1    -5.68945    -0.50349    -3.49067     -0.00029785    0.17801031   -0.00167321    0.16087534
  339    2    -5.27594    -0.39234    -3.50871     -0.00039467    0.17801031   -0.00221711    0.16240267
  340    5    -5.71426    -0.94237    -3.51697     -0.00028606    0.17801031   -0.00160697    0.15845086
  341    1    -6.72640     2.90613    -1.90553     -0.00070365    0.08046954   -0.00874433    0.20858893
  342    2    -6.31865     3.03487    -1.90695     -0.00069585    0.08046954   -0.00864742    0.20321114
  343   10    -7.00620     2.96823    -1.77452     -0.00058652    0.08046954   -0.00728874    0.21324320
  344    1    -6.76635     2.87624     1.73660     -0.00068675    0.08046954   -0.00853429    0.20855213
  345    2    -6.35875     3.00486     1.74907     -0.00066621    0.08046954   -0.00827906    0.20320662
  346   10    -7.04321     2.94053     1.60052     -0.00058727    0.08046954   -0.00729808    0.21318536
  347    2    -5.97926     2.75230     2.25699     -0.00175692    0.68052113   -0.00258172    0.18989802
  348    2    -5.50261     1.02107     3.16696     -0.00214361    1.36034226   -0.00157579    0.16946887
  349    1    -6.37872     1.90739     2.58862     -0.00363940    1.36411217   -0.00266796    0.18623184
  350    1    -5.88840     0.13663     3.31003     -0.00051193    0.64985553   -0.00078777    0.16215537
  351    2    -5.22809     0.36596    -3.57546     -0.00071012    0.68064810   -0.00104330    0.16284816
  352    2    -5.74415     2.15828    -2.81718     -0.00359493    1.36061038   -0.00264215    0.18294671
  353    1    -6.01384     0.89079    -3.27415     -0.00217198    1.36440254   -0.00159189    0.16963320
  354    1    -6.50058     2.57193    -2.36060     -0.00192989    0.64997680   -0.00296917    0.19599610
  355    1    -9.34704    -0.23741     1.55453     -0.00067282    0.07591325   -0.00886307    0.20225025
  356    5    -9.38847    -0.67479     1.55560     -0.00064217    0.07591325   -0.00845926    0.19480930
  357   10    -9.45127     0.03276     1.43044     -0.00063784    0.07591325   -0.00840227    0.20857933
  358    1    -9.31017    -0.20995    -1.83074     -0.00067452    0.07591325   -0.00888547    0.20246981
  359    5    -9.35149    -0.64724    -1.83981     -0.00064132    0.07591325   -0.00844808    0.19480610
  360   10    -9.41712     0.05820    -1.70458     -0.00062496    0.07591325   -0.00823255    0.20858490
  361    5    -6.53454    -1.20208     3.36332     -0.00040175    0.72249088   -0.00055606    0.15442156
  362    5    -8.42622    -1.06411     2.52620     -0.00348046    1.44712672   -0.00240509    0.17394998
  363    1    -7.22282    -0.52346     3.03260     -0.00220316    1.45110808   -0.00151826    0.16513717
  364    1    -8.98824    -0.39277     2.03320     -0.00249267    0.68985300   -0.00361333    0.19041475
  365    5    -9.03996    -0.97838    -2.36606     -0.00189791    0.72262345   -0.00262642    0.18058012
  366    5    -7.21501    -1.09566    -3.34354     -0.00184992    1.44740944   -0.00127809    0.16026950
  367    1    -8.28131    -0.39932    -2.73073     -0.00413581    1.45141384   -0.00284951    0.18130220
  368    1    -6.40676    -0.52179    -3.50854     -0.00038292    0.68997961   -0.00055497    0.15850481
  369   10    -9.40884     0.52524     1.61465     -0.00161779    0.27836440   -0.00581176    0.20940224
  370   10    -8.71374     1.36228     2.09874     -0.00366278    0.60855250   -0.00601884    0.20874316
  371   10    -7.79575     2.46373     1.93312     -0.00400079    0.60855250   -0.00657427    0.21339909
  372    1    -8.92083     0.50539     2.01919     -0.00347031    0.60051780   -0.00577886    0.20396575
  373    1    -7.93216     1.69418     2.34863     -0.00335275    0.60051780   -0.00558310    0.20123562
  374    1    -7.14822     2.63351     1.95124     -0.00171967    0.32549959   -0.00528316    0.20689765
  375   10    -7.48239     2.82077    -1.94162     -0.00153862    0.27840570   -0.00552655    0.21311593
  376   10    -8.19731     1.96031    -2.35033     -0.00383357    0.60865948   -0.00629839    0.20954780
  377   10    -9.10626     0.87019    -2.08703     -0.00377592    0.60865948   -0.00620367    0.21104803
  378    1    -7.38988     2.32213    -2.32248     -0.00347352    0.60059479   -0.00578346    0.20645925
  379    1    -8.39104     1.11889    -2.54554     -0.00346486    0.60059479   -0.00576906    0.20059269
  380    1    -9.15605     0.20268    -2.06532     -0.00162812    0.32554788   -0.00500116    0.20302107
  381    2    -3.51902    -1.12176     3.33452     -0.00047512    0.17929848   -0.00264987    0.16216546
  382    3    -3.27827    -1.47346     3.31044     -0.00037472    0.17929848   -0.00208994    0.16066974
  383    4    -3.55321    -1.82003     3.32729     -0.00032296    0.17929848   -0.00180125    0.15807664
  384    2    -3.43559    -1.06851    -3.49476     -0.00040786    0.17929848   -0.00227473    0.16213083
  385    3    -3.19544    -1.42059    -3.47029     -0.00038071    0.17929848   -0.00212335    0.16090827
  386    4    -3.46982    -1.76680    -3.49926     -0.00037816    0.17929848   -0.00210913    0.15843538
  387    2    -2.09399    -0.25939    -3.39997     -0.00045511    0.16364838   -0.00278104    0.16506376
  388    3    -1.86295    -0.61760    -3.38806     -0.00042564    0.16364838   -0.00260093    0.16479754
  389    6    -1.38885    -0.63974    -3.39081     -0.00050540    0.16364838   -0.00308836    0.16526569
  390    2    -2.16288    -0.30303     3.28116     -0.00044093    0.16364838   -0.00269440    0.16498441
  391    3    -1.93160    -0.66109     3.26935     -0.00042215    0.16364838   -0.00257963    0.16469261
  392    6    -1.45766    -0.68333     3.28158     -0.00050515    0.16364838   -0.00308681    0.16487927
  393    3    -2.54841    -0.90923     3.33732     -0.00080254    0.60688998   -0.00132238    0.16231435
  394    2    -3.08511    -0.53676     3.42395     -0.00095691    0.63552550   -0.00150570    0.16228603
  395    3    -2.67557    -0.99590    -3.48635     -0.00082116    0.59896346   -0.00137096    0.16198449
  396    2    -2.80814    -0.35496    -3.55269     -0.00080189    0.62722634   -0.00127848    0.16272430
  397    2    -4.60479    -1.18121     3.29434     -0.00088842    0.28874887   -0.00307680    0.16241750
  398    4    -4.64038    -1.87977     3.31953     -0.00048001    0.28874887   -0.00166239    0.15577515
  399    5    -5.04286    -1.73209     3.31556     -0.00048290    0.28874887   -0.00167239    0.15610950
  400    2    -4.52802    -1.12809    -3.48103     -0.00088851    0.28874887   -0.00307711    0.16242774
  401    4    -4.56291    -1.82616    -3.51798     -0.00045152    0.28874887   -0.00156370    0.15582727
  402    5    -4.96540    -1.67849    -3.52081     -0.00048996    0.28874887   -0.00169682    0.15598636
  403    4    -3.98935    -1.95354     3.43997     -0.00055756    0.63764775   -0.00087441    0.15441949
  404    2    -4.09446    -0.95021     3.44514     -0.00081958    0.63764775   -0.00128531    0.16059594
  405    4    -4.06063    -1.89075    -3.62468     -0.00056506    0.64281815   -0.00087904    0.15432549
  406    2    -3.85687    -0.90255    -3.61600     -0.00094263    0.64281815   -0.00146641    0.16073646
  407    5    -5.45082    -1.46557     3.42517     -0.00049635    0.60820167   -0.00081609    0.15452723
  408    2    -4.93997    -0.59024     3.43911     -0.00077334    0.60820167   -0.00127151    0.16078649
  409    5    -5.48644    -1.31803    -3.63715     -0.00048863    0.61070355   -0.00080010    0.15470450
  410    2    -4.74668    -0.62516    -3.62210     -0.00081549    0.61070355   -0.00133533    0.16082712
  411    2    -1.59036     0.42223     3.19256     -0.00152037    0.61675078   -0.00246514    0.16628581
  412    6    -0.88226     0.04058     3.24659     -0.00155115    0.61675078   -0.00251504    0.16450584
  413   16    -0.63659     0.72612     3.33476     -0.00152917    0.61675078   -0.00247940    0.16258557
  414    2    -1.46055     0.58365    -3.24832     -0.00159999    0.61654017   -0.00259512    0.16676306
  415    6    -0.75045     0.20444    -3.29236     -0.00152750    0.61654017   -0.00247754    0.16472363
  416   17    -0.50356     0.89387    -3.33583     -0.00155025    0.61654017   -0.00251444    0.16303349
  417    6    -1.11528    -0.43388     3.40311     -0.00050852    0.43062872   -0.00118088    0.16206773
  418    2    -2.16403     0.02793     3.40385     -0.00032401    0.43062872   -0.00075240    0.16240491
  419    6    -1.05985    -0.41804    -3.50033     -0.00069910    0.56676435   -0.00123349    0.16232207
  420    2    -2.00902     0.22867    -3.49216     -0.00065060    0.56676435   -0.00114792    0.16300169
  421   10    -7.18916     3.19214     1.26072     -0.00430463    0.63129790   -0.00681869    0.21855222
  422   10    -7.13117     3.51462    -0.08357     -0.01034231    1.29037260   -0.00801498    0.22955716
  423   10    -7.15961     3.21426    -1.43393     -0.00428341    0.63129790   -0.00678509    0.21857726
  424    2    -6.14544     3.54431     0.88799     -0.00809527    1.73399161   -0.00466857    0.21196538
  425    2    -6.12437     3.56008    -1.03266     -0.00778933    1.73399161   -0.00449214    0.21202761
  426    2    -2.29979     3.24180     2.34855     -0.00125882    0.30479478   -0.00413005    0.18197989
  427   11    -2.23049     3.45960     2.16531     -0.00148494    0.30479478   -0.00487195    0.18465151
  428   16    -1.30266     3.27214     2.47741     -0.00102904    0.30479478   -0.00337618    0.16932252
  429    2    -2.21368     3.27679    -2.39559     -0.00112289    0.30272066   -0.00370933    0.18249764
  430   11    -2.15099     3.49330    -2.20855     -0.00151757    0.30272066   -0.00501310    0.18506158
  431   17    -1.21305     3.32475    -2.47168     -0.00108710    0.30272066   -0.00359109    0.17010427
  432   11    -2.82646     3.75485    -2.18328     -0.00138630    0.23606877   -0.00587242    0.18799785
  433   11    -3.80508     4.11013    -1.79065     -0.00207356    0.52680360   -0.00393612    0.19457345
  434   11    -4.59418     4.38753    -0.73643     -0.00286951    0.52680360   -0.00544702    0.20295951
  435   11    -4.61861     4.37996     0.60907     -0.00278424    0.52680360   -0.00528517    0.20303230
  436   11    -3.86824     4.09057     1.68806     -0.00267830    0.52680360   -0.00508406    0.19472933
  437   11    -2.90444     3.73070     2.11193     -0.00121684    0.23606877   -0.00515459    0.18796924
  438    2    -3.38214     3.62044    -2.30505     -0.00232745    0.51103343   -0.00455439    0.18836951
  439    2    -4.57258     4.04847    -1.48998     -0.00253708    0.51103343   -0.00496461    0.19829716
  440    2    -5.05303     4.20782    -0.07278     -0.00295055    0.51103343   -0.00577370    0.20712821
  441    2    -4.62431     4.03245     1.35905     -0.00263315    0.51103343   -0.00515260    0.19855460
  442    2    -3.46416     3.59505     2.21193     -0.00237397    0.51103343   -0.00464543    0.18842300
  443   16    -0.86313     3.09342     3.03532     -0.00147076    0.84086997   -0.00174909    0.16088248
  444   16    -0.69960     1.86816     3.49136     -0.00377340    1.69357245   -0.00222807    0.16105077
  445    2    -2.26818     2.41805     3.05452     -0.00409386    2.37898217   -0.00172085    0.16858026
  446    2    -2.02984     0.98496     3.45955     -0.00116335    1.20572249   -0.00096486    0.16192493
  447   17    -0.45809     1.54321    -3.55792     -0.00131818    0.80145777   -0.00164472    0.15892802
  448   17    -0.68692     2.73293    -3.20357     -0.00382982    1.61286336   -0.00237454    0.16258062
  449    2    -1.99466     1.66187    -3.38157     -0.00339379    2.26935344   -0.00149549    0.16492540
  450    2    -2.21490     2.99422    -2.86762     -0.00182017    1.14908474   -0.00158402    0.17128552
  451    3    -1.88896    -2.35910    -3.39571     -0.00075919    0.31661407   -0.00239783    0.16263606
  452    4    -2.15431    -2.71490    -3.41398     -0.00064517    0.31661407   -0.00203772    0.15998010
  453   14    -1.18987    -2.57579    -3.46882     -0.00111273    0.31661407   -0.00351445    0.16539610
  454    3    -1.93571    -2.44493     3.23870     -0.00078478    0.31852905   -0.00246376    0.16266773
  455    4    -2.20117    -2.80113     3.24591     -0.00070668    0.31852905   -0.00221857    0.16009980
  456   15    -1.24165    -2.67594     3.31472     -0.00104467    0.31852905   -0.00327967    0.16547362
  457    4    -3.00596    -2.56344     3.39898     -0.00065397    0.63042797   -0.00103735    0.15449850
  458    3    -2.80636    -1.92013     3.33712     -0.00072495    0.60191775   -0.00120441    0.15877308
  459    4    -3.11726    -2.35681    -3.58475     -0.00059798    0.60447805   -0.00098925    0.15440696
  460    3    -2.55870    -1.99409    -3.48660     -0.00073465    0.57713791   -0.00127292    0.15914066
  461    3    -1.48348    -2.04195    -3.44868     -0.00030466    0.08054601   -0.00378247    0.16421116
  462    6    -1.01966    -2.07960    -3.53931     -0.00030329    0.08054601   -0.00376545    0.16517057
  463   14    -0.80359    -2.27124    -3.60815     -0.00035644    0.08054601   -0.00442535    0.16585129
  464    3    -1.56144    -2.23361     3.28999     -0.00027833    0.08074806   -0.00344695    0.16380841
  465    6    -1.09979    -2.27664     3.38899     -0.00035640    0.08074806   -0.00441374    0.16542367
  466   15    -0.88553    -2.47241     3.45167     -0.00036190    0.08074806   -0.00448179    0.16586544
  467    6    -1.17393    -1.38732     3.41086     -0.00143239    0.77326301   -0.00185240    0.16356126
  468    3    -1.86353    -1.61460     3.32415     -0.00121813    0.73795293   -0.00165069    0.16277300
  469    6    -1.11187    -1.51261    -3.54134     -0.00131446    0.68513166   -0.00191855    0.16392959
  470    3    -1.77504    -1.24194    -3.45970     -0.00103939    0.65383302   -0.00158968    0.16319104
  471   14    -0.73317    -2.45929    -3.70493     -0.00031981    0.11858983   -0.00269674    0.16368835
  472    3    -1.73440    -2.10454    -3.52785     -0.00003105    0.15289039   -0.00020309    0.16059643
  473   15    -0.79729    -2.59760     3.55304     -0.00009982    0.04005713   -0.00249182    0.16367257
  474    3    -1.80421    -2.26608     3.36708      0.00004724    0.05164378    0.00091476    0.16030197
  475    5    -5.32473    -2.38749    -3.70931     -0.00004958    0.63863096   -0.00007764    0.14536999
  476    5    -5.98422    -4.17674    -3.40755      0.00031645    1.30352083    0.00024276    0.13698607
  477    5    -6.61040    -5.84694    -1.87483     -0.00237712    1.30352083   -0.00182361    0.15349704
  478    5    -6.77370    -6.23845     0.43837     -0.00373239    1.30352083   -0.00286332    0.16250291
  479    5    -6.40153    -5.17724     2.50386     -0.00068371    1.30352083   -0.00052451    0.14277354
  480    5    -5.65931    -3.13503     3.40350      0.00021543    1.30352083    0.00016526    0.14061025
  481    4    -5.00588    -3.29036    -3.63984      0.00023582    1.30352083    0.00018091    0.14036171
  482    4    -5.76793    -5.34629    -2.78937     -0.00063115    1.30352083   -0.00048419    0.14236338
  483    4    -6.18661    -6.43968    -0.74974     -0.00383190    1.30352083   -0.00293966    0.16233781
  484    4    -6.07584    -6.08452     1.57243     -0.00238841    1.30352083   -0.00183228    0.15335135
  485    4    -5.48484    -4.43867     3.14494      0.00032899    1.30352083    0.00025239    0.13684559
  486    4    -4.83268    -2.65449     3.48957     -0.00002610    0.63863096   -0.00004087    0.14513793
  487    4    -1.47332    -5.47667    -2.12818     -0.00082966    0.25304834   -0.00327865    0.16747075
  488   12    -1.50754    -5.70311    -1.94694     -0.00092059    0.25304834   -0.00363800    0.16993472
  489   14    -0.61477    -5.03344    -2.24229     -0.00098009    0.25304834   -0.00387313    0.16498397
  490    4    -1.54888    -5.52631     1.96339     -0.00079285    0.25704322   -0.00308450    0.16763732
  491   12    -1.57507    -5.75029     1.77756     -0.00115309    0.25704322   -0.00448599    0.16993093
  492   15    -0.68875    -5.10293     2.09139     -0.00094175    0.25704322   -0.00366377    0.16520978
  493   12    -2.13460    -6.24889     1.86367     -0.00116397    0.23666872   -0.00491812    0.16761946
  494   12    -3.17143    -6.63764     1.96408     -0.00190011    0.52766731   -0.00360096    0.16335512
  495   12    -4.30709    -7.06168     1.38170     -0.00216447    0.52766731   -0.00410196    0.16322024
  496   12    -4.87720    -7.27223     0.18198     -0.00222026    0.52766731   -0.00420768    0.16654839
  497   12    -4.64646    -7.18240    -1.13990     -0.00226871    0.52766731   -0.00429951    0.16491951
  498   12    -3.71011    -6.82925    -2.03835     -0.00195443    0.52766731   -0.00370391    0.16220115
  499   12    -2.45461    -6.35856    -2.14253     -0.00212054    0.52766731   -0.00401871    0.16692589
  500    4    -2.59878    -6.08086     2.17811     -0.00175967    0.51284124   -0.00343122    0.16330706
  501    4    -3.99699    -6.60430     1.99683     -0.00168649    0.51284124   -0.00328852    0.15811213
  502    4    -5.00413    -6.97898     0.94463     -0.00187376    0.51284124   -0.00365369    0.16281434
  503    4    -5.20451    -7.05025    -0.54420     -0.00220960    0.51284124   -0.00430854    0.16513686
  504    4    -4.51542    -6.78871    -1.85515     -0.00169854    0.51284124   -0.00331202    0.15948967
  505    4    -3.22128    -6.30229    -2.44713     -0.00167714    0.51284124   -0.00327029    0.15927499
  506    4    -2.08493    -5.87688    -2.29862     -0.00080984    0.28687118   -0.00282301    0.16452182
  507   14    -0.19838    -4.71172    -2.84014     -0.00231614    0.88620580   -0.00261355    0.16237161
  508   14    -0.62086    -3.53378    -3.50228     -0.00560624    1.78995173   -0.00313206    0.16564310
  509    4    -1.72074    -4.72948    -2.96429     -0.00403639    2.49027965   -0.00162086    0.15873191
  510    4    -2.17385    -3.30855    -3.59199     -0.00102212    1.26532681   -0.00080779    0.15398447
  511   15    -0.82591    -3.13657     3.51327     -0.00191627    0.86552546   -0.00221400    0.16291026
  512   15    -0.44931    -4.36593     2.97791     -0.00557013    1.74767754   -0.00318716    0.16564047
  513    4    -2.07508    -3.94158     3.21102     -0.00334930    2.43109926   -0.00137769    0.15614838
  514    4    -1.61261    -5.27492     2.47545     -0.00168651    1.23493248   -0.00136567    0.15959085
  515   10    -9.66793     0.16730    -1.38866     -0.00410929    0.59427960   -0.00691474    0.21234701
  516   10    -9.93407     0.07136    -0.14230     -0.00929458    1.20851660   -0.00769090    0.22083419
  517   10    -9.69515     0.14701     1.11094     -0.00398591    0.59427960   -0.00670713    0.21231143
  518    5    -9.79360    -0.94241    -1.04083     -0.00661660    1.63841247   -0.00403842    0.19930362
  519    5    -9.81302    -0.95688     0.74250     -0.00666914    1.63841247   -0.00407049    0.19931732
  520   13   -10.17798    -2.58086    -1.35497     -0.00089534    0.22739539   -0.00393737    0.17879709
  521   13    -9.77411    -3.30739    -2.03044     -0.00201964    0.50278816   -0.00401688    0.17151353
  522   13    -9.16126    -4.43132    -2.24409     -0.00189707    0.50278816   -0.00377310    0.16405092
  523   13    -8.61390    -5.45551    -1.66454     -0.00207143    0.50278816   -0.00411988    0.16419601
  524   13    -8.34110    -5.98875    -0.51316     -0.00216647    0.50278816   -0.00430890    0.16721022
  525   13    -8.44706    -5.82737     0.77026     -0.00217547    0.50278816   -0.00432681    0.16583877
  526   13    -8.89131    -5.03301     1.69550     -0.00187699    0.50278816   -0.00373317    0.16326395
  527   13    -9.50416    -3.90908     1.90916     -0.00187344    0.50278816   -0.00372610    0.16658689
  528   13   -10.05152    -2.88489     1.32961     -0.00195465    0.50278816   -0.00388763    0.17692531
  529   13   -10.32432    -2.35165     0.17823     -0.00235615    0.50278816   -0.00468617    0.18638508
  530   13   -10.29330    -2.38052    -0.89202     -0.00097901    0.22739539   -0.00430534    0.18318119
  531    5    -9.83109    -2.53526    -1.81043     -0.00196004    0.49668451   -0.00394625    0.17711529
  532    5    -9.20944    -3.66335    -2.48018     -0.00162639    0.49668451   -0.00327450    0.16322601
  533    5    -8.52715    -4.92660    -2.26501     -0.00163305    0.49668451   -0.00328791    0.15905015
  534    5    -8.04483    -5.84248    -1.24710     -0.00184039    0.49668451   -0.00370535    0.16345867
  535    5    -7.94672    -6.06116     0.18474     -0.00205353    0.49668451   -0.00413448    0.16563593
  536    5    -8.27028    -5.49912     1.48359     -0.00167465    0.49668451   -0.00337165    0.16060968
  537    5    -8.89193    -4.37102     2.15334     -0.00160366    0.49668451   -0.00322872    0.15976916
  538    5    -9.57422    -3.10778     1.93817     -0.00162439    0.49668451   -0.00327048    0.16884026
  539    5   -10.05653    -2.19189     0.92026     -0.00210587    0.49668451   -0.00423985    0.18488460
  540    5   -10.15465    -1.97321    -0.51158     -0.00240100    0.49668451   -0.00483405    0.19056418
  541    6     1.17269    -0.79811    -3.64931     -0.00024381    0.08569904   -0.00284494    0.15267089
  542    7     1.38910    -0.37914    -3.59131     -0.00022856    0.08569904   -0.00266699    0.14891384
  543   14     1.23071    -1.08279    -3.71077     -0.00028298    0.08569904   -0.00330201    0.15443427
  544    6     1.08413    -1.00886     3.62380     -0.00027385    0.08577461   -0.00319263    0.15279076
  545    7     1.30160    -0.58738     3.59545     -0.00019307    0.08577461   -0.00225088    0.14839571
  546   15     1.14102    -1.29665     3.67005     -0.00031573    0.08577461   -0.00368095    0.15399188
  547    6     0.64358    -0.27979     3.59749     -0.00020924    0.09080260   -0.00230433    0.15234625
  548    7     0.86029     0.13916     3.65492     -0.00013468    0.09080260   -0.00148321    0.14924016
  549   16     0.79011     0.42306     3.71559     -0.00025364    0.09080260   -0.00279331    0.15014948
  550    6     0.77487    -0.09403    -3.59625     -0.00021362    0.09077315   -0.00235339    0.15237467
  551    7     0.99313     0.32713    -3.62405     -0.00018136    0.09077315   -0.00199792    0.14984982
  552   17     0.92502     0.61388    -3.67253     -0.00018276    0.09077315   -0.00201337    0.15031664
  553    7     1.08286    -0.10803     3.67727     -0.00023466    0.31509891   -0.00074473    0.14717427
  554    6     0.86680    -0.76298     3.65545     -0.00038565    0.31509891   -0.00122389    0.15133946
  555    7     1.28845     0.04376    -3.65202     -0.00017641    0.28669633   -0.00061532    0.14666491
  556    6     0.88426    -0.51315    -3.67396     -0.00042359    0.28669633   -0.00147748    0.15215977
  557    6     3.82338    -3.34077    -0.99716     -0.00036796    0.22746718   -0.00161762    0.13361110
  558    8     4.56248    -3.04225    -0.99220     -0.00010023    0.22746718   -0.00044062    0.12336453
  559   18     4.65868    -2.97931    -1.26951     -0.00024759    0.22746718   -0.00108845    0.12362446
  560    6     3.77726    -3.36918     1.02477     -0.00041714    0.22580715   -0.00184732    0.13415146
  561    8     4.51578    -3.07185     1.06393     -0.00008368    0.22580715   -0.00037058    0.12344193
  562   19     4.60347    -3.01637     1.34555     -0.00025346    0.22580715   -0.00112248    0.12375376
  563    8     4.52135    -3.20142     0.21562     -0.00038207    1.72807218   -0.00022110    0.12169282
  564    6     3.52371    -3.72589    -0.17947     -0.00187750    1.72807218   -0.00108647    0.13615081
  565    6     0.20002    -5.26553    -1.15257     -0.00074114    0.27190162   -0.00272578    0.16367457
  566   12    -0.67027    -5.70757    -1.04988     -0.00132088    0.27190162   -0.00485793    0.16990301
  567   14     0.28916    -5.18799    -1.42736     -0.00074716    0.27190162   -0.00274791    0.16381194
  568    6     0.21549    -5.32566     0.85763     -0.00076122    0.28068074   -0.00271204    0.16363877
  569   12    -0.65621    -5.76435     0.75077     -0.00125721    0.28068074   -0.00447915    0.17021315
  570   15     0.29470    -5.26704     1.14035     -0.00088782    0.28068074   -0.00316309    0.16379625
  571   12    -0.97704    -6.29002    -0.64228     -0.00275741    0.77403837   -0.00356237    0.17145277
  572   12    -0.96573    -6.31801     0.31299     -0.00274091    0.77403837   -0.00354105    0.17155543
  573    6     0.24007    -5.52224    -0.15608     -0.00339305    2.18518930   -0.00155275    0.16061301
  574    6     3.37725    -3.58315    -1.33492     -0.00069436    0.29603507   -0.00234554    0.14151608
  575   14     3.27274    -3.62676    -1.61297     -0.00074184    0.29603507   -0.00250591    0.14342807
  576   18     4.14863    -3.08200    -1.56969     -0.00029856    0.29603507   -0.00100854    0.12947191
  577   14     2.75417    -4.23291    -1.57225     -0.00087260    0.29817206   -0.00292650    0.14786728
  578   14     1.58963    -4.90932    -1.51898     -0.00205682    0.69858814   -0.00294426    0.15654177
  579    6     2.36563    -4.51092    -1.11743     -0.00168496    0.61929642   -0.00272077    0.15025575
  580    6     1.02710    -5.14388    -1.14633     -0.00077550    0.36142068   -0.00214570    0.15678139
  581   14    -0.23662    -2.12547    -3.83367     -0.00103032    0.34303868   -0.00300351    0.16351153
  582   14     0.80395    -1.51291    -3.88636     -0.00093144    0.34303868   -0.00271527    0.15809162
  583    6     0.11175    -1.51345    -3.70075     -0.00260941    0.68646613   -0.00380123    0.16502668
  584    6     3.35974    -3.62694     1.22510     -0.00070995    0.29779241   -0.00238404    0.14133619
  585   15     3.24749    -3.68891     1.49664     -0.00072359    0.29779241   -0.00242986    0.14330817
  586   19     4.11901    -3.13297     1.52221     -0.00033972    0.29779241   -0.00114079    0.12955859
  587   15     0.71152    -1.73556     3.81010     -0.00100300    0.34210692   -0.00293183    0.15782215
  588   15    -0.32466    -2.34125     3.69799     -0.00103310    0.34210692   -0.00301982    0.16327505
  589    6     0.02506    -1.72350     3.60891     -0.00264503    0.68512792   -0.00386064    0.16477954
  590   15     1.09839    -5.17056     1.28103     -0.00070157    0.29704850   -0.00236182    0.15744849
  591   15     2.31142    -4.59513     1.31844     -0.00207217    0.69509686   -0.00298112    0.15241671
  592    6     1.56449    -4.97867     0.85772     -0.00164638    0.61758491   -0.00266584    0.15489072
  593    6     2.83653    -4.24223     0.99036     -0.00095106    0.36005879   -0.00264140    0.14547628
  594   16     0.16507     0.76555     3.67886     -0.00162829    0.76398656   -0.00213130    0.15535816
  595    6     0.06954    -0.33125     3.60009     -0.00134242    1.07745227   -0.00124592    0.15539237
  596   17     0.51301     0.89027    -3.68344     -0.00151980    0.75423688   -0.00201501    0.15377169
  597    6     0.01541    -0.08994    -3.58830     -0.00132402    1.06374236   -0.00124468    0.15699967
  598   18     4.75521    -3.03735    -1.49608     -0.00005503    0.15472190   -0.00035570    0.12217971
  599    6     3.56270    -3.69972    -1.15899      0.00007991    0.22044107    0.00036249    0.13558013
  600   19     4.70269    -3.08227     1.54622     -0.00000294    0.05535318   -0.00005319    0.12195047
  601    6     3.53953    -3.73369     1.08532      0.00004689    0.07890214    0.00059434    0.13567566
  602    7     2.63931     1.05239     3.70932     -0.00010349    0.09548805   -0.00108382    0.13057913
  603    8     3.11508     0.99826     3.67364     -0.00003086    0.09548805   -0.00032322    0.12480373
  604   16     2.44788     1.27444     3.76663     -0.00017299    0.09548805   -0.00181160    0.13315958
  605    7     2.76848     1.23627    -3.56781     -0.00011390    0.09572688   -0.00118982    0.13076752
  606    8     3.24274     1.17998    -3.51812     -0.00003175    0.09572688   -0.00033170    0.12481240
  607   17     2.57947     1.46154    -3.62049     -0.00019389    0.09572688   -0.00202548    0.13317126
  608    7     3.11965     0.48101    -3.52914     -0.00001693    0.09499152   -0.00017821    0.12805444
  609    8     3.59529     0.42580    -3.56488     -0.00008093    0.09499152   -0.00085196    0.12491087
  610   18     3.78716     0.20328    -3.61729     -0.00014418    0.09499152   -0.00151777    0.12495169
  611    7     3.00125     0.37861     3.65512     -0.00003281    0.09513048   -0.00034492    0.12787214
  612    8     3.47548     0.32219     3.70488     -0.00007604    0.09513048   -0.00079931    0.12450493
  613   19     3.66533     0.09793     3.75715     -0.00011039    0.09513048   -0.00116039    0.12452790
  614    8     3.40363     0.69142     3.74070     -0.00004257    0.25460916   -0.00016721    0.12273007
  615    7     2.71001     0.68138     3.72804     -0.00012772    0.25460916   -0.00050165    0.12976908
  616    8     3.51789     0.73977    -3.59037     -0.00006414    0.30111391   -0.00021300    0.12342196
  617    7     2.84626     0.92236    -3.59897     -0.00013020    0.30111391   -0.00043238    0.12960279
  618    7     1.76092     4.57749     1.23017     -0.00008603    0.22642770   -0.00037994    0.12710974
  619    9     2.51253     4.86920     1.22610      0.00009110    0.22642770    0.00040234    0.11533153
  620   16     1.65832     4.50660     1.50342     -0.00033263    0.22642770   -0.00146902    0.13033105
  621    7     1.78615     4.63459    -0.94285     -0.00005693    0.22850189   -0.00024915    0.12701355
  622    9     2.53709     4.92610    -0.90823      0.00006158    0.22850189    0.00026949    0.11531104
  623   17     1.69489     4.57881    -1.22360     -0.00033521    0.22850189   -0.00146700    0.13041622
  624    9     2.81648     5.28136    -0.02139      0.00077298    1.86805956    0.00041379    0.10798008
  625    7     1.78841     4.74667     0.34209     -0.00007883    1.86805956   -0.00004220    0.12372046
  626    7    -0.15184     4.21834     0.91226     -0.00046398    0.29476057   -0.00157410    0.15560554
  627   11    -1.08294     4.22217     0.81330     -0.00123415    0.29476057   -0.00418697    0.17441046
  628   16    -0.16970     4.17815     1.21098     -0.00047363    0.29476057   -0.00160682    0.15626968
  629    7    -0.10704     4.26723    -0.72497     -0.00037627    0.29492429   -0.00127582    0.15546985
  630   11    -1.04247     4.26839    -0.68208     -0.00144383    0.29492429   -0.00489560    0.17460766
  631   17    -0.11551     4.24357    -1.02590     -0.00051208    0.29492429   -0.00173631    0.15662760
  632   11    -1.53444     4.50549     0.18670     -0.00531232    1.13242401   -0.00469111    0.18460547
  633    7    -0.14773     4.43113    -0.02147     -0.00098825    1.60861833   -0.00061435    0.15252631
  634    7     2.53993    -0.49189    -3.42474     -0.00069851    0.56624217   -0.00123360    0.13968058
  635   14     2.31515    -1.18975    -3.48640     -0.00129946    0.56624217   -0.00229489    0.14621099
  636   18     3.23698    -0.71703    -3.45163     -0.00069163    0.56624217   -0.00122144    0.13403360
  637   14     1.50694    -1.31399    -3.76582     -0.00126567    0.48853164   -0.00259076    0.15292026
  638    7     1.92513    -0.30763    -3.63166     -0.00043366    0.68949570   -0.00062895    0.14234807
  639    7     2.40603    -0.66959     3.47168     -0.00068585    0.56610744   -0.00121151    0.13969817
  640   15     2.18564    -1.37135     3.48570     -0.00127601    0.56610744   -0.00225400    0.14634133
  641   19     3.10404    -0.88813     3.51661     -0.00074634    0.56610744   -0.00131837    0.13417053
  642   15     1.52314    -1.55950     3.70699     -0.00114301    0.45119439   -0.00253329    0.15210493
  643    7     1.68865    -0.47562     3.67647     -0.00036637    0.63686211   -0.00057528    0.14298088
  644   16     1.11829     0.81626     3.89185     -0.00050200    0.25575265   -0.00196284    0.14615889
  645   16     1.92556     1.22813     3.91675     -0.00036304    0.25575265   -0.00141951    0.13781718
  646    7     1.69842     0.68464     3.76571     -0.00097384    0.55224109   -0.00176343    0.14216879
  647   16     0.84925     4.41419     1.55815     -0.00058313    0.36285816   -0.00160704    0.14152077
  648    7     0.72430     4.42943     1.09488     -0.00051280    0.43982808   -0.00116592    0.14132544
  649   17     0.66747     4.44902    -1.26357     -0.00052258    0.35291185   -0.00148076    0.14479550
  650    7     0.95436     4.51816    -0.88823     -0.00042565    0.42777194   -0.00099504    0.13868172
  651   17     2.06350     1.42444    -3.79108     -0.00042628    0.25494069   -0.00167207    0.13811289
  652   17     1.25827     1.01484    -3.81623     -0.00041037    0.25494069   -0.00160968    0.14619716
  653    7     1.83229     0.87486    -3.67645     -0.00101693    0.55086747   -0.00184606    0.14239504
  654   18     3.77209    -0.27259    -3.66520     -0.00047874    0.45993572   -0.00104088    0.12692372
  655    7     2.79802     0.22120    -3.61315     -0.00010418    0.64928712   -0.00016045    0.13154892
  656   19     3.68523    -0.28198     3.80143     -0.00056163    0.51585611   -0.00108872    0.12585359
  657    7     2.62169    -0.04742     3.69022     -0.00017107    0.72812738   -0.00023494    0.13248706
  658    8     7.78068     0.01186    -1.81744     -0.00000283    0.09230305   -0.00003070    0.09204290
  659    9     7.97807     0.44554    -1.78752      0.00003939    0.09230305    0.00042679    0.08877892
  660   18     7.64251    -0.15719    -2.02089     -0.00001556    0.09230305   -0.00016860    0.09432054
  661    8     5.43353     1.35312    -3.52173      0.00001786    0.09230305    0.00019344    0.10440911
  662    9     5.66190     1.76910    -3.46932      0.00003812    0.09230305    0.00041302    0.10014717
  663   18     5.49959     1.06737    -3.57690     -0.00005330    0.09230305   -0.00057749    0.10639307
  664    8     5.31686     1.24795     3.74833     -0.00002418    0.09206766   -0.00026261    0.10433894
  665    9     5.54658     1.66516     3.71526      0.00002256    0.09206766    0.00024503    0.09975267
  666   19     5.38063     0.96059     3.79737     -0.00006245    0.09206766   -0.00067828    0.10603087
  667    8     7.71423    -0.04266     2.08884      0.00003722    0.09206766    0.00040431    0.09176856
  668    9     7.91229     0.39160     2.07769      0.00006401    0.09206766    0.00069524    0.08882643
  669   19     7.56938    -0.21772     2.28230     -0.00001566    0.09206766   -0.00017009    0.09443589
  670    8     4.99506     2.10306    -3.47511      0.00000749    0.08394100    0.00008927    0.10507338
  671    9     5.22450     2.52025    -3.50929     -0.00002827    0.08394100   -0.00033684    0.10290899
  672   20     5.18126     2.81002    -3.56060     -0.00003717    0.08394100   -0.00044277    0.10359267
  673    8     8.10680     0.25468     1.64849      0.00005669    0.08711474    0.00065076    0.08838020
  674    9     8.37042     0.65152     1.67888      0.00010528    0.08711474    0.00120849    0.08633016
  675   21     8.60428     0.78253     1.55202     -0.00000521    0.08711474   -0.00005983    0.08720768
  676    8     8.15863     0.29600    -1.35388      0.00001490    0.08711474    0.00017106    0.08850702
  677    9     8.42295     0.69340    -1.36422      0.00006121    0.08711474    0.00070259    0.08665813
  678   21     8.65223     0.82077    -1.22581     -0.00004393    0.08711474   -0.00050432    0.08751315
  679    8     4.86056     2.01039     3.70678     -0.00001220    0.08348558   -0.00014619    0.10505691
  680    9     5.08835     2.42645     3.76038     -0.00001228    0.08348558   -0.00014714    0.10261493
  681   22     5.04419     2.71490     3.81767     -0.00006300    0.08348558   -0.00075460    0.10364390
  682    9     5.31031     2.16453     3.78819      0.00015535    0.34198270    0.00045428    0.10000827
  683    8     5.08348     1.50807     3.77552      0.00019276    0.34198270    0.00056366    0.10385069
  684    9     8.21376     0.59798     1.92794      0.00010602    0.17843743    0.00059414    0.08677550
  685    8     7.90904    -0.01398     1.85914      0.00010891    0.17843743    0.00061034    0.08984394
  686    9     8.29976     0.63181    -1.56528      0.00010691    0.17959867    0.00059529    0.08661821
  687    8     7.94274     0.04887    -1.63493      0.00008314    0.17959867    0.00046292    0.09005097
  688    9     5.54066     2.20770    -3.53564      0.00023619    0.32862579    0.00071873    0.09907617
  689    8     5.10811     1.66537    -3.55035      0.00013965    0.32862579    0.00042496    0.10492042
  690    8     3.75032     2.12371     3.54246     -0.00013261    0.57090164   -0.00023229    0.11611592
  691   16     3.04888     2.33337     3.57027     -0.00061866    0.57090164   -0.00108366    0.12414573
  692   22     3.99775     2.82062     3.58881     -0.00024640    0.57090164   -0.00043160    0.11270208
  693   16     2.43382     1.67759     3.82401     -0.00085337    0.56669813   -0.00150586    0.13236313
  694    8     3.50569     1.46555     3.73408     -0.00001705    0.79977294   -0.00002132    0.11895048
  695    8     3.85424     2.22580    -3.33925     -0.00013083    0.57040269   -0.00022937    0.11647212
  696   17     3.15663     2.44502    -3.38019     -0.00056969    0.57040269   -0.00099876    0.12455052
  697   20     4.10435     2.92261    -3.35980     -0.00032115    0.57040269   -0.00056302    0.11314365
  698   17     2.60997     1.98240    -3.64338     -0.00077976    0.51572818   -0.00151196    0.13193985
  699    8     3.57745     1.47569    -3.57532      0.00001616    0.72796224    0.00002220    0.11989222
  700   18     7.56654    -0.67953    -2.01604     -0.00015189    0.24023061   -0.00063225    0.09720357
  701   18     7.27531    -1.61101    -1.50947     -0.00058565    0.53130893   -0.00110228    0.10039033
  702   18     6.35427    -2.53156    -1.23199     -0.00041482    0.53130893   -0.00078076    0.10656232
  703   18     5.32967    -2.91518    -1.34216     -0.00015056    0.24023061   -0.00062675    0.11607274
  704    8     7.62582    -0.86441    -1.45870     -0.00035806    0.52509585   -0.00068190    0.09576449
  705    8     6.95852    -2.07404    -0.90275     -0.00014128    0.52509585   -0.00026906    0.09915847
  706    8     5.66977    -2.81940    -0.86942     -0.00026133    0.52509585   -0.00049768    0.11049957
  707   18     4.31778     0.25152    -3.76977     -0.00025935    0.26442960   -0.00098080    0.11993945
  708   18     5.15499     0.67234    -3.74997     -0.00024534    0.26442960   -0.00092779    0.11171776
  709    8     4.56280     0.80103    -3.62728     -0.00064138    0.56665989   -0.00113186    0.11626264
  710   19     5.03006     0.56125     3.94787     -0.00027321    0.26476093   -0.00103192    0.11135602
  711   19     4.19108     0.14130     3.92829     -0.00025328    0.26476093   -0.00095665    0.11979825
  712    8     4.44186     0.69431     3.80963     -0.00067109    0.56720043   -0.00118317    0.11607509
  713   19     5.27239    -2.95678     1.44693     -0.00018999    0.24103970   -0.00078820    0.11620376
  714   19     6.30425    -2.57257     1.37988     -0.00040107    0.53347314   -0.00075181    0.10655721
  715   19     7.21956    -1.65948     1.71458     -0.00055598    0.53347314   -0.00104220    0.10034036
  716   19     7.49412    -0.74040     2.25934     -0.00019736    0.24103970   -0.00081879    0.09725435
  717    8     5.62882    -2.84854     0.98797     -0.00022514    0.52651407   -0.00042761    0.11059905
  718    8     6.92125    -2.10596     1.08400     -0.00012024    0.52651407   -0.00022837    0.09918168
  719    8     7.57193    -0.91012     1.69849     -0.00033150    0.52651407   -0.00062962    0.09578379
  720   20     4.92083     3.05118    -3.61512     -0.00032701    0.48216987   -0.00067820    0.10600624
  721    8     4.46732     2.04698    -3.53541      0.00021280    0.68035271    0.00031277    0.10943083
  722   21     8.85827     0.72444     1.17041     -0.00049810    0.69356333   -0.00071818    0.08835495
  723   21     8.92383     0.68152    -0.27924     -0.00187814    1.41910587   -0.00132346    0.09118942
  724    8     8.23087    -0.17271     0.65432      0.00030039    1.90076305    0.00015804    0.08869109
  725    8     8.22178    -0.09191    -0.99120      0.00051511    0.97819505    0.00052660    0.08799757
  726   22     4.66601     2.99240     3.85126     -0.00030426    0.46311602   -0.00065698    0.10696711
  727    8     4.46339     1.90952     3.76904      0.00020061    0.65348607    0.00030699    0.10811813
  728    9     2.94211     5.11601     1.46593     -0.00006235    0.30134147   -0.00020691    0.11088545
  729   16     2.15671     4.60587     1.70966     -0.00001386    0.30134147   -0.00004600    0.12220017
  730   22     3.05754     5.16876     1.73855     -0.00012234    0.30134147   -0.00040597    0.11055041
  731   16     1.55247     4.56473     1.71381     -0.00004508    0.07091189   -0.00063574    0.13048993
  732    9     2.75658     5.23346     1.32218      0.00015419    0.10125531    0.00152282    0.10974367
  733    9     3.00151     5.17883    -1.20517     -0.00008536    0.29992317   -0.00028460    0.11063747
  734   17     2.22370     4.68373    -1.48400     -0.00008489    0.29992317   -0.00028304    0.12237802
  735   20     3.12477     5.23668    -1.47332     -0.00005775    0.29992317   -0.00019257    0.11038648
  736   17     1.60192     4.64641    -1.44755     -0.00008380    0.14352471   -0.00058389    0.13055911
  737    9     2.80633     5.29271    -1.04262      0.00023224    0.20482412    0.00113385    0.10950073
  738   18     5.89493     0.78747    -3.58517     -0.00059691    0.72931981   -0.00081844    0.10531817
  739   18     7.06740     0.16538    -2.83403     -0.00212358    1.49779765   -0.00141780    0.10190912
  740    9     6.75076     1.55667    -3.18462      0.00040669    1.99346055    0.00020401    0.09228799
  741    9     7.97049     0.81536    -2.20628      0.00058617    1.02867204    0.00056983    0.08685878
  742   19     7.35776    -0.17201     2.71452     -0.00050820    0.72771924   -0.00069834    0.09712658
  743   19     6.26710     0.45815     3.56817     -0.00210701    1.49422327   -0.00141010    0.10516514
  744    9     7.44612     1.02800     2.90437      0.00046084    1.98934024    0.00023165    0.08883856
  745    9     6.10145     1.71211     3.74389      0.00058346    1.02640694    0.00056845    0.09415020
  746   20     3.59453     5.80875    -1.39756     -0.00017301    0.24198074   -0.00071499    0.10418125
  747   20     4.48517     6.44002    -1.19580     -0.00037729    0.53662217   -0.00070308    0.09487850
  748   20     5.79472     6.68447    -1.37020     -0.00040351    0.53662217   -0.00075195    0.08668478
  749   20     6.90040     6.22257    -1.97787     -0.00042167    0.53662217   -0.00078578    0.08249647
  750   20     7.35615     5.24067    -2.77365     -0.00034540    0.53662217   -0.00064366    0.08238794
  751   20     6.97812     4.13486    -3.43652     -0.00042921    0.53662217   -0.00079984    0.08759438
  752   20     5.91882     3.35125    -3.69908     -0.00060102    0.53662217   -0.00112000    0.09816069
  753    9     3.82992     6.02357    -0.89856     -0.00001844    0.52752178   -0.00003496    0.09832768
  754    9     5.18314     6.67026    -0.80727      0.00002377    0.52752178    0.00004506    0.08640974
  755    9     6.60743     6.54203    -1.26846     -0.00011601    0.52752178   -0.00021992    0.08003237
  756    9     7.52822     5.69060    -2.09609     -0.00002586    0.52752178   -0.00004902    0.07735638
  757    9     7.57406     4.45945    -2.95628     -0.00005895    0.52752178   -0.00011174    0.07981736
  758    9     6.72645     3.34524    -3.50201     -0.00015768    0.52752178   -0.00029890    0.08907896
  759    9     5.64465     2.78888    -3.60212     -0.00010990    0.29330999   -0.00037470    0.09896373
  760   21     8.96717     1.21460    -1.39305     -0.00014241    0.24463831   -0.00058213    0.08645413
  761   21     9.12182     2.22521    -1.86187     -0.00049577    0.54446007   -0.00091057    0.08346253
  762   21     9.31483     3.56335    -1.71234     -0.00041342    0.54446007   -0.00075933    0.07859361
  763   21     9.44224     4.53497    -0.76898     -0.00046958    0.54446007   -0.00086247    0.07654620
  764   21     9.45111     4.73635     0.57624     -0.00047575    0.54446007   -0.00087380    0.07616257
  765   21     9.33775     4.08379     1.76433     -0.00042443    0.54446007   -0.00077955    0.07713836
  766   21     9.14927     2.84847     2.30161     -0.00043770    0.54446007   -0.00080392    0.08071779
  767   21     8.96398     1.54368     1.96483     -0.00058552    0.54446007   -0.00107542    0.08625735
  768    9     8.68284     1.51185    -1.82305     -0.00030039    0.53146301   -0.00056521    0.08529392
  769    9     8.90222     2.98064    -2.15199     -0.00006399    0.53146301   -0.00012041    0.07829337
  770    9     9.09147     4.34489    -1.50648     -0.00002955    0.53146301   -0.00005559    0.07423841
  771    9     9.17197     5.03772    -0.15475     -0.00012495    0.53146301   -0.00023510    0.07330387
  772    9     9.11025     4.77123     1.34153     -0.00007121    0.53146301   -0.00013398    0.07327603
  773    9     8.93197     3.65617     2.36061     -0.00001311    0.53146301   -0.00002466    0.07564676
  774    9     8.71120     2.15586     2.47904     -0.00016816    0.53146301   -0.00031640    0.08154205
  775    9     8.55846     1.05303     1.94095     -0.00005688    0.29653129   -0.00019183    0.08608983
  776   22     5.38104     3.08128     3.99190     -0.00020713    0.24292475   -0.00085264    0.10089009
  777   22     6.37728     3.57940     3.95706     -0.00050494    0.53918828   -0.00093648    0.09233429
  778   22     7.15446     4.59085     3.51986     -0.00036664    0.53918828   -0.00067999    0.08420637
  779   22     7.13664     5.71462     2.77488     -0.00042028    0.53918828   -0.00077946    0.08190507
  780   22     6.33108     6.49372     2.02506     -0.00044410    0.53918828   -0.00082365    0.08425261
  781   22     5.06536     6.61134     1.57531     -0.00040569    0.53918828   -0.00075241    0.09030837
  782   22     3.85418     6.01964     1.60852     -0.00046789    0.53918828   -0.00086776    0.10117296
  783    9     5.92736     2.88261     3.87398     -0.00029157    0.52913995   -0.00055102    0.09551467
  784    9     7.12693     3.76712     3.64460     -0.00012555    0.52913995   -0.00023726    0.08364913
  785    9     7.57493     5.02682     2.94716      0.00000817    0.52913995    0.00001543    0.07778697
  786    9     7.08917     6.14944     2.06528     -0.00010463    0.52913995   -0.00019774    0.07827967
  787    9     5.86719     6.67846     1.35758     -0.00003266    0.52913995   -0.00006172    0.08274891
  788    9     4.40591     6.39877     1.11184     -0.00005797    0.52913995   -0.00010955    0.09192412
  789    9     3.41570     5.69759     1.28212      0.00009797    0.29445424    0.00033271    0.10256152
  790   16    -0.34581     4.23294     1.69140     -0.00112037    1.03163077   -0.00108602    0.15547595
  791   16    -0.76591     3.73117     2.52316     -0.00138377    1.03163077   -0.00134134    0.15960443
  792   11    -1.85529     4.12642     1.53808     -0.00738699    2.06502403   -0.00357719    0.18366330
  793   17    -0.67345     3.80385    -2.46319     -0.00150553    1.10070387   -0.00136779    0.16049125
  794   17    -0.27677     4.31355    -1.53366     -0.00124913    1.10070387   -0.00113485    0.15609856
  795   11    -1.79293     4.17053    -1.49736     -0.00836253    2.20520109   -0.00379219    0.18497289
  796   14     0.19443    -5.25123    -1.97648     -0.00212661    1.38360517   -0.00153701    0.15987327
  797   12    -1.22851    -6.06827    -1.63862     -0.00286930    1.38360517   -0.00207378    0.16675005
  798   15     0.04461    -5.28125     1.94120     -0.00302589    1.59963198   -0.00189161    0.16101730
  799   12    -1.14815    -6.16907     1.20326     -0.00368244    1.59963198   -0.00230206    0.16813777
  800   18     4.63162    -3.06313    -2.00512     -0.00036492    0.85938359   -0.00042463    0.12335089
  801   18     4.40720    -2.55215    -2.98967     -0.00167905    1.71794983   -0.00097736    0.12672471
  802   18     3.87215    -1.46022    -3.64055     -0.00159882    1.71794983   -0.00093065    0.12907277
  803   14     3.24416    -3.56484    -2.44607     -0.00277630    1.71794983   -0.00161605    0.14178645
  804   14     2.85487    -2.72924    -3.47196     -0.00296553    1.71794983   -0.00172620    0.14333399
  805   14     2.36719    -1.75529    -3.77917     -0.00094788    0.85938359   -0.00110298    0.14405844
  806   19     3.54159    -1.26466     3.79272     -0.00035823    0.86749447   -0.00041294    0.12847072
  807   19     4.05636    -2.22129     3.44694     -0.00170878    1.73417671   -0.00098536    0.12779535
  808   19     4.49730    -2.99209     2.37925     -0.00152775    1.73417671   -0.00088096    0.12528511
  809   15     2.43246    -2.32760     3.64625     -0.00290029    1.73417671   -0.00167243    0.14485337
  810   15     3.00949    -3.38037     2.94824     -0.00315550    1.73417671   -0.00181959    0.14237774
  811   15     3.27843    -3.82764     1.93467     -0.00107947    0.86749447   -0.00124436    0.13976766
  812   22     3.01709     5.29404     2.17347      0.00011700    0.85579451    0.00013672    0.10987711
  813   22     3.24766     4.80577     3.13485     -0.00086791    1.71039136   -0.00050743    0.11257617
  814   22     3.77465     3.75280     3.78561     -0.00094781    1.71039136   -0.00055415    0.11196498
  815   16     1.73899     4.43449     2.52589     -0.00135242    1.71039136   -0.00079071    0.12922308
  816   16     2.12942     3.63298     3.53342     -0.00165959    1.71039136   -0.00097030    0.12819312
  817   16     2.60642     2.69096     3.85101     -0.00037393    0.85579451   -0.00043694    0.12536744
  818   20     4.07782     3.49649    -3.63445     -0.00012365    0.85343179   -0.00014488    0.11057013
  819   20     3.59820     4.43528    -3.30631     -0.00101596    1.70572473   -0.00059562    0.11285690
  820   20     3.18449     5.21567    -2.28916     -0.00067664    1.70572473   -0.00039669    0.11189558
  821   17     2.53896     3.18101    -3.56390     -0.00148832    1.70572473   -0.00087254    0.12767394
  822   17     2.00061     4.22294    -2.90111     -0.00166304    1.70572473   -0.00097498    0.12923021
  823   17     1.74592     4.68973    -1.93348     -0.00037623    0.85343179   -0.00044084    0.12806139
