-0.025 0.000
-0.024 0.000
-0.023 0.000
-0.022 0.000
-0.021 0.000
-0.020 0.000
-0.019 0.000
-0.018 0.000
-0.017 0.000
-0.016 0.000
-0.015 0.600
-0.014 2.244
-0.013 2.082
-0.012 3.689
-0.011 5.093
-0.010 5.622
-0.009 10.598
-0.008 13.918
-0.007 10.742
-0.006 12.609
-0.005 14.979
-0.004 20.951
-0.003 12.540
-0.002 11.853
-0.001 9.069
0.000 8.467
0.001 7.377
0.002 5.352
0.003 0.549
0.004 0.000
0.005 0.000
0.006 0.000
0.007 0.000
0.008 0.000
0.009 0.000
0.010 0.000
0.011 0.000
0.012 0.000
0.013 0.000
0.014 0.000
0.015 0.000
0.016 0.000
0.017 0.000
0.018 0.364
0.019 10.656
0.020 0.006
0.021 0.000
0.022 0.000
0.023 0.000
0.024 0.000
0.025 0.000
