COSMO Results from DMol3

Note: COSMO for ideal conductor limit (fepsi= 1.0000)
  Basic Grid Size                  =   1082
  Number of Segments on an Atom    =     92
  Number of Segments on Hydrogen   =     32
  Solvent Radius    [au]           =   2.46
  A - Matrix Cutoff [au]           =  13.23
  factor for Outlying Charge corr  =   0.85
  maximum segment or cutoff radius =   1.46
  total number of segments         =    871
  number of charge corr segments   =    363




$coordinates xyz [au]                         and cosmo atom analysis:   radius   charge    area  charge density  (srad)
C            -3.26113037716186    5.22984275135254   -1.10044933568279   3.7795  -0.0506    48.30    -0.00105    6.2361
C            -2.46920168022033    6.58646623654515    1.02150589421540   3.7795  -0.0573    49.42    -0.00116    6.2361
C            -1.29364605291061    5.30224688217683    3.00608061430272   3.7795  -0.0497    48.12    -0.00103    6.2361
C            -0.94487480911312    2.71144459700783    2.83012009087196   3.7795  -0.0778    44.91    -0.00173    6.2361
C            -2.87224653484958    2.64150319128469   -1.18909290166154   3.7795  -0.0769    44.86    -0.00171    6.2361
N            -1.73302127401754    1.41562522496166    0.75829143569889   3.4582  -0.0073     3.38    -0.00217    5.9148
C            -1.23761813372796   -1.36188621922542    0.56897549775714   3.7795  -0.0301    19.43    -0.00155    6.2361
C             1.36551259428940   -1.93699512374516   -0.55306437448597   3.7795  -0.0154    22.69    -0.00068    6.2361
C             1.80293408613721   -4.79606019329483   -0.79846661280927   3.7795   0.0049    26.02     0.00019    6.2361
C             4.41015056644298   -5.41934696428289   -1.88635359140703   3.7795   0.0397    58.92     0.00067    6.2361
H            -4.18983236955688    6.15728214969331   -2.69066704503544   2.4566  -0.0677    23.51    -0.00288    4.9133
H            -2.76675225833755    8.62522564640142    1.12765549751196   2.4566  -0.0652    23.13    -0.00282    4.9133
H            -0.65365456785023    6.28440663016423    4.70119709644281   2.4566  -0.0675    23.50    -0.00287    4.9133
H            -0.05027439674026    1.59300118160594    4.30795716707131   2.4566  -0.0819    22.98    -0.00356    4.9133
H            -3.44954986304498    1.47028552667093   -2.77970531810992   2.4566  -0.0833    23.23    -0.00359    4.9133
H            -2.76018327175034   -2.16262110604984   -0.59035962378472   2.4566  -0.0625    23.32    -0.00268    4.9133
H            -1.43371724170565   -2.13933660371579    2.48264666751342   2.4566  -0.0627    24.06    -0.00261    4.9133
H             2.84158661459564   -1.09087563888847    0.65029728584953   2.4566  -0.0351    23.24    -0.00151    4.9133
H             1.53089049079348   -1.03065053404727   -2.42248527699321   2.4566  -0.0348    23.87    -0.00146    4.9133
H             0.31976517791180   -5.61841440114538   -2.01017795432874   2.4566  -0.0267    25.11    -0.00106    4.9133
H             1.58695350030054   -5.69363112663480    1.07020757953749   2.4566  -0.0267    25.11    -0.00106    4.9133
H             4.66267504080192   -4.59590497338300   -3.77860768618597   2.4566  -0.0213    24.89    -0.00085    4.9133
H             4.66072976617748   -7.47379070413413   -2.05510760646561   2.4566  -0.0228    24.15    -0.00095    4.9133
H             5.93450499353653   -4.69781642931753   -0.67039749982244   2.4566  -0.0209    24.87    -0.00084    4.9133
$end


$cosmo_energy               [Hartree atomic units]       [eV]     [kcal/mol]
  Total energy                 =       -406.076402
  Total energy + OC corr.      =       -406.072725
  Dielectric energy            =         -0.082895      -2.256      -52.02
  Diel. energy + OC corr.      =         -0.079218      -2.156      -49.71

  Surface area of cavity [au]  =           701.031
  Total Volume of cavity [au]  =          1319.705


$screening_charge
  cosmo           =   -1.02815
  corrected total =   -0.99963


$segment information
    n  atom        position (X, Y, Z) [au]            charge       area [au]   charge/area    potential [au]

    1    1     0.41794     5.23836    -1.96577      0.00009928    0.33179537    0.00029923    0.14453079
    2    1    -1.35362     7.87850    -3.00581     -0.00024338    1.16128380   -0.00020958    0.14067947
    3    1    -1.89871     5.22067    -4.62580     -0.00055875    0.99538612   -0.00056134    0.14861362
    4    1    -7.01884     5.54586    -0.84765     -0.00041039    1.32718149   -0.00030922    0.13805364
    5    1    -6.88671     6.07778    -1.74879     -0.00094637    1.16128380   -0.00081494    0.14381891
    6    1    -6.05251     4.30259    -3.47375     -0.00022154    0.33179537   -0.00066770    0.16156340
    7    1    -2.82844     5.11357    -4.85325     -0.00076959    0.99538612   -0.00077316    0.15708263
    8    1    -2.04028     7.80303    -3.58492     -0.00089788    0.99538612   -0.00090204    0.14492225
    9    1    -4.88865     8.56942    -1.79523     -0.00087909    0.49769306   -0.00176633    0.15852540
   10    1    -2.51877     8.46481    -2.90828     -0.00072083    0.66359074   -0.00108625    0.14942672
   11    1    -1.18983     7.03906    -3.69291     -0.00040010    1.16128380   -0.00034453    0.13890631
   12    1    -1.33742     5.86352    -4.29140     -0.00029320    0.82948843   -0.00035347    0.14211922
   13    1    -6.48304     4.41736    -2.90137     -0.00078218    0.66359074   -0.00117871    0.15434495
   14    1    -6.94077     4.61092    -1.70150     -0.00026899    1.49307918   -0.00018016    0.14356552
   15    1    -6.63087     6.84160    -0.52486     -0.00021842    1.32718149   -0.00016458    0.13972350
   16    1    -5.87077     7.95613    -1.30389     -0.00055097    0.66359074   -0.00083028    0.15024076
   17    1    -0.39606     7.00466    -2.81095     -0.00014413    1.32718149   -0.00010860    0.13708396
   18    1     0.23294     5.97024    -2.33646      0.00024528    0.82948843    0.00029570    0.13931049
   19    1     0.07765     5.33509    -2.86845      0.00004468    0.66359074    0.00006733    0.14119638
   20    1    -0.71493     5.33316    -3.89161      0.00013149    1.16128380    0.00011323    0.14199140
   21    1    -6.87104     4.45853    -0.28945     -0.00013590    1.82487455   -0.00007447    0.13952100
   22    1    -6.75156     5.79076     0.23613     -0.00019990    1.49307918   -0.00013388    0.13666853
   23    1    -6.79752     5.05245    -2.42204     -0.00051418    0.82948843   -0.00061988    0.14837256
   24    1    -1.85418     6.53846    -4.35504     -0.00085046    1.16128380   -0.00073235    0.14437483
   25    1    -3.20425     8.70069    -2.59522      0.00020442    0.33179537    0.00061609    0.15507225
   26    1    -6.47761     7.20168    -1.32475     -0.00092386    0.99538612   -0.00092814    0.14509107
   27    1    -6.33752     4.48135     0.96345      0.00051009    1.65897686    0.00030747    0.14103193
   28    1    -0.36066     6.14256    -3.34514     -0.00026168    1.32718149   -0.00019717    0.13778849
   29    2     0.96780     6.18646    -0.49877      0.00009754    0.66359074    0.00014699    0.14144906
   30    2     0.55463     8.83641     1.30171     -0.00031415    1.16128380   -0.00027052    0.14045207
   31    2    -1.00488     9.05444    -1.43799     -0.00052091    0.99538612   -0.00052333    0.14153846
   32    2    -5.69450     7.69004     2.65367     -0.00079525    1.32718149   -0.00059921    0.13627355
   33    2    -5.27345     8.64470     2.49943     -0.00114435    1.16128380   -0.00098542    0.14146500
   34    2    -5.20085     8.94832    -0.09386     -0.00055528    0.33179537   -0.00167357    0.15183010
   35    2    -1.64585     9.51356    -1.22315     -0.00077177    0.66359074   -0.00116302    0.14753175
   36    2    -0.04930     9.48702     1.14499     -0.00114851    0.99538612   -0.00115383    0.14371621
   37    2    -2.60286     9.23326     3.71614     -0.00003892    0.33179537   -0.00011729    0.15703496
   38    2    -0.22806     9.39793     2.18656     -0.00066153    0.66359074   -0.00099690    0.14884288
   39    2     0.37411     8.94562     0.22510     -0.00066494    1.16128380   -0.00057259    0.13756550
   40    2    -0.24084     8.91638    -0.95084     -0.00048305    0.82948843   -0.00058234    0.13789514
   41    2    -5.57439     8.66670     0.46048     -0.00036913    0.66359074   -0.00055626    0.14627159
   42    2    -5.93206     8.04677     1.42208     -0.00070973    1.16128380   -0.00061116    0.13886747
   43    2    -4.79712     8.06308     3.60700     -0.00060835    1.32718149   -0.00045838    0.13960931
   44    2    -3.55876     8.87043     3.82878     -0.00078473    0.66359074   -0.00118256    0.14966540
   45    2     0.94118     8.03257     0.27157     -0.00052911    1.16128380   -0.00045563    0.13635823
   46    2     1.03698     7.10925    -0.28907     -0.00003060    0.82948843   -0.00003689    0.13701372
   47    2     0.70576     7.14963    -0.94996     -0.00013923    0.82948843   -0.00016785    0.13699521
   48    2    -0.23657     8.24024    -1.54065     -0.00031861    0.82948843   -0.00038410    0.13782039
   49    2    -6.05278     6.61951     2.22200     -0.00043923    1.49307918   -0.00029418    0.13574498
   50    2    -5.42481     6.83624     3.36380     -0.00059103    1.49307918   -0.00039585    0.13620535
   51    2    -5.60472     8.67608     1.31547     -0.00083580    0.82948843   -0.00100761    0.14313710
   52    2    -2.48878     9.35399    -1.55234     -0.00068597    0.49769306   -0.00137831    0.15261230
   53    2    -0.39439     9.45283    -0.30642     -0.00115559    1.16128380   -0.00099510    0.14121044
   54    2    -0.75583     9.46599     2.76996      0.00040748    0.33179537    0.00122810    0.15452757
   55    2    -4.36173     8.75989     3.46670     -0.00068910    0.82948843   -0.00083075    0.14474466
   56    2    -5.69491     5.48154     2.65190      0.00007264    1.65897686    0.00004379    0.13884067
   57    2     0.46626     8.10733    -0.80997     -0.00056676    1.32718149   -0.00042704    0.13575098
   58    2    -6.18493     7.12301     1.45714     -0.00025746    0.82948843   -0.00031039    0.13712109
   59    3    -4.87242     4.37370     3.79006      0.00013579    0.49769306    0.00027284    0.14325647
   60    3    -3.85554     7.10947     5.11677     -0.00046441    1.16128380   -0.00039991    0.14059353
   61    3    -2.58423     4.55753     6.47944     -0.00055953    0.99538612   -0.00056212    0.14819709
   62    3     2.22593     6.67333     2.87645     -0.00045704    1.32718149   -0.00034437    0.13841208
   63    3     1.84399     7.32095     3.60960     -0.00074688    1.16128380   -0.00064315    0.14293571
   64    3     1.65582     4.95091     5.34305     -0.00026461    0.33179537   -0.00079752    0.16194067
   65    3    -1.66052     4.69034     6.71760     -0.00079475    0.99538612   -0.00079844    0.15681018
   66    3    -3.17255     7.16933     5.70202     -0.00079294    0.99538612   -0.00079662    0.14473333
   67    3    -0.51527     8.88167     3.93670     -0.00146440    0.66359074   -0.00220679    0.15755883
   68    3    -2.90042     8.00305     5.10568     -0.00040189    0.66359074   -0.00060563    0.14935800
   69    3    -3.77589     6.19237     5.71358     -0.00041059    1.16128380   -0.00035357    0.13868180
   70    3    -3.30390     5.04968     6.19661     -0.00028485    0.82948843   -0.00034341    0.14171256
   71    3     2.08145     5.38788     4.70478     -0.00104865    0.99538612   -0.00105351    0.15314301
   72    3     2.42510     5.58121     3.62029     -0.00013975    1.32718149   -0.00010530    0.14428436
   73    3     1.45857     7.87334     2.69162     -0.00061584    1.32718149   -0.00046402    0.14012375
   74    3     0.68619     8.51830     3.15240      0.00030110    0.66359074    0.00045374    0.14675456
   75    3    -4.47800     5.90894     4.94933     -0.00003002    1.16128380   -0.00002585    0.13673457
   76    3    -4.78489     5.01116     4.42414      0.00003786    0.82948843    0.00004564    0.13823368
   77    3    -4.52433     4.39770     4.74646      0.00002830    0.82948843    0.00003412    0.14022569
   78    3    -3.73665     4.32396     5.71885      0.00025962    0.99538612    0.00026082    0.14201237
   79    3     2.38465     5.65019     2.21034     -0.00017707    1.82487455   -0.00009703    0.13988607
   80    3     1.87366     6.94564     1.76049      0.00000223    1.65897686    0.00000134    0.13699056
   81    3     2.13691     6.38672     4.16337     -0.00070679    0.99538612   -0.00071007    0.14641177
   82    3    -2.99547     5.83150     6.33896     -0.00085241    1.16128380   -0.00073402    0.14408623
   83    3    -2.30921     8.45050     4.83404     -0.00065669    0.33179537   -0.00197920    0.15529008
   84    3     0.85836     8.33657     3.67385     -0.00106250    0.82948843   -0.00128091    0.14889287
   85    3     1.86049     5.65091     0.95329      0.00027479    1.65897686    0.00016564    0.14113283
   86    3    -4.12949     5.09181     5.49568     -0.00024200    0.99538612   -0.00024312    0.13792967
   87    4    -4.65441     2.46340     3.50993     -0.00081130    0.66359074   -0.00122258    0.15644586
   88    4    -2.55203     2.62937     6.24985     -0.00036653    1.16128380   -0.00031563    0.15516955
   89    4     2.81680     2.91742     3.13272     -0.00107529    0.82948843   -0.00129632    0.15548986
   90    4     2.60919     2.51036     4.09990     -0.00164313    0.99538612   -0.00165075    0.16397726
   91    4    -1.95809     1.96684     6.39428     -0.00167932    0.99538612   -0.00168711    0.16285346
   92    4     1.30125     3.42144     5.78561     -0.00200789    0.66359074   -0.00302580    0.17374702
   93    4     1.65933     3.59833     0.23864     -0.00064699    0.33179537   -0.00194998    0.15786617
   94    4    -1.29790     2.77282     6.59254     -0.00107344    0.66359074   -0.00161762    0.16521544
   95    4    -2.93711     1.67489     5.86999     -0.00110868    1.16128380   -0.00095470    0.15668626
   96    4    -3.03003     0.63116     5.19843     -0.00102451    0.99538612   -0.00102926    0.16457930
   97    4     2.65436     3.49838     3.67296     -0.00087107    0.99538612   -0.00087511    0.15485452
   98    4     2.33679     3.51995     4.52161     -0.00034288    0.49769306   -0.00068893    0.16064618
   99    4    -3.56015     2.51288     5.55136     -0.00077530    1.16128380   -0.00066762    0.15057281
  100    4    -4.33432     2.46814     4.48444     -0.00031989    1.16128380   -0.00027546    0.15132229
  101    4    -4.48133     1.74720     3.75103     -0.00058958    0.66359074   -0.00088848    0.15805014
  102    4    -4.01637     1.06511     4.29295     -0.00183001    1.16128380   -0.00157585    0.16075445
  103    4     2.68579     3.56970     2.22525     -0.00051481    1.49307918   -0.00034480    0.15067268
  104    4    -2.38490     0.72819     5.70716     -0.00184632    0.99538612   -0.00185488    0.16775510
  105    4    -0.55107     3.02871     6.57557     -0.00070159    0.33179537   -0.00211454    0.17112211
  106    4     2.10343     3.20914     5.00826     -0.00090532    0.66359074   -0.00136427    0.16685147
  107    4     2.20329     3.75049     1.01528     -0.00097370    0.99538612   -0.00097822    0.15187595
  108    4    -3.80551     1.56590     5.01845     -0.00137150    1.32718149   -0.00103339    0.15528184
  109    5     0.69048     3.64887    -1.94838     -0.00061377    0.33179537   -0.00184983    0.15522457
  110    5    -1.36477     3.40711    -4.56929     -0.00015987    0.99538612   -0.00016062    0.15535659
  111    5    -6.45680     1.44702    -1.09778     -0.00093554    0.99538612   -0.00093988    0.15602448
  112    5    -6.16229     1.00155    -2.06683     -0.00200817    1.32718149   -0.00151311    0.16518008
  113    5    -1.90638     2.69378    -4.84269     -0.00104349    0.66359074   -0.00157249    0.16324942
  114    5    -5.26736     2.99646    -4.09111     -0.00207588    0.66359074   -0.00312825    0.17391827
  115    5    -5.62219     2.32503     1.38418     -0.00077956    0.66359074   -0.00117476    0.15774613
  116    5    -2.60115     3.15980    -4.92303     -0.00136926    0.66359074   -0.00206341    0.16558364
  117    5    -0.88490     2.70866    -4.40318     -0.00088224    0.82948843   -0.00106359    0.15655727
  118    5    -5.96061     0.48375    -0.88856     -0.00207885    1.49307918   -0.00139233    0.16491995
  119    5    -6.54806     2.27479    -1.98792     -0.00154530    1.49307918   -0.00103498    0.15532547
  120    5    -6.20164     2.72451    -2.97585     -0.00022446    0.66359074   -0.00033825    0.16192442
  121    5    -0.35948     3.58856    -3.84870     -0.00070548    0.99538612   -0.00070875    0.15071447
  122    5     0.42479     3.63617    -2.74620     -0.00018145    0.82948843   -0.00021875    0.15161209
  123    5    -5.79870     1.38075     0.84327     -0.00095054    0.82948843   -0.00114594    0.15945451
  124    5    -6.15363     1.22812     0.04340     -0.00181342    1.49307918   -0.00121455    0.15750737
  125    5    -6.60077     2.34675    -0.64561     -0.00049054    1.49307918   -0.00032854    0.15050119
  126    5    -1.29229     2.12006    -4.58265     -0.00109084    0.66359074   -0.00164384    0.16334110
  127    5    -3.38911     3.20019    -4.89113     -0.00035019    0.33179537   -0.00105543    0.17150092
  128    5    -6.08202     2.18010    -3.13041     -0.00085947    0.82948843   -0.00103614    0.16632505
  129    5    -6.17381     2.38716     0.63276     -0.00084258    1.16128380   -0.00072556    0.15215659
  130    5     0.01342     3.15665    -3.57488     -0.00072266    0.66359074   -0.00108902    0.15244912
  131    6    -4.87038     1.06358     2.16970     -0.00002778    0.13889369   -0.00020002    0.16556438
  132    6    -4.50369     0.45414     2.59076     -0.00019583    0.13889369   -0.00140994    0.16840051
  133    6    -4.75911     0.58876     2.21366     -0.00042325    0.41668107   -0.00101577    0.16732344
  134    7    -4.26789    -2.67360     2.40777     -0.00098634    1.32718149   -0.00074319    0.15378441
  135    7    -4.36877    -3.21166     1.59779     -0.00044252    1.16128380   -0.00038106    0.15088216
  136    7    -3.07840    -4.66161     0.65580     -0.00048039    0.49769306   -0.00096523    0.14668936
  137    7    -2.86292    -4.62349     1.57124     -0.00113654    1.16128380   -0.00097870    0.14521388
  138    7    -3.60614    -3.93483     2.00227     -0.00050051    0.99538612   -0.00050283    0.14830942
  139    7    -4.70884    -1.87407     1.97346     -0.00078832    1.16128380   -0.00067884    0.15719378
  140    7    -4.89430    -1.07401     1.48007     -0.00091923    0.66359074   -0.00138523    0.16459927
  141    7    -4.11174    -1.46940     3.02096     -0.00093651    0.66359074   -0.00141128    0.16405736
  142    7    -4.93626    -1.90880     1.12141     -0.00108551    0.82948843   -0.00130865    0.16115419
  143    7    -3.68888    -4.16046     1.23498     -0.00033745    0.66359074   -0.00050852    0.14743944
  144    7    -4.40950    -1.07281     2.60366     -0.00082513    0.66359074   -0.00124343    0.16403010
  145    8     2.98110     1.33525    -1.53613      0.00023733    1.16128380    0.00020437    0.13665796
  146    8    -0.57450    -2.40058    -3.76332     -0.00023287    0.33179537   -0.00070184    0.14728296
  147    8     3.53624     1.13357    -0.93210      0.00029843    0.82948843    0.00035978    0.13373089
  148    8     4.88050    -0.64867    -1.07191     -0.00004406    0.16589769   -0.00026558    0.11946221
  149    8     2.31654    -2.36811     3.07929     -0.00037233    0.33179537   -0.00112215    0.14900265
  150    8     4.35166    -0.21834    -2.10652      0.00051154    0.82948843    0.00061669    0.11845335
  151    8     3.91366     0.57645    -1.76699      0.00083426    1.16128380    0.00071839    0.12485127
  152    8    -0.62180    -2.00670    -3.76709     -0.00028064    0.16589769   -0.00169165    0.15249657
  153    8     4.52418     0.00668    -1.28044      0.00038394    0.49769306    0.00077145    0.12130975
  154    8     2.63365    -2.57260     2.95009     -0.00005268    0.16589769   -0.00031754    0.14379441
  155    9     1.27223    -8.53806    -0.78540      0.00078273    0.99538612    0.00078636    0.09088189
  156    9    -1.15852    -6.56297     0.74818      0.00102900    1.16128380    0.00088609    0.11496962
  157    9     3.83215    -4.24164     2.34144      0.00016325    0.49769306    0.00032801    0.11678046
  158    9     3.77163    -4.98911     2.42195      0.00002478    0.16589769    0.00014937    0.11284081
  159    9    -1.37741    -6.71127    -0.09010      0.00108376    0.99538612    0.00108878    0.11308554
  160    9     0.60113    -8.31093    -1.49542      0.00047280    0.99538612    0.00047499    0.09490142
  161    9     0.55959    -4.05635    -4.29006      0.00009345    0.66359074    0.00014083    0.12138256
  162    9     0.51723    -8.28140    -0.10293      0.00114173    1.32718149    0.00086027    0.09424558
  163    9    -0.58032    -7.49193     0.35772      0.00114559    0.99538612    0.00115090    0.10282118
  164    9     1.45444    -8.40108     0.28168      0.00048894    0.82948843    0.00058945    0.09376400
  165    9     3.38151    -4.30842     2.60072      0.00008949    0.16589769    0.00053942    0.12043492
  166    9    -0.23987    -7.94412    -0.35007      0.00099829    0.99538612    0.00100292    0.09787152
  167    9     0.90680    -4.53325    -4.46074      0.00008056    0.16589769    0.00048563    0.11468600
  168   10     7.00033    -2.72213    -2.43436      0.00108934    0.82948843    0.00131326    0.08595514
  169   10     7.53222    -6.56554    -3.68171      0.00104233    1.32718149    0.00078537    0.06780910
  170   10     3.94706    -7.69667    -4.86691      0.00174338    1.49307918    0.00116764    0.07593693
  171   10     5.44756    -6.77480     1.48569      0.00136171    1.49307918    0.00091202    0.08567240
  172   10     6.40597    -6.95651     0.93111      0.00080489    0.66359074    0.00121293    0.07913929
  173   10     4.74717    -7.69103     1.11532      0.00075858    0.82948843    0.00091452    0.08405244
  174   10     5.28551    -7.98066     0.75138      0.00079780    0.82948843    0.00096180    0.07995607
  175   10     2.39054    -5.14729    -5.06935      0.00011720    0.33179537    0.00035322    0.09958895
  176   10     4.37254    -6.85730    -5.38139      0.00121092    0.99538612    0.00121653    0.07672299
  177   10     7.10828    -5.89137    -4.49052      0.00114357    1.49307918    0.00076592    0.07174827
  178   10     6.78587    -2.79824    -3.21681      0.00103605    0.82948843    0.00124902    0.08511779
  179   10     7.29405    -7.23019    -0.24677      0.00175894    1.32718149    0.00132532    0.07217523
  180   10     6.90789    -7.82729    -0.38721      0.00111517    0.82948843    0.00134441    0.07188459
  181   10     6.26342    -2.14268    -2.22272      0.00132101    0.99538612    0.00132713    0.09332784
  182   10     7.60221    -3.71358    -2.97516      0.00214945    1.82487455    0.00117786    0.07803366
  183   10     7.84504    -5.27260    -3.45620      0.00132657    1.49307918    0.00088848    0.07079652
  184   10     6.67833    -7.28910    -4.26202      0.00151906    1.49307918    0.00101740    0.06858059
  185   10     5.28772    -7.51763    -4.90488      0.00184349    1.32718149    0.00138902    0.07124791
  186   10     3.02508    -7.00708    -5.02403      0.00161357    1.65897686    0.00097263    0.08185958
  187   10     2.34768    -6.21392    -4.95216      0.00058638    0.66359074    0.00088365    0.09062565
  188   10     8.00073    -6.50928    -1.43457      0.00128006    1.32718149    0.00096450    0.07109656
  189   10     7.99724    -6.36972    -2.60327      0.00136178    1.65897686    0.00082085    0.06847531
  190   10     7.37800    -7.44691    -3.05481      0.00088610    1.16128380    0.00076303    0.06854201
  191   10     2.80388    -8.03178    -4.09529      0.00048707    0.66359074    0.00073399    0.08295586
  192   10     2.31321    -8.19135    -3.37065      0.00010780    0.33179537    0.00032489    0.08742289
  193   10     5.20981    -5.87102     1.77980      0.00040289    0.66359074    0.00060713    0.09471810
  194   10     6.16237    -7.67185     0.59159      0.00162665    1.32718149    0.00122564    0.07590330
  195   10     4.18580    -8.31004     0.53806      0.00037823    0.49769306    0.00075997    0.08577491
  196   10     2.83242    -6.00391    -5.27064      0.00034174    0.49769306    0.00068666    0.08976530
  197   10     6.11205    -6.83692    -4.94878      0.00137227    1.16128380    0.00118169    0.07059575
  198   10     7.52358    -4.42466    -3.78412      0.00096464    0.99538612    0.00096911    0.07526558
  199   10     5.91194    -2.15338    -3.05358      0.00073906    0.66359074    0.00111373    0.09426809
  200   10     7.57574    -7.47879    -1.73778      0.00159539    1.49307918    0.00106852    0.06895072
  201   10     8.13090    -5.05448    -2.44066      0.00089291    1.16128380    0.00076890    0.07375888
  202   10     2.40044    -7.55555    -4.27005      0.00073582    0.66359074    0.00110885    0.08478992
  203   11    -5.06327     7.57552    -4.49644     -0.00628865    1.96256963   -0.00320429    0.15522560
  204   11    -3.69836     8.15195    -4.03786     -0.00339083    1.40183545   -0.00241885    0.15441331
  205   11    -5.50469     8.22498    -2.86643     -0.00286577    1.19156013   -0.00240506    0.15580279
  206   11    -6.52869     6.55850    -3.32613     -0.00319690    1.33174368   -0.00240054    0.15423387
  207   11    -5.30389     5.36914    -4.73340     -0.00349706    1.26165190   -0.00277181    0.16215242
  208   11    -3.64721     6.34438    -5.07932     -0.00346605    1.47192722   -0.00235477    0.15687601
  209   11    -4.65682     8.42513    -3.51162     -0.00437713    1.61211077   -0.00271516    0.15568982
  210   11    -6.12934     7.55089    -3.26619     -0.00461267    1.68220254   -0.00274204    0.15418582
  211   11    -5.81336     6.65331    -4.46638     -0.00467892    1.54201899   -0.00303428    0.15622179
  212   11    -4.65412     5.99870    -5.09781     -0.00473507    1.68220254   -0.00281480    0.15896211
  213   11    -3.67638     7.35711    -4.77200     -0.00432160    1.61211077   -0.00268071    0.15432190
  214   11    -6.20276     5.65179    -4.00506     -0.00308559    1.26165190   -0.00244568    0.15838907
  215   12    -3.19168    11.00015     1.59066     -0.00470034    1.54201899   -0.00304817    0.15098077
  216   12    -1.33804    10.53911     1.70296     -0.00345091    1.40183545   -0.00246171    0.15172800
  217   12    -2.95545    10.17030     3.02827     -0.00312969    1.26165190   -0.00248063    0.15376286
  218   12    -4.63543    10.03650     1.87030     -0.00299144    1.26165190   -0.00237105    0.14994289
  219   12    -3.98153    10.24107    -0.26822     -0.00300534    1.19156013   -0.00252219    0.15425916
  220   12    -2.13355    10.49186    -0.33858     -0.00312540    1.26165190   -0.00247723    0.15133899
  221   12    -2.13182    10.60853     2.43094     -0.00473347    1.75229431   -0.00270130    0.15282565
  222   12    -3.85671    10.32053     2.53235     -0.00403750    1.54201899   -0.00261832    0.15095675
  223   12    -4.03340    10.72615     0.99780     -0.00410253    1.40183545   -0.00292654    0.15101744
  224   12    -3.14260    10.65512    -0.20402     -0.00443381    1.61211077   -0.00275031    0.15229840
  225   12    -2.32921    11.02846     0.86654     -0.00433939    1.47192722   -0.00294810    0.15065883
  226   12    -4.71640    10.03311     0.62580     -0.00270622    1.12146836   -0.00241311    0.15211241
  227   12    -1.36017    10.53548     0.48925     -0.00283963    1.26165190   -0.00225072    0.15003297
  228   13    -0.20232     7.69862     6.65859     -0.00628368    1.96256963   -0.00320176    0.15520646
  229   13    -1.67578     7.91674     6.22628     -0.00335424    1.40183545   -0.00239275    0.15433016
  230   13     0.03353     8.60697     5.11170     -0.00286069    1.19156013   -0.00240080    0.15583583
  231   13     1.48341     7.25274     5.42940     -0.00321595    1.33174368   -0.00241484    0.15442258
  232   13     0.64477     5.63367     6.68254     -0.00347120    1.26165190   -0.00275131    0.16216601
  233   13    -1.21657     6.07013     7.08287     -0.00348087    1.47192722   -0.00236484    0.15670930
  234   13    -0.83373     8.49726     5.75283     -0.00436000    1.61211077   -0.00270453    0.15568148
  235   13     0.82303     8.09594     5.45800     -0.00461739    1.68220254   -0.00274485    0.15429797
  236   13     0.77496     7.02900     6.55584     -0.00469221    1.54201899   -0.00304290    0.15630992
  237   13    -0.15314     6.01766     7.09148     -0.00473028    1.68220254   -0.00281196    0.15888188
  238   13    -1.47216     7.07686     6.87771     -0.00432369    1.61211077   -0.00268201    0.15419871
  239   13     1.42607     6.22718     6.00754     -0.00306191    1.26165190   -0.00242691    0.15854865
  240   14     1.01702     0.70040     6.33260     -0.00527355    1.47192722   -0.00358275    0.17653902
  241   14    -0.34293     1.46570     6.74377     -0.00393478    1.33174368   -0.00295461    0.17436461
  242   14     1.61575     2.18703     6.01281     -0.00363859    1.19156013   -0.00305363    0.17502798
  243   14     2.26644     1.39014     5.09962     -0.00398162    1.12146836   -0.00355036    0.17523706
  244   14    -0.98162     0.38297     6.23241     -0.00399031    1.19156013   -0.00334881    0.17750428
  245   14     0.68696     1.86780     6.63519     -0.00497632    1.54201899   -0.00322715    0.17494935
  246   14     1.84148     1.23558     5.83392     -0.00333487    1.05137659   -0.00317191    0.17527416
  247   14     1.62017     0.14437     5.37856     -0.00613901    1.33174368   -0.00460976    0.17982390
  248   14     0.55325    -0.22228     5.84926     -0.00474377    1.19156013   -0.00398114    0.18127146
  249   14    -0.12400     0.38450     6.44552     -0.00378563    1.12146836   -0.00337560    0.17700649
  250   15    -4.13198     0.56057    -4.95728     -0.00545155    1.54201899   -0.00353533    0.17660308
  251   15    -3.17428     1.62973    -5.21568     -0.00410103    1.40183545   -0.00292547    0.17459343
  252   15    -5.14022     1.75604    -4.53899     -0.00295259    1.05137659   -0.00280830    0.17500358
  253   15    -5.48747     0.19144    -3.27618     -0.00361131    1.12146836   -0.00322016    0.17778610
  254   15    -4.26576     1.75793    -5.07888     -0.00500128    1.54201899   -0.00324333    0.17509724
  255   15    -5.46639     0.96524    -4.08827     -0.00514516    1.61211077   -0.00319157    0.17495395
  256   15    -4.73237    -0.13964    -4.12046     -0.00608574    1.61211077   -0.00377501    0.17939794
  257   15    -3.35065    -0.25081    -4.52991     -0.00660128    1.54201899   -0.00428093    0.18135637
  258   15    -2.59312     0.77221    -4.97388     -0.00536922    1.47192722   -0.00364775    0.17677497
  259   16    -4.56185    -3.12171    -1.95752     -0.00333568    1.26165190   -0.00264390    0.16507366
  260   16    -4.84140    -3.33631    -0.01940     -0.00179832    0.91119304   -0.00197359    0.15871642
  261   16    -3.88713    -4.32173    -0.91165     -0.00201591    0.77100950   -0.00261463    0.15552885
  262   16    -3.52707    -2.86590    -2.81574     -0.00537275    1.61211077   -0.00333274    0.16869098
  263   16    -4.88937    -2.36486    -1.79894     -0.00291960    0.84110127   -0.00347117    0.17133301
  264   16    -5.14920    -2.64166    -0.90361     -0.00314477    1.19156013   -0.00263920    0.16559887
  265   16    -4.61553    -3.72178    -0.99248     -0.00271093    1.05137659   -0.00257846    0.15887491
  266   16    -3.90542    -3.81003    -2.00792     -0.00309080    1.05137659   -0.00293976    0.16024806
  267   16    -5.17258    -2.31576    -0.15225     -0.00169810    0.91119304   -0.00186360    0.16597630
  268   16    -4.18197    -4.11725    -0.15109     -0.00171647    0.84110127   -0.00204075    0.15516693
  269   17    -1.81995    -3.25444     4.63730     -0.00256973    0.98128481   -0.00261874    0.16232653
  270   17    -0.03041    -2.78884     4.39158     -0.00319834    0.98128481   -0.00325934    0.16792519
  271   17    -2.57473    -4.14011     3.33711     -0.00265934    1.19156013   -0.00223181    0.15500401
  272   17    -3.20499    -2.07234     4.18362     -0.00333995    1.26165190   -0.00264729    0.16747757
  273   17    -1.05970    -2.59489     4.86755     -0.00280981    0.98128481   -0.00286340    0.16927887
  274   17    -0.86101    -3.53763     4.41964     -0.00324625    1.12146836   -0.00289464    0.16147066
  275   17    -1.84860    -4.05394     3.96498     -0.00367066    1.26165190   -0.00290941    0.15698251
  276   17    -2.78942    -3.17063     4.25286     -0.00301727    1.19156013   -0.00253220    0.16057762
  277   17    -2.20739    -2.26191     4.81108     -0.00366533    1.19156013   -0.00307608    0.16945829
  278   17    -3.39369    -3.14946     3.56584     -0.00162975    1.05137659   -0.00155011    0.15884999
  279   18     4.43490     0.06676     2.11872     -0.00208365    1.05137659   -0.00198183    0.14526378
  280   18     4.34692    -1.71063     2.49013     -0.00159096    0.84110127   -0.00189152    0.13808031
  281   18     3.65470    -1.36374     2.95236     -0.00109815    0.56073418   -0.00195841    0.14722170
  282   18     4.26109     0.88709     0.32218     -0.00118948    1.05137659   -0.00113135    0.13923527
  283   18     5.18457    -0.39950     0.39062     -0.00089376    0.56073418   -0.00159391    0.12953473
  284   18     4.24414    -0.73478     2.63552     -0.00207173    0.98128481   -0.00211124    0.14496153
  285   18     4.39726     0.71490     1.24533     -0.00161142    0.91119304   -0.00176847    0.14343852
  286   18     5.00594    -0.02222     1.10697     -0.00194410    1.12146836   -0.00173354    0.13588072
  287   18     4.97361    -0.85843     1.84841     -0.00220087    1.12146836   -0.00196249    0.13620466
  288   18     3.60809    -1.94742     2.82145     -0.00051479    0.42055063   -0.00122408    0.14280172
  289   18     4.85421     0.16315     0.00861     -0.00078638    0.77100950   -0.00101993    0.13102754
  290   19     1.65255     0.15045    -4.57314     -0.00266914    1.33174368   -0.00200425    0.14366264
  291   19     0.62615    -1.55649    -4.64513     -0.00238797    1.40183545   -0.00170346    0.14263823
  292   19     3.38179     0.20456    -3.46340     -0.00119186    1.26165190   -0.00094468    0.13097702
  293   19     0.82051    -0.49454    -4.71227     -0.00241837    1.12146836   -0.00215644    0.14733170
  294   19     1.75958    -1.07189    -4.86813     -0.00247869    1.33174368   -0.00186123    0.13676516
  295   19     2.80626    -0.17773    -4.34110     -0.00276701    1.47192722   -0.00187985    0.13382799
  296   19     2.27196     0.79343    -3.89171     -0.00205877    1.19156013   -0.00172780    0.14196075
  297   19     2.66257     1.05522    -3.05770     -0.00120465    0.91119304   -0.00132206    0.14019408
  298   20    -1.30496    -6.76349    -3.45384     -0.00168884    1.19156013   -0.00141733    0.11668812
  299   20     0.04958    -6.64566    -4.22534     -0.00101038    1.05137659   -0.00096101    0.10935812
  300   20    -0.80853    -4.93805    -4.08362     -0.00141705    1.19156013   -0.00118924    0.12653336
  301   20    -1.74021    -6.82755    -1.43616     -0.00107488    1.33174368   -0.00080713    0.11815610
  302   20    -0.10000    -7.92277    -2.75101     -0.00099500    1.19156013   -0.00083504    0.10384404
  303   20    -0.80183    -6.09389    -4.14350     -0.00129204    1.05137659   -0.00122890    0.11754031
  304   20    -1.60028    -5.65364    -3.54226     -0.00189092    1.26165190   -0.00149877    0.12667783
  305   20    -1.94891    -6.40998    -2.52163     -0.00195030    1.33174368   -0.00146447    0.12339343
  306   20    -1.30597    -7.37265    -2.57118     -0.00144089    1.19156013   -0.00120925    0.11265170
  307   20    -0.21770    -7.41369    -3.59865     -0.00174192    1.61211077   -0.00108052    0.10738091
  308   20     0.00016    -5.55169    -4.44504     -0.00086483    0.98128481   -0.00088132    0.11584246
  309   20    -0.89679    -7.74643    -1.84715     -0.00069590    1.12146836   -0.00062052    0.10746254
  310   21     1.66638    -6.85297     3.23463     -0.00179321    1.26165190   -0.00142132    0.11599270
  311   21     2.98838    -6.02290     3.06087     -0.00111048    1.26165190   -0.00088018    0.11438193
  312   21     2.32733    -7.79792     2.09922     -0.00116300    1.19156013   -0.00097603    0.10421854
  313   21     0.31889    -7.67324     1.78308     -0.00076629    1.19156013   -0.00064310    0.10909290
  314   21     1.79201    -5.70169     3.51827     -0.00197053    1.40183545   -0.00140568    0.12441628
  315   21     2.71759    -7.03434     2.79046     -0.00153412    1.47192722   -0.00104225    0.10913268
  316   21     1.20876    -7.58264     2.59456     -0.00166163    1.26165190   -0.00131703    0.11088061
  317   21     0.33268    -6.84111     2.84367     -0.00174569    1.33174368   -0.00131083    0.11961217
  318   21     0.78828    -6.11644     3.35460     -0.00149777    0.98128481   -0.00152633    0.12572322
  319   21     2.49853    -5.10856     3.27518     -0.00114846    1.05137659   -0.00109234    0.12438512
  320   21     1.36778    -8.05921     1.69552     -0.00072734    1.05137659   -0.00069180    0.10410331
  321   21    -0.33649    -6.79464     2.13001     -0.00092806    1.05137659   -0.00088271    0.11918863
  322   22     5.00682    -3.52277    -5.96149     -0.00151795    1.12146836   -0.00135354    0.10008309
  323   22     5.91786    -2.63636    -4.56587     -0.00085548    1.33174368   -0.00064237    0.09724551
  324   22     3.22011    -4.14275    -5.71477     -0.00159859    1.33174368   -0.00120037    0.10510836
  325   22     4.79278    -5.57198    -6.02924     -0.00083128    1.26165190   -0.00065888    0.08806384
  326   22     6.45486    -4.60928    -5.45876     -0.00106883    1.26165190   -0.00084717    0.08647603
  327   22     5.05077    -2.65989    -5.24022     -0.00181466    1.33174368   -0.00136262    0.10392207
  328   22     4.01824    -3.34979    -5.79528     -0.00187278    1.26165190   -0.00148439    0.10624360
  329   22     4.31948    -4.49911    -6.20922     -0.00155568    1.26165190   -0.00123305    0.09751937
  330   22     5.48320    -4.54819    -6.09366     -0.00150993    1.19156013   -0.00126719    0.09221853
  331   22     5.99339    -3.44576    -5.49366     -0.00154015    1.26165190   -0.00122074    0.09489971
  332   22     3.62065    -5.21310    -5.91596     -0.00058115    1.05137659   -0.00055276    0.09510044
  333   22     5.87291    -5.46278    -5.73280     -0.00049633    0.98128481   -0.00050579    0.08411277
  334   22     6.68923    -3.74789    -4.87814     -0.00055667    1.05137659   -0.00052946    0.08822447
  335   23     4.97547    -9.89675    -2.31078     -0.00160730    1.12146836   -0.00143321    0.08520923
  336   23     3.48761    -9.56769    -1.53112     -0.00117733    1.19156013   -0.00098806    0.08932233
  337   23     5.20990    -9.27457    -0.47689     -0.00091778    1.19156013   -0.00077024    0.08416352
  338   23     6.59609    -8.98607    -2.00569     -0.00084500    1.12146836   -0.00075348    0.07857151
  339   23     5.51385    -8.94268    -3.82983     -0.00090087    1.19156013   -0.00075605    0.07925127
  340   23     3.60684    -9.23161    -3.40957     -0.00092926    1.12146836   -0.00082861    0.08569056
  341   23     4.56699    -9.80993    -1.30088     -0.00144890    1.12146836   -0.00129196    0.08679470
  342   23     5.74357    -9.61257    -1.51828     -0.00160842    1.26165190   -0.00127485    0.08307405
  343   23     5.87632    -9.48109    -2.78186     -0.00161889    1.26165190   -0.00128315    0.08154610
  344   23     4.75275    -9.59099    -3.29775     -0.00139746    1.12146836   -0.00124610    0.08375422
  345   23     3.94129    -9.79055    -2.44269     -0.00143383    1.12146836   -0.00127853    0.08730580
  346   23     4.12818    -9.32099    -0.52559     -0.00084690    1.05137659   -0.00080552    0.08796246
  347   23     6.21328    -8.97189    -0.88021     -0.00051418    1.05137659   -0.00048905    0.07984845
  348   23     6.47862    -8.75794    -3.09495     -0.00071176    1.05137659   -0.00067698    0.07741420
  349   23     4.40422    -8.94409    -4.00641     -0.00052828    0.98128481   -0.00053836    0.08155546
  350   23     3.07374    -9.24426    -2.67325     -0.00053105    0.84110127   -0.00063137    0.08856066
  351   24     7.78796    -3.85978     0.70707     -0.00174631    1.26165190   -0.00138415    0.09931241
  352   24     7.52824    -5.78611     0.84970     -0.00076643    1.19156013   -0.00064322    0.08827899
  353   24     6.22356    -4.51381     1.76221     -0.00110891    1.05137659   -0.00105472    0.10414071
  354   24     7.41332    -2.74258    -0.82906     -0.00099618    1.40183545   -0.00071063    0.09782754
  355   24     8.38959    -4.72804    -0.75238     -0.00105179    1.26165190   -0.00083366    0.08649550
  356   24     7.34944    -4.75497     1.33702     -0.00142794    1.19156013   -0.00119838    0.09751015
  357   24     6.83288    -3.65614     1.36499     -0.00220359    1.47192722   -0.00149708    0.10644900
  358   24     7.24888    -2.86579     0.30485     -0.00195202    1.40183545   -0.00139248    0.10450642
  359   24     8.11821    -3.64037    -0.28530     -0.00144316    1.19156013   -0.00121115    0.09486525
  360   24     8.11944    -4.87839     0.43798     -0.00147739    1.19156013   -0.00123988    0.09163536
  361   24     6.66926    -5.46027     1.54632     -0.00048589    0.91119304   -0.00053325    0.09489150
  362   24     8.11977    -3.74487    -1.26336     -0.00067768    1.12146836   -0.00060428    0.08885310
  363   24     8.16564    -5.61931    -0.21431     -0.00047090    1.05137659   -0.00044789    0.08401899
  364    1     0.60756     5.13484    -0.84893     -0.00028001    0.16079453   -0.00174142    0.15281791
  365    2     0.77365     5.35394    -0.51046     -0.00024905    0.16079453   -0.00154884    0.15062234
  366    3     0.93626     5.14693    -0.16284     -0.00019584    0.16079453   -0.00121792    0.15205874
  367    1    -5.47449     3.90817     1.68074     -0.00032485    0.15913826   -0.00204133    0.15308891
  368    2    -5.31612     4.14629     2.00993     -0.00020910    0.15913826   -0.00131394    0.15217321
  369    5    -5.38368     3.48718     1.64083     -0.00033578    0.15913826   -0.00211002    0.15693471
  370    2     0.68248     5.84736    -0.93601     -0.00036620    0.62244376   -0.00058832    0.14480189
  371    2    -0.05984     7.38517    -1.64214     -0.00122575    1.26510863   -0.00096889    0.14082560
  372    2    -1.82603     8.77064    -1.86877     -0.00245291    1.26510863   -0.00193889    0.15044384
  373    2    -3.97655     9.05775    -1.24976     -0.00392359    1.26510863   -0.00310138    0.16323199
  374    2    -5.63721     8.12979    -0.03674     -0.00250884    1.26510863   -0.00198310    0.15041089
  375    2    -6.13296     6.36396     1.27720     -0.00123483    1.26510863   -0.00097607    0.14064660
  376    2    -5.61981     4.78762     2.09349     -0.00040678    0.62244376   -0.00065353    0.14470833
  377    1     0.25231     6.12353    -1.72911     -0.00101417    1.26510863   -0.00080165    0.14309459
  378    1    -1.02962     7.86758    -2.36571     -0.00163563    1.26510863   -0.00129288    0.14372878
  379    1    -3.09577     8.74990    -2.15872     -0.00357364    1.26510863   -0.00282477    0.15900770
  380    1    -5.10626     8.41184    -1.19228     -0.00325402    1.26510863   -0.00257213    0.15905116
  381    1    -6.24381     6.99080     0.14074     -0.00168105    1.26510863   -0.00132878    0.14358475
  382    1    -6.04602     5.06445     1.29849     -0.00100750    1.26510863   -0.00079637    0.14279471
  383    1     0.65629     4.80604    -0.66021     -0.00076814    0.33940976   -0.00226316    0.15703070
  384    3     1.03685     4.81926    -0.00048     -0.00070654    0.33940976   -0.00208166    0.15564816
  385    4     1.08075     4.38629    -0.01829     -0.00076138    0.33940976   -0.00224326    0.15899001
  386    3     1.11661     5.03010    -0.06755      0.00001234    0.00552821    0.00223146    0.15141569
  387    1     0.64801     5.01408    -1.04583      0.00000015    0.00552821    0.00002628    0.15127812
  388    1     0.56090     4.57894    -1.03267     -0.00067918    0.33101254   -0.00205184    0.15743587
  389    4     0.91660     4.14735    -0.35774     -0.00112513    0.33101254   -0.00339904    0.16208542
  390    5     0.64546     4.15249    -1.05169     -0.00088370    0.33101254   -0.00266970    0.16034560
  391    1    -5.26647     4.16195    -4.12316     -0.00022319    0.03018739   -0.00739351    0.17020885
  392    5    -5.17795     3.73986    -4.10462     -0.00019256    0.03018739   -0.00637897    0.17197209
  393   11    -5.29330     4.43989    -4.21115     -0.00025683    0.03018739   -0.00850779    0.16969026
  394    1    -4.13964     4.35003    -4.67155     -0.00023109    0.03018739   -0.00765515    0.16956223
  395    5    -4.06543     3.92555    -4.64605     -0.00028813    0.03018739   -0.00954472    0.17179280
  396   11    -4.26513     4.61150    -4.71153     -0.00021956    0.03018739   -0.00727324    0.16981371
  397    5    -5.80775     3.13246     1.13175     -0.00084922    0.67077036   -0.00126604    0.15368159
  398    5    -6.46903     3.09754    -0.74922     -0.00187253    1.37243491   -0.00136439    0.15228700
  399    5    -5.91938     3.26080    -3.10478     -0.00393009    1.37243491   -0.00286359    0.16828401
  400    1    -6.20450     3.72303     0.45016     -0.00145624    1.37243491   -0.00106107    0.14869327
  401    1    -6.49390     3.76199    -1.95653     -0.00232907    1.37243491   -0.00169703    0.15481583
  402    1    -5.63211     3.95271    -3.74469     -0.00164719    0.67077036   -0.00245568    0.16813988
  403    5    -3.48589     3.68324    -4.76385     -0.00197412    0.67425726   -0.00292784    0.17069329
  404    5    -1.55024     3.95907    -4.32624     -0.00273219    1.38021913   -0.00197953    0.15837648
  405    5     0.14215     4.15373    -2.58621     -0.00205369    1.38021913   -0.00148795    0.15325964
  406    1    -2.82422     4.40488    -4.62945     -0.00360616    1.38021913   -0.00261275    0.16567281
  407    1    -0.64275     4.69694    -3.58750     -0.00161549    1.38021913   -0.00117046    0.14927731
  408    1     0.40502     4.79596    -1.88259     -0.00062660    0.67425726   -0.00092932    0.14958418
  409   11    -5.60272     4.79525    -4.16952     -0.00086468    0.23446231   -0.00368794    0.16628313
  410   11    -6.29042     5.28961    -3.47957     -0.00172937    0.51962790   -0.00332809    0.16168045
  411   11    -6.59015     6.31862    -2.70439     -0.00162824    0.51962790   -0.00313347    0.15603544
  412   11    -6.14936     7.49068    -2.27825     -0.00187242    0.51962790   -0.00360338    0.15667073
  413   11    -5.14205     8.34312    -2.36937     -0.00168313    0.51962790   -0.00323910    0.16115468
  414   11    -3.96587     8.53944    -2.94178     -0.00201679    0.51962790   -0.00388121    0.16109525
  415   11    -3.08509     8.00214    -3.76953     -0.00163529    0.51962790   -0.00314704    0.15667071
  416   11    -2.84742     6.94333    -4.52585     -0.00178622    0.51962790   -0.00343750    0.15629494
  417   11    -3.34666     5.78096    -4.91221     -0.00157834    0.51962790   -0.00303744    0.16189848
  418   11    -4.14699     5.03823    -4.87797     -0.00092524    0.23446231   -0.00394623    0.16673006
  419    1    -5.88152     4.61286    -3.69119     -0.00174809    0.51115102   -0.00341991    0.16636763
  420    1    -6.60113     5.50160    -2.75260     -0.00149298    0.51115102   -0.00292082    0.15560131
  421    1    -6.51804     6.79813    -2.04496     -0.00147936    0.51115102   -0.00289417    0.15255953
  422    1    -5.66505     7.99066    -1.84762     -0.00155246    0.51115102   -0.00303719    0.15762012
  423    1    -4.37887     8.60842    -2.23847     -0.00193351    0.51115102   -0.00378267    0.16247927
  424    1    -3.16722     8.40757    -3.06323     -0.00166254    0.51115102   -0.00325253    0.15763465
  425    1    -2.50840     7.46739    -3.99632     -0.00151491    0.51115102   -0.00296373    0.15285693
  426    1    -2.66247     6.15900    -4.66941     -0.00147875    0.51115102   -0.00289298    0.15592369
  427    1    -3.56862     4.99891    -4.81680     -0.00179369    0.51115102   -0.00350911    0.16656440
  428    2    -4.98973     4.15727     2.68951     -0.00026298    0.15929699   -0.00165090    0.15265551
  429    3    -4.82922     3.93089     3.02584     -0.00030352    0.15929699   -0.00190539    0.15325908
  430    4    -4.73536     3.50985     2.99170     -0.00035210    0.15929699   -0.00221031    0.15709621
  431    3     1.31940     5.55679     0.28243     -0.00033725    0.62247373   -0.00054179    0.14565519
  432    3     1.38317     7.12436     1.25904     -0.00110565    1.26517926   -0.00087390    0.14071595
  433    3     0.43360     8.53986     2.73750     -0.00254099    1.26517926   -0.00200840    0.15040882
  434    3    -1.40067     8.83835     4.01716     -0.00368167    1.26517926   -0.00291000    0.16324976
  435    3    -3.37387     7.89846     4.57776     -0.00238358    1.26517926   -0.00188399    0.15052019
  436    3    -4.68376     6.10234     4.19136     -0.00115354    1.26517926   -0.00091176    0.14075809
  437    3    -4.97604     4.49628     3.32518     -0.00032539    0.62247373   -0.00052274    0.14562371
  438    2     1.10773     6.46911     0.16739     -0.00108838    1.26517926   -0.00086025    0.14260102
  439    2     0.77624     8.24821     1.51502     -0.00172986    1.26517926   -0.00136729    0.14368501
  440    2    -0.69232     9.15239     2.97000     -0.00366521    1.26517926   -0.00289698    0.15881580
  441    2    -2.70086     8.81403     3.94079     -0.00337550    1.26517926   -0.00266800    0.15890886
  442    2    -4.43279     7.37071     4.03268     -0.00174540    1.26517926   -0.00137956    0.14363492
  443    2    -5.18393     5.40923     3.20832     -0.00107858    1.26517926   -0.00085251    0.14244492
  444    2    -5.05211     3.94908     2.30585     -0.00103570    0.51278158   -0.00201976    0.15611650
  445    4    -4.79808     3.29789     2.61035     -0.00139003    0.51278158   -0.00271077    0.16110556
  446    5    -5.12162     3.28615     1.93565     -0.00145712    0.51278158   -0.00284160    0.16112044
  447    4    -4.81322     3.29037     2.99005     -0.00000298    0.00658012   -0.00045327    0.15635475
  448    2    -5.17644     4.21268     2.55797      0.00000269    0.00658012    0.00040852    0.15024350
  449    5    -5.42661     3.26784     1.71049     -0.00000631    0.00848228   -0.00074375    0.15638719
  450    2    -5.33181     4.20829     2.23580      0.00000452    0.00848228    0.00053266    0.15004797
  451   12    -2.47577     9.95110    -0.92168     -0.00074096    0.23085884   -0.00320959    0.15469512
  452   12    -3.53591     9.79179    -0.83376     -0.00189451    0.50983518   -0.00371593    0.16038802
  453   12    -4.59563     9.59891    -0.09986     -0.00192329    0.50983518   -0.00377238    0.15849648
  454   12    -5.02084     9.47304     1.12576     -0.00175033    0.50983518   -0.00343314    0.15353181
  455   12    -4.64913     9.46225     2.37497     -0.00173453    0.50983518   -0.00340214    0.15249334
  456   12    -3.62247     9.57066     3.17061     -0.00180527    0.50983518   -0.00354089    0.15584312
  457   12    -2.33302     9.75687     3.20877     -0.00189318    0.50983518   -0.00371332    0.16015567
  458   12    -1.27330     9.94975     2.47487     -0.00188020    0.50983518   -0.00368785    0.15836947
  459   12    -0.84809    10.07562     1.24924     -0.00170974    0.50983518   -0.00335352    0.15374895
  460   12    -1.21980    10.08641     0.00003     -0.00162072    0.50983518   -0.00317891    0.15256008
  461   12    -1.99030    10.01285    -0.74692     -0.00064453    0.23085884   -0.00279189    0.15311281
  462    2    -2.83657     9.58239    -1.18412     -0.00174835    0.50501803   -0.00346196    0.15833524
  463    2    -4.21805     9.35946    -0.77497     -0.00143338    0.50501803   -0.00283828    0.16119235
  464    2    -5.09130     9.17201     0.37737     -0.00152747    0.50501803   -0.00302459    0.15449945
  465    2    -5.12276     9.09164     1.83275     -0.00145342    0.50501803   -0.00287797    0.14986266
  466    2    -4.30042     9.14905     3.03527     -0.00154298    0.50501803   -0.00305529    0.15142840
  467    2    -2.93838     9.32231     3.52560     -0.00139030    0.50501803   -0.00275296    0.15820557
  468    2    -1.55690     9.54524     3.11645     -0.00191607    0.50501803   -0.00379406    0.16112258
  469    2    -0.68365     9.73269     1.96411     -0.00155053    0.50501803   -0.00307025    0.15462290
  470    2    -0.65219     9.81306     0.50873     -0.00147547    0.50501803   -0.00292162    0.14999784
  471    2    -1.47453     9.75565    -0.69379     -0.00147371    0.50501803   -0.00291812    0.15154367
  472    3     0.94111     4.53235     5.95766     -0.00023738    0.03008494   -0.00789028    0.17055280
  473    4     0.97375     4.10622     5.89549     -0.00019893    0.03008494   -0.00661244    0.17205421
  474   13     0.88990     4.79628     6.07298     -0.00023471    0.03008494   -0.00780170    0.16944177
  475    3    -0.18709     4.34413     6.49267     -0.00027899    0.03008494   -0.00927326    0.17049565
  476    4    -0.14013     3.92039     6.42371     -0.00025974    0.03008494   -0.00863346    0.17151798
  477   13    -0.13954     4.62454     6.56115     -0.00021676    0.03008494   -0.00720501    0.16977357
  478    4     1.70142     4.22996     0.60965     -0.00084388    0.67588779   -0.00124856    0.15367353
  479    4     2.37462     4.19217     2.50018     -0.00190844    1.38377705   -0.00137915    0.15255702
  480    4     1.81835     3.95676     4.86339     -0.00384994    1.38377705   -0.00278220    0.16852936
  481    3     1.92908     4.83661     1.35756     -0.00143169    1.38377705   -0.00103462    0.14884669
  482    3     2.22491     4.71220     3.77554     -0.00234771    1.38377705   -0.00169660    0.15509640
  483    3     1.35116     4.47291     5.56664     -0.00163861    0.67588779   -0.00242438    0.16829215
  484    4    -0.62514     3.51639     6.50376     -0.00187403    0.67031325   -0.00279575    0.17053805
  485    4    -2.55324     3.28706     6.05865     -0.00260869    1.37133134   -0.00190231    0.15792673
  486    4    -4.24369     3.17707     4.32767     -0.00187731    1.37133134   -0.00136897    0.15279202
  487    3    -1.45818     4.03618     6.42832     -0.00357105    1.37133134   -0.00260407    0.16540548
  488    3    -3.63248     3.81436     5.38470     -0.00167719    1.37133134   -0.00122304    0.14888514
  489    3    -4.68228     3.78802     3.69191     -0.00052281    0.67031325   -0.00077995    0.14929046
  490   13     1.08792     5.22580     6.07399     -0.00093094    0.23428484   -0.00397354    0.16683641
  491   13     1.60825     5.95856     5.45298     -0.00173513    0.51931219   -0.00334121    0.16198700
  492   13     1.60666     7.10329     4.79032     -0.00158811    0.51931219   -0.00305809    0.15607156
  493   13     0.85522     8.14393     4.47107     -0.00186673    0.51931219   -0.00359462    0.15695222
  494   13    -0.34925     8.66947     4.62133     -0.00166951    0.51931219   -0.00321484    0.16111791
  495   13    -1.53102     8.47231     5.18174     -0.00203231    0.51931219   -0.00391346    0.16116314
  496   13    -2.22332     7.63033     5.93096     -0.00168795    0.51931219   -0.00325035    0.15677452
  497   13    -2.15269     6.47611     6.57306     -0.00178635    0.51931219   -0.00343984    0.15612385
  498   13    -1.34703     5.46552     6.85442     -0.00154528    0.51931219   -0.00297564    0.16157518
  499   13    -0.37130     4.98236     6.76597     -0.00087618    0.23428484   -0.00373982    0.16631834
  500    3     1.40463     5.17741     5.58728     -0.00173218    0.51067711   -0.00339192    0.16660701
  501    3     1.84483     6.32102     4.75847     -0.00149153    0.51067711   -0.00292070    0.15594617
  502    3     1.40125     7.60835     4.18007     -0.00151210    0.51067711   -0.00296096    0.15275116
  503    3     0.24910     8.53093     4.08051     -0.00161359    0.51067711   -0.00315970    0.15759441
  504    3    -1.15656     8.72436     4.49914     -0.00134691    0.51067711   -0.00263749    0.16249583
  505    3    -2.26051     8.11224     5.27060     -0.00166138    0.51067711   -0.00325329    0.15760432
  506    3    -2.62671     6.93635     6.09018     -0.00152380    0.51067711   -0.00298389    0.15273321
  507    3    -2.11052     5.66114     6.63416     -0.00148352    0.51067711   -0.00290501    0.15569740
  508    3    -0.91582     4.79029     6.68767     -0.00178600    0.51067711   -0.00349732    0.16634751
  509    4    -4.73740     1.95405     2.60236     -0.00056615    0.16199491   -0.00349484    0.16503245
  510    5    -5.05918     1.94238     1.93133     -0.00049508    0.16199491   -0.00305612    0.16493146
  511    6    -4.85306     1.73415     2.24889     -0.00051097    0.16199491   -0.00315423    0.16599510
  512    4     1.38825     2.93831    -0.33638     -0.00229555    0.81470396   -0.00281765    0.16314346
  513    5     1.05992     2.92529    -1.01483     -0.00230970    0.81470396   -0.00283502    0.16334052
  514    8     1.74095     2.10640    -0.88841     -0.00171247    0.81470396   -0.00210196    0.15639755
  515    5     0.86352     3.75713    -1.11615     -0.00091507    0.51730277   -0.00176892    0.15947009
  516    4     1.35432     3.66134    -0.17274     -0.00078523    0.51730277   -0.00151793    0.15940267
  517    5    -5.27569     2.40078     1.85140     -0.00124913    0.81882659   -0.00152552    0.16083136
  518    4    -4.82652     2.60308     2.80958     -0.00133497    0.81882659   -0.00163035    0.16031288
  519    4    -4.08962     0.48252     3.26624     -0.00065802    0.18075981   -0.00364033    0.17069175
  520    6    -4.21111     0.27250     2.90857     -0.00068384    0.18075981   -0.00378315    0.17150036
  521    7    -4.13505    -0.19789     2.88615     -0.00074545    0.18075981   -0.00412396    0.17176770
  522    6    -4.49937     0.93724     2.74083     -0.00150974    0.69912214   -0.00215948    0.16823458
  523    4    -4.48293     1.46652     3.16591     -0.00144104    0.73212997   -0.00196828    0.16464923
  524    4    -3.41656    -0.20687     3.93512     -0.00116242    0.23222242   -0.00500561    0.17416425
  525    7    -3.51995    -0.90365     3.59995     -0.00076897    0.23222242   -0.00331135    0.17415711
  526   17    -3.36539    -1.08325     3.78129     -0.00079617    0.23222242   -0.00342848    0.17504550
  527    7    -3.89331    -0.66837     3.33319     -0.00170557    0.84312479   -0.00202292    0.16988077
  528    4    -3.92913     0.38089     3.74515     -0.00155308    0.84312479   -0.00184205    0.16764538
  529    4     2.52568     2.22432     0.67659     -0.00080420    0.33819859   -0.00237788    0.15479597
  530    8     3.00024     1.50781     0.07171     -0.00047464    0.33819859   -0.00140344    0.14818824
  531   18     3.17103     1.43917     0.31191     -0.00048246    0.33819859   -0.00142655    0.14879885
  532    8     2.59550     1.83505    -0.60099     -0.00063063    1.39557918   -0.00045188    0.14607542
  533    4     2.17722     2.91346     0.38978     -0.00158509    1.39557918   -0.00113579    0.15462504
  534   13     0.29014     4.84518     6.46578     -0.00290595    0.80568700   -0.00360680    0.17051675
  535    4     0.58499     3.83006     6.19035     -0.00297277    1.13673410   -0.00261518    0.17285085
  536    4    -1.81984    -0.12686     5.26643     -0.00117735    0.27194064   -0.00432943    0.18150278
  537   14    -1.55049    -0.17431     5.37741     -0.00134893    0.27194064   -0.00496037    0.18382901
  538   17    -1.81727    -0.94936     4.92410     -0.00139049    0.27194064   -0.00511323    0.18056397
  539    4     2.56510     1.33311     3.63768     -0.00102376    0.33831574   -0.00302604    0.17102187
  540   14     2.47667     1.16818     3.86716     -0.00127571    0.33831574   -0.00377078    0.17392612
  541   18     3.00422     0.57002     3.01434     -0.00103330    0.33831574   -0.00305423    0.16134588
  542   14     2.39644     1.65175     4.49945     -0.00110243    0.24473378   -0.00450460    0.17562534
  543   14     1.99560     2.37232     5.28744     -0.00247676    0.54822135   -0.00451780    0.17776053
  544   14     0.98421     2.71437     6.15855     -0.00250365    0.54822135   -0.00456685    0.18048787
  545   14    -0.25502     2.29578     6.59192     -0.00251562    0.54822135   -0.00458869    0.17896181
  546   14    -1.18556     1.29779     6.39993     -0.00237000    0.54822135   -0.00432306    0.17734478
  547   14    -1.48517     0.34062     5.85690     -0.00098271    0.24473378   -0.00401544    0.17989075
  548    4     2.34234     2.24353     4.52905     -0.00202556    0.52811695   -0.00383543    0.17398735
  549    4     1.53898     3.01113     5.59629     -0.00190478    0.52811695   -0.00360674    0.17766705
  550    4     0.20662     2.96582     6.36853     -0.00263017    0.52811695   -0.00498027    0.17970231
  551    4    -1.07787     2.12721     6.51143     -0.00211214    0.52811695   -0.00399937    0.17455783
  552    4    -1.75835     0.85840     5.96311     -0.00198407    0.52811695   -0.00375688    0.17626054
  553   17    -2.32423    -1.38189     4.74312     -0.00240541    0.74774015   -0.00321690    0.17596920
  554   17    -3.13407    -1.25842     4.15873     -0.00211114    0.74774015   -0.00282336    0.17360924
  555    4    -2.79353    -0.06517     4.80530     -0.00494226    2.08228422   -0.00237348    0.17306208
  556   18     3.51750     1.41175     0.71865     -0.00131670    0.98141218   -0.00134164    0.14760594
  557   18     3.67890     0.82664     2.01965     -0.00467103    1.97620009   -0.00236364    0.15495254
  558    4     2.85063     2.47170     1.83362     -0.00362350    2.80622307   -0.00129124    0.15454208
  559    4     2.91450     1.70058     3.28966     -0.00169811    1.42294493   -0.00119338    0.16020323
  560    5    -5.15113     0.44404     1.05262     -0.00065290    0.18077040   -0.00361175    0.16970789
  561    6    -4.94552     0.24588     1.37707     -0.00072635    0.18077040   -0.00401810    0.17133286
  562    7    -4.87405    -0.22468     1.34509     -0.00063614    0.18077040   -0.00351906    0.17109115
  563    6    -4.98839     1.15986     1.83030     -0.00153246    0.69911598   -0.00219199    0.16734159
  564    5    -5.34799     1.20154     1.25579     -0.00139638    0.73212360   -0.00190729    0.16522359
  565    5    -5.23960    -0.35443    -0.07237     -0.00108260    0.23377138   -0.00463101    0.17446950
  566    7    -5.03235    -1.04161     0.23330     -0.00092788    0.23377138   -0.00396919    0.17463918
  567   16    -5.05840    -1.21515    -0.00798     -0.00082831    0.23377138   -0.00354324    0.17554348
  568    7    -5.03482    -0.66480     0.96720     -0.00206675    1.04888210   -0.00197043    0.16915223
  569    5    -5.45738     0.18819     0.34760     -0.00226368    1.04888210   -0.00215818    0.16851124
  570    5     1.12845     2.28221    -2.11905     -0.00088910    0.34390412   -0.00258530    0.15616910
  571    8     1.92824     1.58344    -2.04655     -0.00043205    0.34390412   -0.00125631    0.14953316
  572   19     1.88374     1.52037    -2.33931     -0.00057221    0.34390412   -0.00166386    0.15013743
  573    8     2.09322     1.82917    -1.68069     -0.00029704    0.86407786   -0.00034376    0.14686761
  574    5     1.07866     2.97788    -1.70150     -0.00088270    0.86407786   -0.00102155    0.15617886
  575   11    -4.73825     4.69292    -4.59553     -0.00293873    0.80858084   -0.00363443    0.17057878
  576    5    -4.73338     3.61382    -4.42500     -0.00294247    1.14080237   -0.00257930    0.17288818
  577    5    -5.26845    -0.25997    -1.96282     -0.00107929    0.26826135   -0.00402326    0.18190172
  578   15    -5.18788    -0.31417    -2.24147     -0.00135376    0.26826135   -0.00504642    0.18420166
  579   16    -4.97525    -1.06612    -1.75922     -0.00144117    0.26826135   -0.00537225    0.18114756
  580    5    -1.18885     1.07364    -4.27871     -0.00098357    0.33302512   -0.00295345    0.17100093
  581   15    -1.43017     0.91741    -4.34799     -0.00129157    0.33302512   -0.00387830    0.17456012
  582   19    -0.36304     0.36845    -4.14928     -0.00100795    0.33302512   -0.00302665    0.16136969
  583   15    -5.53467     0.19053    -2.59336     -0.00111218    0.25074560   -0.00443550    0.18010473
  584   15    -5.78308     1.14961    -3.20941     -0.00254063    0.56489155   -0.00449756    0.17775028
  585   15    -5.32998     2.13906    -4.10242     -0.00239518    0.56489155   -0.00424007    0.17941073
  586   15    -4.17218     2.52287    -4.80524     -0.00280010    0.56489155   -0.00495688    0.18078895
  587   15    -2.83523     2.12681    -4.99884     -0.00226154    0.56489155   -0.00400349    0.17767482
  588   15    -1.98687     1.36660    -4.74699     -0.00125118    0.25074560   -0.00498985    0.17632589
  589    5    -5.79632     0.71822    -2.46794     -0.00209009    0.53823895   -0.00388320    0.17681784
  590    5    -5.79881     1.98586    -3.40043     -0.00215439    0.53823895   -0.00400266    0.17495308
  591    5    -4.84254     2.80107    -4.34777     -0.00228659    0.53823895   -0.00424828    0.18018673
  592    5    -3.36158     2.79379    -4.87991     -0.00246129    0.53823895   -0.00457287    0.17752667
  593    5    -2.02819     1.96733    -4.75531     -0.00224365    0.53823895   -0.00416850    0.17438560
  594   16    -5.11602    -1.42105    -0.68335     -0.00498503    1.31234454   -0.00379857    0.17775493
  595    5    -5.48365    -0.22875    -1.15958     -0.00427963    1.85318747   -0.00230933    0.17445332
  596   19     0.43695     0.31868    -4.36864     -0.00146060    0.84581536   -0.00172685    0.15351012
  597   19     1.23454     1.08393    -3.79964     -0.00352624    1.69806962   -0.00207662    0.15216600
  598   19     1.87329     1.52342    -2.82785     -0.00103201    0.84581536   -0.00122013    0.14787642
  599    5    -0.40843     1.75510    -4.17317     -0.00323546    2.43300710   -0.00132982    0.15879838
  600    5     0.62913     2.62536    -3.06016     -0.00273447    2.43300710   -0.00112391    0.15341807
  601    7    -4.50575    -0.53263     2.27163     -0.00175429    0.80073924   -0.00219084    0.16879512
  602    6    -4.67276     0.14551     2.03606     -0.00173551    0.76414992   -0.00227116    0.17026709
  603    7    -2.31401    -5.13984    -0.20753     -0.00035811    0.22609501   -0.00158391    0.14055738
  604    9    -1.87011    -5.76728    -0.43028     -0.00016959    0.22609501   -0.00075010    0.12957845
  605   20    -1.89847    -5.83470    -0.72152     -0.00022194    0.22609501   -0.00098162    0.12937610
  606    7    -1.53789    -5.19809     1.67294     -0.00047390    0.22784685   -0.00207990    0.13946398
  607    9    -1.08002    -5.82612     1.48234     -0.00012849    0.22784685   -0.00056392    0.12865090
  608   21    -0.89718    -5.90541     1.70704     -0.00028087    0.22784685   -0.00123273    0.12894967
  609    9    -1.53591    -5.82854     0.74800     -0.00050107    1.74871857   -0.00028654    0.12697305
  610    7    -2.40147    -4.99821     0.73591     -0.00225808    1.74871857   -0.00129128    0.14263493
  611    7    -2.71001    -4.82356    -0.22000     -0.00068853    0.29833531   -0.00230791    0.14831141
  612   16    -2.89776    -4.73131    -0.43428     -0.00087370    0.29833531   -0.00292858    0.15094563
  613   20    -2.17724    -5.41148    -0.75747     -0.00042386    0.29833531   -0.00142075    0.13602049
  614   16    -3.51663    -4.43773    -0.08100     -0.00091789    0.26878273   -0.00341499    0.15457439
  615   16    -4.31597    -3.65557     0.42854     -0.00190464    0.61209335   -0.00311167    0.15936176
  616   16    -4.95005    -2.32245     0.34051     -0.00188321    0.61209335   -0.00307667    0.16789714
  617    7    -3.62051    -4.21487     0.49219     -0.00165105    0.57177312   -0.00288759    0.15507656
  618    7    -4.59116    -2.93614     0.88375     -0.00157433    0.57177312   -0.00275342    0.16034887
  619    7    -5.00063    -1.69005     0.56085     -0.00087916    0.32579725   -0.00269849    0.16832948
  620    7    -1.71783    -4.80405     2.20519     -0.00063338    0.29501119   -0.00214697    0.14792846
  621   17    -1.68598    -4.70734     2.48679     -0.00088517    0.29501119   -0.00300048    0.15092252
  622   21    -0.98351    -5.41090     2.15053     -0.00042948    0.29501119   -0.00145581    0.13615901
  623   17    -3.54299    -1.75424     3.66792     -0.00081251    0.27409572   -0.00296434    0.16952179
  624   17    -3.57049    -2.91191     3.19479     -0.00176864    0.62734949   -0.00281922    0.16263571
  625   17    -2.74387    -4.10282     2.79567     -0.00189720    0.62734949   -0.00302415    0.15762032
  626    7    -3.80417    -2.03616     3.16854     -0.00184657    0.58050277   -0.00318098    0.16676438
  627    7    -3.44522    -3.56900     2.58259     -0.00163046    0.58050277   -0.00280870    0.15698840
  628    7    -2.45391    -4.48274     2.31295     -0.00096420    0.33223724   -0.00290215    0.15166918
  629   20    -1.99248    -5.95754    -0.87375     -0.00000353    0.01837754   -0.00019224    0.12750085
  630    7    -2.71963    -5.01879    -0.09880      0.00004536    0.02621149    0.00173040    0.14244127
  631   21    -0.81430    -5.99129     2.00655     -0.00012061    0.23806857   -0.00050663    0.12779927
  632    7    -1.86488    -5.04684     1.98633     -0.00014521    0.33936938   -0.00042789    0.14130961
  633    8     3.28182    -2.91854     2.56189     -0.00012199    0.09155112   -0.00133248    0.13517177
  634    9     3.33523    -3.38823     2.48248     -0.00007535    0.09155112   -0.00082302    0.12916806
  635   18     3.44490    -2.66863     2.55477     -0.00014430    0.09155112   -0.00157616    0.13730678
  636    8     0.42107    -2.78286    -4.12118     -0.00009663    0.09196711   -0.00105066    0.13534033
  637    9     0.50846    -3.25417    -4.12125     -0.00006765    0.09196711   -0.00073563    0.12955678
  638   19     0.54340    -2.53146    -4.22590     -0.00018192    0.09196711   -0.00197811    0.13742740
  639    8    -0.11326    -3.33158    -3.86325     -0.00006729    0.09457292   -0.00071156    0.13446482
  640    9    -0.05890    -3.80121    -3.94257     -0.00008498    0.09457292   -0.00089859    0.13023456
  641   20    -0.22848    -4.04689    -3.93521     -0.00012964    0.09457292   -0.00137076    0.13040461
  642    8     2.60816    -3.48643     2.78538     -0.00008629    0.09401617   -0.00091783    0.13473450
  643    9     2.69490    -3.95788     2.78520     -0.00006281    0.09401617   -0.00066811    0.13018627
  644   21     2.56607    -4.20659     2.88871     -0.00010579    0.09401617   -0.00112524    0.13042201
  645    9     3.10861    -3.76729     2.64729     -0.00007071    0.35270600   -0.00020049    0.12735768
  646    8     2.89298    -3.11182     2.75196     -0.00006055    0.35270600   -0.00017167    0.13518552
  647    9     0.17838    -3.63915    -4.06817      0.00003535    0.28417693    0.00012439    0.12800430
  648    8     0.16529    -2.94548    -4.04748     -0.00014527    0.28417693   -0.00051120    0.13516033
  649    8     5.04676    -0.99704    -0.91844     -0.00011110    0.22568234   -0.00049230    0.11836949
  650   10     5.48971    -1.63327    -1.13520      0.00014406    0.22568234    0.00063831    0.10842750
  651   18     5.07192    -0.92241    -0.62878     -0.00025663    0.22568234   -0.00113713    0.12123872
  652    8     4.19344    -0.97098    -2.92658     -0.00010235    0.22373591   -0.00045746    0.11828087
  653   10     4.65118    -1.60808    -3.10688      0.00003479    0.22373591    0.00015550    0.10930631
  654   19     4.00224    -0.88562    -3.14165     -0.00030838    0.22373591   -0.00137830    0.12128768
  655   10     5.40447    -1.79051    -2.47741      0.00070240    1.87609216    0.00037439    0.10207227
  656    8     4.83015    -0.96356    -1.80006     -0.00001850    1.87609216   -0.00000986    0.11405820
  657    8     1.36317    -1.81822     3.43832     -0.00206546    0.75807588   -0.00272460    0.16763341
  658   14     0.98943    -1.00518     4.18868     -0.00361973    0.75807588   -0.00477489    0.18260781
  659   17     0.74307    -1.84938     3.84886     -0.00293183    0.75807588   -0.00386747    0.17628171
  660    8     2.20824    -1.49842     3.21119     -0.00086142    0.38108409   -0.00226045    0.16083188
  661   14     1.76336    -0.66317     3.88273     -0.00166850    0.38108409   -0.00437831    0.17462163
  662   18     2.44718    -1.31216     3.19440     -0.00082011    0.38108409   -0.00215205    0.16011595
  663   14     1.38690    -0.61613     4.57711     -0.00147245    0.42219256   -0.00348762    0.17952145
  664    8     2.02708    -1.76651     3.46865      0.00000427    0.62131939    0.00000687    0.15708841
  665    8    -1.57765    -1.83791    -3.26809     -0.00205910    0.74358748   -0.00276915    0.16758697
  666   15    -2.44968    -1.05181    -3.49732     -0.00357718    0.74358748   -0.00481070    0.18291290
  667   16    -2.30225    -1.87611    -3.10697     -0.00288413    0.74358748   -0.00387866    0.17685383
  668    8    -0.77660    -1.41994    -3.74953     -0.00075153    0.39649085   -0.00189544    0.15980094
  669   15    -1.64712    -0.61678    -3.85076     -0.00165716    0.39649085   -0.00417955    0.17399661
  670   19    -0.59618    -1.22668    -3.89900     -0.00087570    0.39649085   -0.00220862    0.15933358
  671   15    -2.40884    -0.57783    -4.10624     -0.00176817    0.53366349   -0.00331326    0.17881148
  672    8    -1.16852    -1.78516    -3.75673     -0.00012964    0.78954020   -0.00016419    0.15684787
  673    8    -1.16701    -3.05888    -3.23625     -0.00082242    0.57016267   -0.00144243    0.15026350
  674   16    -1.85897    -3.04297    -2.97365     -0.00149073    0.57016267   -0.00261457    0.15922366
  675   20    -1.19375    -3.78976    -3.28160     -0.00075090    0.57016267   -0.00131699    0.14294707
  676   16    -2.28423    -2.46868    -3.04931     -0.00099033    0.28257757   -0.00350464    0.16943952
  677    8    -1.24481    -2.54614    -3.39934     -0.00033590    0.39889466   -0.00084209    0.15384123
  678    8     1.54774    -3.19723     3.08606     -0.00081020    0.57126246   -0.00141826    0.14908759
  679   17     0.88387    -3.16177     3.41271     -0.00151490    0.57126246   -0.00265185    0.15804636
  680   21     1.53749    -3.93024     3.10834     -0.00074996    0.57126246   -0.00131281    0.14169475
  681   17     0.66440    -2.61581     3.78969     -0.00125489    0.38454250   -0.00326332    0.16717134
  682    8     1.64620    -2.52711     3.29663     -0.00054856    0.54271972   -0.00101076    0.15440905
  683   18     4.86348    -0.25283    -0.44991     -0.00042490    0.27878766   -0.00152409    0.12739821
  684   18     4.10728     0.72973    -0.21320     -0.00106230    0.63857044   -0.00166355    0.13823397
  685    8     4.45795     0.10592    -0.78260     -0.00076134    0.59033446   -0.00128968    0.12883677
  686    8     3.58132     1.11773    -0.41872     -0.00028714    0.33792444   -0.00084973    0.13869618
  687   18     3.08773    -1.93542     2.91136     -0.00087082    0.36664659   -0.00237508    0.14909487
  688    8     2.94561    -2.38670     2.82512     -0.00065647    0.44442011   -0.00147714    0.14470079
  689   19     2.60638     1.16297    -2.53125     -0.00042558    0.29641176   -0.00143579    0.14216198
  690   19     3.47694     0.22464    -2.90914     -0.00116155    0.69104790   -0.00168085    0.13254323
  691    8     3.11422     0.83598    -2.27275     -0.00076961    0.61838968   -0.00124454    0.13638214
  692    8     3.95370    -0.27350    -2.73637     -0.00031644    0.35928698   -0.00088075    0.12387613
  693   19     0.24123    -1.96780    -4.25834     -0.00062148    0.34911328   -0.00178016    0.14534619
  694    8    -0.12137    -2.13951    -4.00157     -0.00071859    0.42316761   -0.00169812    0.14708167
  695   20    -0.72474    -4.16665    -3.75968     -0.00062667    0.53949738   -0.00116159    0.13412878
  696    8    -0.49742    -3.09508    -3.76632     -0.00021200    0.76144709   -0.00027842    0.13940912
  697   21     2.28362    -4.33611     3.06224     -0.00051869    0.45944156   -0.00112896    0.13209283
  698    8     2.20302    -3.24598     3.02074     -0.00020382    0.64857453   -0.00031425    0.14040619
  699    9     1.31222    -7.98653    -2.77828     -0.00001535    0.09257392   -0.00016582    0.09498222
  700   10     1.75661    -8.05279    -2.94063      0.00002057    0.09257392    0.00022220    0.09146238
  701   20     1.04760    -7.89575    -2.88266     -0.00001038    0.09257392   -0.00011208    0.09721616
  702    9     1.23361    -5.29481    -4.50881     -0.00001862    0.09257392   -0.00020112    0.10770218
  703   10     1.67904    -5.39662    -4.64830      0.00006619    0.09257392    0.00071504    0.10233628
  704   20     0.97584    -5.43825    -4.46261     -0.00003555    0.09257392   -0.00038407    0.10946599
  705    9     3.99941    -5.45935     2.21399     -0.00002115    0.09255631   -0.00022853    0.10755207
  706   10     4.41230    -5.55922     1.99542      0.00004462    0.09255631    0.00048208    0.10227284
  707   21     3.78123    -5.60510     2.35652     -0.00006968    0.09255631   -0.00075285    0.10950638
  708    9     2.79203    -8.07425     0.81852      0.00003445    0.09255631    0.00037224    0.09447548
  709   10     3.22087    -8.13959     0.61838      0.00012545    0.09255631    0.00135542    0.09062460
  710   21     2.67892    -7.99246     1.08248     -0.00003149    0.09255631   -0.00034024    0.09739534
  711    9     1.81593    -4.62082    -4.68053      0.00002509    0.08382846    0.00029930    0.10730021
  712   10     2.22839    -4.71987    -4.90012     -0.00001250    0.08382846   -0.00014908    0.10468950
  713   22     2.45403    -4.59375    -5.04683     -0.00007036    0.08382846   -0.00083935    0.10545862
  714    9     2.97228    -8.35319     0.23758      0.00003447    0.08756881    0.00039368    0.09104153
  715   10     3.40070    -8.49360     0.07970      0.00004396    0.08756881    0.00050206    0.08915174
  716   23     3.52333    -8.67518    -0.12032      0.00003000    0.08756881    0.00034255    0.08907885
  717    9     1.83029    -8.26345    -2.55074      0.00002584    0.08756881    0.00029511    0.09094133
  718   10     2.24322    -8.40265    -2.74644      0.00002168    0.08756881    0.00024757    0.08916118
  719   23     2.46673    -8.59216    -2.70013     -0.00004902    0.08756881   -0.00055984    0.08980423
  720    9     4.53566    -4.84118     1.96398      0.00001694    0.08394054    0.00020180    0.10703315
  721   10     4.98137    -4.94293     1.82563     -0.00001879    0.08394054   -0.00022382    0.10447502
  722   24     5.24793    -4.81988     1.77910     -0.00004994    0.08394054   -0.00059493    0.10495941
  723   10     4.81915    -5.21613     1.91378      0.00009320    0.31908553    0.00029208    0.10242338
  724    9     4.17883    -5.17786     2.17793      0.00011136    0.31908553    0.00034899    0.10711759
  725   10     3.41648    -8.36576     0.35662      0.00012347    0.18485228    0.00066792    0.08900380
  726    9     2.77137    -8.24687     0.56310      0.00009538    0.18485228    0.00051600    0.09251066
  727   10     2.08306    -8.30283    -2.87511      0.00018965    0.15390400    0.00123229    0.08840320
  728    9     1.45338    -8.12902    -2.66309      0.00005896    0.15390400    0.00038311    0.09293997
  729   10     2.01412    -5.13591    -4.85473      0.00017447    0.35364251    0.00049335    0.10144269
  730    9     1.42316    -4.86740    -4.60416      0.00010228    0.35364251    0.00028921    0.10795354
  731    9     4.29756    -3.67002     1.91469     -0.00015734    0.57370823   -0.00027426    0.11867499
  732   18     4.32461    -2.93535     1.95196     -0.00060691    0.57370823   -0.00105788    0.12623010
  733   24     4.99365    -3.71583     1.66547     -0.00024671    0.57370823   -0.00043003    0.11414686
  734   18     3.77017    -2.53768     2.47823     -0.00074510    0.47031349   -0.00158426    0.13608742
  735    9     3.79005    -3.62727     2.34390      0.00000684    0.66380100    0.00001031    0.12239095
  736    9     1.68502    -3.53692    -4.43874     -0.00015098    0.57340106   -0.00026330    0.11832616
  737   19     1.67840    -2.80150    -4.45702     -0.00052665    0.57340106   -0.00091847    0.12566699
  738   22     2.35646    -3.57301    -4.74974     -0.00031786    0.57340106   -0.00055434    0.11394000
  739   19     1.01295    -2.40508    -4.44947     -0.00079827    0.53788439   -0.00148409    0.13461744
  740    9     0.84151    -3.48508    -4.33462     -0.00000705    0.75904679   -0.00000928    0.12352993
  741   20    -0.11510    -4.53564    -4.16794     -0.00029748    0.26392001   -0.00112716    0.12523723
  742   20     0.47233    -5.21605    -4.42519     -0.00020144    0.26392001   -0.00076325    0.11534082
  743    9     0.48758    -4.61674    -4.27637     -0.00065313    0.56595690   -0.00115402    0.12033248
  744   20     0.56777    -7.97232    -2.67145     -0.00019344    0.24211466   -0.00079896    0.10056769
  745   20    -0.13284    -7.97187    -1.81420     -0.00059248    0.53621453   -0.00110494    0.10385069
  746   20    -1.07140    -7.34932    -1.08790     -0.00047386    0.53621453   -0.00088372    0.11094916
  747   20    -1.70910    -6.46207    -0.90949     -0.00020879    0.24211466   -0.00086234    0.12137009
  748    9     0.63767    -8.09878    -2.09699     -0.00034697    0.52853702   -0.00065647    0.09894594
  749    9    -0.38481    -7.81401    -1.03874     -0.00015405    0.52853702   -0.00029146    0.10290030
  750    9    -1.35397    -6.77772    -0.55576     -0.00037702    0.52853702   -0.00071333    0.11520692
  751   21     3.39925    -5.38821     2.69415     -0.00028006    0.26630911   -0.00105164    0.11542331
  752   21     2.80519    -4.70339     2.95441     -0.00020294    0.26630911   -0.00076206    0.12491924
  753    9     3.31102    -4.78072     2.60340     -0.00067042    0.56994419   -0.00117629    0.12035051
  754   21    -0.64115    -6.53537     1.67623     -0.00016660    0.24144112   -0.00069003    0.12065588
  755   21    -0.07511    -7.41389     1.31969     -0.00046741    0.53441648   -0.00087462    0.11066434
  756   21     1.09093    -8.04553     1.15107     -0.00056483    0.53441648   -0.00105690    0.10369945
  757   21     2.18882    -8.06835     1.26699     -0.00023102    0.24144112   -0.00095685    0.10047343
  758    9    -0.64138    -6.82918     1.16276     -0.00024647    0.52735137   -0.00046738    0.11489926
  759    9     0.37085    -7.86214     0.78361     -0.00011866    0.52735137   -0.00022501    0.10270601
  760    9     1.83377    -8.16995     0.80483     -0.00034025    0.52735137   -0.00064521    0.09883205
  761   22     2.57969    -4.28726    -5.14891     -0.00028121    0.45505759   -0.00061796    0.10714265
  762    9     1.60870    -4.15278    -4.64049      0.00019990    0.64213354    0.00031130    0.11181396
  763   23     3.38208    -8.91977    -0.48816     -0.00050838    0.69652737   -0.00072987    0.09045830
  764   23     2.78462    -8.93365    -1.81732     -0.00193111    1.42552128   -0.00135467    0.09341398
  765    9     2.22879    -8.55310    -0.53894      0.00025941    1.90851606    0.00013592    0.09128711
  766    9     1.64546    -8.45099    -2.08311      0.00051411    0.98236453    0.00052333    0.09074324
  767   24     5.41269    -4.34259     1.75659     -0.00041998    0.50915223   -0.00082487    0.10854273
  768    9     4.37248    -4.46337     2.11155      0.00020619    0.71836999    0.00028702    0.11074443
  769   10     5.95113    -2.01781    -0.97985     -0.00003331    0.30062461   -0.00011081    0.10547006
  770   18     5.40260    -1.40999    -0.46563     -0.00010973    0.30062461   -0.00036501    0.11595178
  771   24     6.13123    -2.12405    -0.76396     -0.00019534    0.30062461   -0.00064980    0.10606051
  772   18     5.20642    -0.82767    -0.39747     -0.00008937    0.16195766   -0.00055183    0.12140193
  773   10     5.92764    -1.78086    -1.18412      0.00026077    0.23122926    0.00112775    0.10352109
  774   10     4.90831    -1.93367    -3.42787      0.00007277    0.30273995    0.00024038    0.10528748
  775   19     4.15623    -1.32064    -3.39167     -0.00006782    0.30273995   -0.00022401    0.11573415
  776   22     4.88655    -2.02387    -3.71377     -0.00017049    0.30273995   -0.00056316    0.10622814
  777   19     3.95870    -0.75361    -3.31785     -0.00002448    0.03609331   -0.00067819    0.12127287
  778   10     5.00847    -1.73402    -3.34150      0.00012512    0.05155834    0.00242668    0.10343754
  779   20     0.82407    -5.89747    -4.42269     -0.00060899    0.73096444   -0.00083313    0.10863522
  780   20     0.86585    -7.22519    -3.66827     -0.00216996    1.50133838   -0.00144535    0.10500810
  781   10     1.87651    -6.51160    -4.46336      0.00039185    1.99779124    0.00019614    0.09459746
  782   10     1.91505    -7.92610    -3.46224      0.00057533    1.03097105    0.00055805    0.08930795
  783   21     2.83986    -7.79197     1.49398     -0.00050084    0.73084503   -0.00068528    0.09999509
  784   21     3.46689    -6.59371     2.20388     -0.00217535    1.50107068   -0.00144920    0.10848150
  785   10     3.99835    -7.53898     1.21061      0.00041938    1.99748448    0.00020995    0.09123470
  786   10     4.60371    -6.08017     1.92399      0.00058488    1.03080189    0.00056740    0.09661775
  787   22     5.54683    -2.30785    -3.92087     -0.00011915    0.24257108   -0.00049121    0.10004723
  788   22     6.41482    -2.98217    -4.09849     -0.00040873    0.53835742   -0.00075922    0.09230503
  789   22     6.89787    -4.15771    -4.54560     -0.00042863    0.53835742   -0.00079618    0.08527964
  790   22     6.52961    -5.32732    -5.10374     -0.00046991    0.53835742   -0.00087285    0.08209310
  791   22     5.45957    -6.01604    -5.54624     -0.00035079    0.53835742   -0.00065160    0.08251076
  792   22     4.12230    -5.94419    -5.69342     -0.00043375    0.53835742   -0.00080568    0.08836780
  793   22     3.06084    -5.14094    -5.48551     -0.00061322    0.53835742   -0.00113905    0.09941485
  794   10     5.99319    -2.48948    -3.57575     -0.00007866    0.52840088   -0.00014886    0.09491295
  795   10     6.94961    -3.59829    -3.93066      0.00004333    0.52840088    0.00008200    0.08426894
  796   10     7.01733    -4.98174    -4.52367     -0.00010626    0.52840088   -0.00020111    0.07906154
  797   10     6.16885    -6.07800    -5.11396     -0.00001394    0.52840088   -0.00002638    0.07720132
  798   10     4.74873    -6.44191    -5.46183     -0.00000382    0.52840088   -0.00000724    0.08023169
  799   10     3.33368    -5.92567    -5.42600     -0.00018041    0.52840088   -0.00034142    0.09041535
  800   10     2.53313    -5.04216    -5.14834     -0.00003007    0.29402555   -0.00010228    0.10027117
  801   23     2.82719    -8.77458    -3.04529     -0.00017748    0.24447172   -0.00072597    0.08863975
  802   23     3.57563    -8.61572    -3.86818     -0.00045260    0.54392618   -0.00083210    0.08484442
  803   23     4.86613    -8.42697    -4.25007     -0.00040656    0.54392618   -0.00074745    0.07954094
  804   23     6.12879    -8.31319    -3.76062     -0.00043046    0.54392618   -0.00079140    0.07695133
  805   23     6.84018    -8.32153    -2.60273     -0.00050341    0.54392618   -0.00092552    0.07674985
  806   23     6.70537    -8.44854    -1.25643     -0.00042276    0.54392618   -0.00077725    0.07786899
  807   23     5.78025    -8.64157    -0.27984     -0.00039129    0.54392618   -0.00071938    0.08180396
  808   23     4.44834    -8.82059    -0.07782     -0.00057611    0.54392618   -0.00105918    0.08802286
  809   10     2.85150    -8.39929    -3.50622     -0.00029344    0.53125812   -0.00055235    0.08723121
  810   10     4.07624    -8.17830    -4.37837     -0.00009164    0.53125812   -0.00017250    0.07945093
  811   10     5.58405    -7.99964    -4.31485     -0.00002800    0.53125812   -0.00005271    0.07486958
  812   10     6.74987    -7.93737    -3.34198     -0.00005989    0.53125812   -0.00011273    0.07342090
  813   10     7.09037    -8.01730    -1.86308     -0.00012792    0.53125812   -0.00024078    0.07393610
  814   10     6.46441    -8.20631    -0.49125     -0.00002482    0.53125812   -0.00004672    0.07652479
  815   10     5.13148    -8.42603     0.20480     -0.00018503    0.53125812   -0.00034828    0.08334899
  816   10     3.90612    -8.57040     0.14315     -0.00009283    0.29632935   -0.00031326    0.08831560
  817   24     5.72379    -5.04357     1.75326     -0.00016552    0.24161464   -0.00068505    0.10178618
  818   24     6.39483    -5.84843     1.38962     -0.00045804    0.53577405   -0.00085492    0.09318588
  819   24     7.30626    -6.28380     0.50538     -0.00033683    0.53577405   -0.00062868    0.08458905
  820   24     8.00265    -5.92040    -0.58325     -0.00038056    0.53577405   -0.00071031    0.08165639
  821   24     8.20343    -4.90464    -1.43768     -0.00045817    0.53577405   -0.00085516    0.08319374
  822   24     7.82772    -3.64576    -1.71367     -0.00027980    0.53577405   -0.00052223    0.08775288
  823   24     7.02687    -2.65093    -1.30003     -0.00038975    0.53577405   -0.00072744    0.09732697
  824   10     5.63606    -5.61678     1.63590     -0.00037454    0.52674501   -0.00071104    0.09717896
  825   10     6.62122    -6.49781     0.92368     -0.00012701    0.52674501   -0.00024113    0.08439449
  826   10     7.56930    -6.54025    -0.23967     -0.00003125    0.52674501   -0.00005933    0.07808028
  827   10     8.09834    -5.72701    -1.38543     -0.00013555    0.52674501   -0.00025733    0.07777349
  828   10     7.99519    -4.38571    -2.05201     -0.00004749    0.52674501   -0.00009016    0.08096504
  829   10     7.30141    -3.05676    -1.97084     -0.00003287    0.52674501   -0.00006241    0.08857313
  830   10     6.51005    -2.30755    -1.42335      0.00006003    0.29286623    0.00020497    0.09797338
  831   17     0.37834    -1.96199     4.39540     -0.00165117    0.77421056   -0.00213271    0.17328953
  832   17    -0.59853    -1.85355     4.91406     -0.00447130    1.54845353   -0.00288759    0.17587927
  833   17    -1.65255    -1.52528     5.04169     -0.00173803    0.77421056   -0.00224490    0.17445216
  834   14     0.43826    -0.79542     5.17267     -0.00559985    1.54845353   -0.00361641    0.18324841
  835   14    -0.82875    -0.52296     5.57587     -0.00537925    1.54845353   -0.00347395    0.18191583
  836   18     3.48282     0.03749     3.04814     -0.00098234    0.82871396   -0.00118538    0.15315215
  837   18     3.02938    -0.81209     3.31303     -0.00224417    1.65530755   -0.00135574    0.15533921
  838   14     2.42281     0.55042     4.30944     -0.00405331    1.65530755   -0.00244868    0.17155831
  839   14     1.91599    -0.28384     4.52089     -0.00176066    0.82871396   -0.00212457    0.17352938
  840   16    -4.93271    -1.64506    -1.97870     -0.00201584    0.82955937   -0.00243002    0.17530067
  841   16    -4.08978    -1.96535    -2.77557     -0.00502219    1.65994922   -0.00302551    0.17729305
  842   16    -2.96762    -2.01275    -3.20756     -0.00184644    0.82955937   -0.00222581    0.17423081
  843   15    -4.84337    -0.67519    -2.96972     -0.00596391    1.65994922   -0.00359283    0.18322529
  844   15    -3.61822    -0.90443    -3.73587     -0.00625062    1.65994922   -0.00376555    0.18445673
  845   19    -0.45343    -0.98081    -4.30538     -0.00082059    0.99030079   -0.00082863    0.15378933
  846   19    -0.05951    -0.22377    -4.49730     -0.00083698    0.99030079   -0.00084518    0.15293090
  847   15    -1.82446     0.19268    -4.48388     -0.00474799    1.97728574   -0.00240127    0.17360706
  848   20    -2.22958    -5.86439    -1.23009     -0.00031900    0.87161916   -0.00036599    0.12867335
  849   20    -2.28122    -5.47202    -2.29711     -0.00172225    1.74232853   -0.00098848    0.13328342
  850   20    -1.75817    -4.61363    -3.25176     -0.00168680    1.74232853   -0.00096813    0.13722943
  851   16    -3.22201    -4.66797    -1.20581     -0.00312652    1.74232853   -0.00179445    0.15004572
  852   16    -3.05167    -4.01798    -2.41835     -0.00326387    1.74232853   -0.00187328    0.15451557
  853   16    -2.46627    -3.24922    -3.01959     -0.00121651    0.87161916   -0.00139569    0.15792709
  854   21     1.43403    -4.45636     3.44462     -0.00044577    0.84319502   -0.00052867    0.13568571
  855   21     0.59826    -5.16858     3.44945     -0.00168375    1.68532410   -0.00099907    0.13446503
  856   21    -0.40559    -5.75757     2.78473     -0.00158204    1.68532410   -0.00093872    0.13138163
  857   17     0.18900    -3.63790     3.90919     -0.00300663    1.68532410   -0.00178401    0.15611145
  858   17    -0.86218    -4.42687     3.64647     -0.00318176    1.68532410   -0.00188792    0.15102572
  859   17    -1.61253    -4.77819     2.92582     -0.00111548    0.84319502   -0.00132292    0.14708943
  860   24     6.40056    -2.06521    -0.40529      0.00006733    0.84907234    0.00007930    0.10542287
  861   24     6.39307    -2.44717     0.62032     -0.00085311    1.69693643   -0.00050273    0.11007336
  862   24     5.84149    -3.25372     1.53133     -0.00087882    1.69693643   -0.00051789    0.11213022
  863   18     5.46436    -1.08029     0.40006     -0.00131259    1.69693643   -0.00077350    0.12291292
  864   18     5.23745    -1.70014     1.56153     -0.00156404    1.69693643   -0.00092168    0.12654287
  865   18     4.64417    -2.41895     2.13525     -0.00038084    0.84907234   -0.00044854    0.12701295
  866   22     2.74854    -3.37140    -5.21161     -0.00010652    0.86036562   -0.00012381    0.11082293
  867   22     3.58528    -2.64697    -5.18379     -0.00100904    1.71952573   -0.00058682    0.11134215
  868   22     4.56704    -2.05656    -4.46872     -0.00069197    1.71952573   -0.00040242    0.10814405
  869   19     2.09574    -1.98725    -4.80987     -0.00145977    1.71952573   -0.00084893    0.12722802
  870   19     3.13947    -1.18778    -4.50130     -0.00156899    1.71952573   -0.00091245    0.12451369
  871   19     3.86437    -0.84063    -3.73991     -0.00034620    0.86036562   -0.00040239    0.12009566
