COSMO Results from DMol3

Note: COSMO for ideal conductor limit (fepsi= 1.0000)
  Basic Grid Size                  =   1082
  Number of Segments on an Atom    =     92
  Number of Segments on Hydrogen   =     32
  Solvent Radius    [au]           =   2.46
  A - Matrix Cutoff [au]           =  13.23
  factor for Outlying Charge corr  =   0.85
  maximum segment or cutoff radius =   1.36
  total number of segments         =     92
  number of charge corr segments   =     92




$coordinates xyz [au]                         and cosmo atom analysis:   radius   charge    area  charge density  (srad)
Cl            0.00000000000000    0.00000000000000    0.00000000000000   3.8739   0.9999   188.59     0.00530    6.3306
$end


$cosmo_energy               [Hartree atomic units]       [eV]     [kcal/mol]
  Total energy                 =       -460.417666
  Total energy + OC corr.      =       -460.423483
  Dielectric energy            =         -0.123013      -3.347      -77.19
  Diel. energy + OC corr.      =         -0.128830      -3.506      -80.84

  Surface area of cavity [au]  =           188.589
  Total Volume of cavity [au]  =           243.527


$screening_charge
  cosmo           =    0.97707
  corrected total =    0.99990


$segment information
    n  atom        position (X, Y, Z) [au]            charge       area [au]   charge/area    potential [au]

    1    1    -3.87226     0.01876    -0.11184      0.01025991    1.91725882    0.00535135   -0.25779718
    2    1    -1.73530    -2.62123    -2.26388      0.00939295    1.74296257    0.00538907   -0.25789470
    3    1    -1.73699     1.26518    -3.22329      0.00935888    1.74296257    0.00536952   -0.25788328
    4    1    -1.80860     3.42408     0.10995      0.00943378    1.74296257    0.00541250   -0.25790499
    5    1    -1.86774     0.92729     3.26482      0.00937758    1.74296257    0.00538025   -0.25789592
    6    1    -1.68056    -2.96373     1.84371      0.00856168    1.56866631    0.00545794   -0.25801563
    7    1     1.86800    -0.92726    -3.26469      0.00937781    1.74296257    0.00538039   -0.25789476
    8    1     1.68031     2.96374    -1.84401      0.00856106    1.56866631    0.00545754   -0.25801178
    9    1     1.73494     2.62116     2.26429      0.00939268    1.74296257    0.00538891   -0.25789223
   10    1     1.73745    -1.26534     3.22298      0.00935955    1.74296257    0.00536991   -0.25788322
   11    1     1.80871    -3.42401    -0.11007      0.00943454    1.74296257    0.00541294   -0.25790549
   12    1     3.87300     0.03720     0.07750      0.01109553    2.09155508    0.00530492   -0.25767675
   13    1    -3.58947    -1.17333    -0.86383      0.01104620    2.09155508    0.00528133   -0.25766408
   14    1    -2.81228    -2.03348    -1.72142      0.01025060    1.91725882    0.00534649   -0.25776844
   15    1    -3.57207     0.42995    -1.43622      0.01105343    2.09155508    0.00528479   -0.25766089
   16    1    -2.82139     0.79922    -2.53147      0.00944487    1.74296257    0.00541886   -0.25788479
   17    1    -3.59888     1.43349    -0.02222      0.01104543    2.09155508    0.00528097   -0.25765979
   18    1    -2.87282     2.57968     0.31546      0.01020394    1.91725882    0.00532215   -0.25776492
   19    1    -3.64892     0.43673     1.22552      0.01030923    1.91725882    0.00537707   -0.25777681
   20    1    -2.98202     0.61970     2.39391      0.00933251    1.74296257    0.00535440   -0.25787732
   21    1    -3.62312    -1.08202     0.84228      0.01278332    2.44014759    0.00523875   -0.25746550
   22    1    -2.87362    -2.15806     1.44648      0.01109082    2.09155508    0.00530267   -0.25768761
   23    1     3.59917    -1.43283     0.02192      0.01106177    2.09155508    0.00528878   -0.25766254
   24    1     2.87291    -2.57958    -0.31554      0.01020298    1.91725882    0.00532165   -0.25776501
   25    1     3.57247    -0.43001     1.43530      0.01106997    2.09155508    0.00529270   -0.25766372
   26    1     2.82235    -0.79870     2.53059      0.00944410    1.74296257    0.00541842   -0.25788459
   27    1     3.58935     1.17401     0.86362      0.01105143    2.09155508    0.00528383   -0.25766166
   28    1     2.81168     2.03417     1.72167      0.01024922    1.91725882    0.00534577   -0.25776554
   29    1     3.60354     1.11454    -0.88312      0.01195042    2.26585133    0.00527414   -0.25756077
   30    1     2.87359     2.15810    -1.44660      0.01107412    2.09155508    0.00529468   -0.25767880
   31    1     3.64879    -0.43678    -1.22602      0.01030997    1.91725882    0.00537745   -0.25777435
   32    1     2.98164    -0.62014    -2.39432      0.00933087    1.74296257    0.00535345   -0.25787424
   33    1    -1.93787    -1.50605    -2.99730      0.01013767    1.91725882    0.00528759   -0.25776043
   34    1    -1.99970    -0.12826    -3.31543      0.01012002    1.91725882    0.00527838   -0.25774007
   35    1    -2.01478     2.23938    -2.43582      0.01194558    2.26585133    0.00527200   -0.25756739
   36    1    -2.04271     3.08799    -1.13977      0.01108836    2.09155508    0.00530149   -0.25768850
   37    1    -1.96141     2.97642     1.51698      0.01110406    2.09155508    0.00530900   -0.25768460
   38    1    -2.03417     2.04308     2.58754      0.01100707    2.09155508    0.00526262   -0.25765199
   39    1    -1.99609    -0.36929     3.29948      0.01020135    1.91725882    0.00532080   -0.25777895
   40    1    -1.97601    -1.87220     2.75636      0.01105965    2.09155508    0.00528776   -0.25767940
   41    1    -1.98947    -3.25812     0.65868      0.01187551    2.26585133    0.00524108   -0.25756113
   42    1    -2.01896    -3.17103    -0.93573      0.01198615    2.26585133    0.00528991   -0.25758037
   43    1     1.99609     0.36930    -3.29951      0.01020228    1.91725882    0.00532129   -0.25777665
   44    1     1.97649     1.87226    -2.75602      0.01106023    2.09155508    0.00528804   -0.25767568
   45    1     1.98977     3.25801    -0.65859      0.01187615    2.26585133    0.00524136   -0.25755666
   46    1     2.01929     3.17094     0.93552      0.01198660    2.26585133    0.00529011   -0.25757679
   47    1     1.93838     1.50598     2.99703      0.01013727    1.91725882    0.00528738   -0.25775895
   48    1     1.99936     0.12805     3.31566      0.01012093    1.91725882    0.00527885   -0.25773948
   49    1     2.01461    -2.23936     2.43598      0.01194553    2.26585133    0.00527198   -0.25756747
   50    1     2.04248    -3.08808     1.13992      0.01108855    2.09155508    0.00530158   -0.25768883
   51    1     1.96141    -2.97656    -1.51670      0.01110433    2.09155508    0.00530913   -0.25768476
   52    1     2.03391    -2.04308    -2.58775      0.01100636    2.09155508    0.00526229   -0.25765149
   53    1    -0.66765    -2.24256    -3.08748      0.01018891    1.91725882    0.00531431   -0.25777630
   54    1     0.63741    -1.74690    -3.39845      0.01110147    2.09155508    0.00530776   -0.25765786
   55    1     0.58498    -0.18153    -3.82522      0.01277105    2.44014759    0.00523372   -0.25743177
   56    1    -0.66209     0.55918    -3.77576      0.01019308    1.91725882    0.00531649   -0.25775807
   57    1    -0.51313     1.98805    -3.28509      0.01105708    2.09155508    0.00528654   -0.25767495
   58    1     0.60928     2.72626    -2.68399      0.01197060    2.26585133    0.00528305   -0.25757623
   59    1     0.51269     3.59624    -1.34600      0.01024586    1.91725882    0.00534402   -0.25779666
   60    1    -0.61418     3.78199    -0.57172      0.01106175    2.09155508    0.00528877   -0.25767163
   61    1    -0.67349     3.67483     1.02445      0.01198161    2.26585133    0.00528791   -0.25759075
   62    1     0.58513     3.37101     1.81698      0.01191120    2.26585133    0.00525683   -0.25755885
   63    1     0.66753     2.24252     3.08755      0.01018841    1.91725882    0.00531405   -0.25777499
   64    1    -0.63769     1.74685     3.39842      0.01110096    2.09155508    0.00530752   -0.25765761
   65    1    -0.58495     0.18167     3.82520      0.01277188    2.44014759    0.00523406   -0.25743232
   66    1     0.66258    -0.55918     3.77567      0.01019370    1.91725882    0.00531681   -0.25775811
   67    1     0.51261    -1.98788     3.28525      0.01105686    2.09155508    0.00528643   -0.25767556
   68    1    -0.60910    -2.72620     2.68405      0.01197126    2.26585133    0.00528334   -0.25757814
   69    1    -0.51276    -3.59620     1.34599      0.01024667    1.91725882    0.00534444   -0.25779905
   70    1     0.61439    -3.78194     0.57166      0.01106236    2.09155508    0.00528906   -0.25767303
   71    1     0.67316    -3.67486    -1.02450      0.01198186    2.26585133    0.00528802   -0.25759200
   72    1    -0.58470    -3.37091    -1.81725      0.01191132    2.26585133    0.00525689   -0.25756092
   73    1    -3.05038    -0.68585    -2.28737      0.01100927    2.09155508    0.00526368   -0.25764568
   74    1    -3.08880     1.95501    -1.28241      0.01275206    2.44014759    0.00522594   -0.25745872
   75    1    -3.06851     1.78010     1.55654      0.01100346    2.09155508    0.00526090   -0.25764616
   76    1    -2.99032    -0.79630     2.33048      0.01188675    2.26585133    0.00524604   -0.25755254
   77    1    -3.04960    -2.38493    -0.13877      0.01111099    2.09155508    0.00531231   -0.25767994
   78    1     3.08863    -1.95517     1.28263      0.01275117    2.44014759    0.00522557   -0.25745949
   79    1     3.05022     0.68546     2.28775      0.01100982    2.09155508    0.00526394   -0.25764503
   80    1     3.04987     2.38465     0.13896      0.01109862    2.09155508    0.00530640   -0.25767288
   81    1     2.98980     0.79701    -2.33096      0.01187129    2.26585133    0.00523922   -0.25754563
   82    1     3.06889    -1.77975    -1.55624      0.01100411    2.09155508    0.00526121   -0.25764555
   83    1    -0.79405    -0.90665    -3.68169      0.01021604    1.91725882    0.00532846   -0.25777207
   84    1    -0.78840     3.17241    -2.07888      0.01192020    2.26585133    0.00526080   -0.25757739
   85    1    -0.68256     2.87233     2.50824      0.01106540    2.09155508    0.00529051   -0.25766085
   86    1    -0.82140    -1.35319     3.53575      0.01109475    2.09155508    0.00530455   -0.25767481
   87    1    -0.76717    -3.78944    -0.24259      0.01193994    2.26585133    0.00526952   -0.25757695
   88    1     0.82123     1.35327    -3.53578      0.01109428    2.09155508    0.00530432   -0.25767337
   89    1     0.76670     3.78957     0.24268      0.01193937    2.26585133    0.00526927   -0.25757425
   90    1     0.79397     0.90659     3.68173      0.01021611    1.91725882    0.00532850   -0.25777145
   91    1     0.78874    -3.17234     2.07881      0.01192054    2.26585133    0.00526095   -0.25757829
   92    1     0.68292    -2.87235    -2.50810      0.01106525    2.09155508    0.00529044   -0.25766165
