-0.025 0.000
-0.024 0.000
-0.023 0.000
-0.022 0.000
-0.021 0.000
-0.020 0.000
-0.019 0.000
-0.018 0.000
-0.017 0.000
-0.016 0.000
-0.015 0.000
-0.014 0.000
-0.013 0.000
-0.012 0.000
-0.011 0.000
-0.010 0.000
-0.009 0.000
-0.008 0.000
-0.007 6.703
-0.006 5.697
-0.005 6.848
-0.004 1.240
-0.003 3.289
-0.002 1.985
-0.001 1.361
0.000 3.986
0.001 0.028
0.002 8.105
0.003 2.547
0.004 10.546
0.005 14.027
0.006 0.000
0.007 0.000
0.008 0.000
0.009 0.000
0.010 0.000
0.011 0.000
0.012 0.000
0.013 0.000
0.014 0.000
0.015 0.000
0.016 0.000
0.017 0.000
0.018 0.000
0.019 0.000
0.020 0.000
0.021 0.000
0.022 0.000
0.023 0.000
0.024 0.000
0.025 0.000
