COSMO Results from DMol3

Note: COSMO for ideal conductor limit (fepsi= 1.0000)
  Basic Grid Size                  =   1082
  Number of Segments on an Atom    =     92
  Number of Segments on Hydrogen   =     32
  Solvent Radius    [au]           =   2.46
  A - Matrix Cutoff [au]           =  13.23
  factor for Outlying Charge corr  =   0.85
  maximum segment or cutoff radius =   1.49
  total number of segments         =    709
  number of charge corr segments   =    297




$coordinates xyz [au]                         and cosmo atom analysis:   radius   charge    area  charge density  (srad)
C            -1.78147176184600   -0.51517048615006   -0.01789390360497   3.7795  -0.0925    52.08    -0.00178    6.2361
N             0.20405327883286    0.90392012409131    0.69426991469376   3.4582  -0.0045     3.50    -0.00130    5.9148
N            -1.08142894737944   -2.96104624116094   -0.03087456841783   3.4582  -0.0085     6.25    -0.00136    5.9148
C             1.43232340977328   -3.10302533713602    0.69125971892665   3.7795  -0.0452    52.98    -0.00085    6.2361
C             2.23529851022709   -0.68734394173455    1.14342876384502   3.7795  -0.0381    48.60    -0.00078    6.2361
C             0.21520568086294    3.70151724427327    0.91486491693039   3.7795  -0.0412    28.87    -0.00143    6.2361
C             1.90372407652323    4.96343621087137   -1.04614129577328   3.7795  -0.0067    57.78    -0.00012    6.2361
C            -2.69910680373659   -5.11224326886181   -0.72399886121476   3.7795  -0.0809    62.34    -0.00130    6.2361
H            -3.64488041753862    0.19292065487532   -0.49152239493984   2.4566  -0.0982    25.01    -0.00393    4.9133
H             2.42144955564169   -4.89407681791910    0.82897748815905   2.4566  -0.0819    24.88    -0.00329    4.9133
H             4.05926720030130    0.02190565998696    1.75144006409279   2.4566  -0.0804    24.34    -0.00330    4.9133
H             0.81633564547177    4.15183481112341    2.85089999004167   2.4566  -0.0615    25.56    -0.00240    4.9133
H            -1.75866269192828    4.30861266985731    0.72272942068275   2.4566  -0.0623    23.36    -0.00267    4.9133
H             1.29753369936196    4.51299621811422   -2.98021110095772   2.4566  -0.0378    25.83    -0.00146    4.9133
H             3.89254157947077    4.40937439940985   -0.82717772244625   2.4566  -0.0353    21.96    -0.00161    4.9133
H             1.79563155698043    7.02246986871308   -0.79720461197155   2.4566  -0.0393    24.14    -0.00163    4.9133
H            -2.71384689616839   -6.48902988047453    0.82438623413221   2.4566  -0.0612    24.93    -0.00246    4.9133
H            -1.97024334150074   -5.99686523754467   -2.45152982124604   2.4566  -0.0613    24.94    -0.00246    4.9133
H            -4.62372333334925   -4.43018665033443   -1.05570223093213   2.4566  -0.0627    23.14    -0.00271    4.9133
$end


$cosmo_energy               [Hartree atomic units]       [eV]     [kcal/mol]
  Total energy                 =       -344.700702
  Total energy + OC corr.      =       -344.697164
  Dielectric energy            =         -0.083492      -2.272      -52.39
  Diel. energy + OC corr.      =         -0.079953      -2.176      -50.17

  Surface area of cavity [au]  =           580.471
  Total Volume of cavity [au]  =          1053.553


$screening_charge
  cosmo           =   -1.02361
  corrected total =   -0.99948


$segment information
    n  atom        position (X, Y, Z) [au]            charge       area [au]   charge/area    potential [au]

    1    1    -1.86856    -1.09115     3.71639     -0.00087664    0.66359074   -0.00132106    0.15657359
    2    1    -4.68472    -1.41708     2.22751     -0.00106418    0.82948843   -0.00128294    0.16838987
    3    1    -2.28932     0.29423    -3.67457     -0.00166618    1.49307918   -0.00111593    0.16266967
    4    1    -3.33313     0.46776    -3.32099     -0.00210537    1.16128380   -0.00181297    0.17311936
    5    1    -4.39276     1.29234     2.03108     -0.00192595    0.82948843   -0.00232186    0.17711742
    6    1    -5.15253    -0.88710     1.64996     -0.00192114    0.82948843   -0.00231605    0.17710378
    7    1    -4.46061    -0.70895     2.64083     -0.00126903    1.32718149   -0.00095619    0.16396813
    8    1    -4.01243     0.76515     2.75118     -0.00165298    1.32718149   -0.00124548    0.16597735
    9    1    -2.74622     1.24143    -3.22225     -0.00132299    0.82948843   -0.00159494    0.16999938
   10    1    -3.10114    -0.75520    -3.55132     -0.00078809    1.16128380   -0.00067864    0.16909814
   11    1    -3.60102    -1.77539     3.04563     -0.00105926    1.49307918   -0.00070945    0.15995309
   12    1    -2.65700    -1.44216     3.53996     -0.00104179    1.16128380   -0.00089710    0.15633610
   13    1    -2.45873    -0.26185     3.69174     -0.00102667    1.16128380   -0.00088408    0.15636605
   14    1    -3.05633     0.47869     3.39842     -0.00083350    1.16128380   -0.00071774    0.15961636
   15    1    -1.10139    -0.03122    -3.70403     -0.00111961    0.99538612   -0.00112480    0.15770251
   16    1    -1.93297    -0.73159    -3.78810     -0.00072295    1.16128380   -0.00062255    0.16088472
   17    1    -0.99247    -1.10454    -3.66679     -0.00095078    0.99538612   -0.00095519    0.15863934
   18    1    -3.07826     1.90189    -2.61798     -0.00249741    0.82948843   -0.00301078    0.18010362
   19    1    -4.74783     0.21593     2.20705     -0.00163626    0.99538612   -0.00164385    0.17139923
   20    1    -3.90234    -0.62375    -3.14429     -0.00170524    0.66359074   -0.00256972    0.17966326
   21    1    -0.08148    -0.52283    -3.39344     -0.00171445    1.32718149   -0.00129180    0.15693980
   22    1    -3.58952    -0.47672     3.30079     -0.00133611    1.49307918   -0.00089487    0.15820714
   23    2    -0.66324     0.45570     4.01182     -0.00005941    0.13889369   -0.00042773    0.15491451
   24    2    -1.21337     1.04967     3.84529     -0.00013768    0.13889369   -0.00099126    0.15857369
   25    2    -0.56444     0.87159     4.06586      0.00008788    0.41668107    0.00021091    0.15549113
   26    3    -2.15167    -3.55433     3.20360     -0.00006917    0.55557476   -0.00012451    0.15778806
   27    3     0.04729    -2.62265    -3.28211     -0.00006332    0.13889369   -0.00045591    0.15785690
   28    3    -0.22502    -2.85148    -3.37954     -0.00008000    0.27778738   -0.00028799    0.15938292
   29    3    -1.83815    -3.22829     3.33293     -0.00008951    0.13889369   -0.00064448    0.15635119
   30    4     4.80184    -3.51339    -0.97073      0.00001351    1.16128380    0.00001163    0.13964578
   31    4     4.21982    -4.17233     3.00872     -0.00115345    0.99538612   -0.00115880    0.14997917
   32    4     1.27510    -4.68562     4.11980     -0.00010498    1.16128380   -0.00009040    0.13805729
   33    4     1.71511    -5.60936     3.50597     -0.00091538    1.16128380   -0.00078825    0.14826514
   34    4     4.77245    -4.07806     2.16675     -0.00083048    0.66359074   -0.00125150    0.15603642
   35    4     4.60194    -4.40836    -0.90056     -0.00099892    0.99538612   -0.00100355    0.14606314
   36    4     2.45377    -5.57849    -1.97579     -0.00141474    0.99538612   -0.00142130    0.15562681
   37    4     2.72313    -4.64187    -2.51032     -0.00055620    1.49307918   -0.00037252    0.14407877
   38    4     4.03047    -4.02261    -1.89492      0.00002731    1.16128380    0.00002352    0.13705555
   39    4     5.06912    -3.88877     0.02753     -0.00064599    0.82948843   -0.00077878    0.14914379
   40    4     5.08895    -3.79738     1.34790     -0.00070108    0.33179537   -0.00211299    0.15607247
   41    4     3.60760    -3.98843     3.65241     -0.00042305    1.16128380   -0.00036429    0.14199139
   42    4     2.35920    -4.79408     3.94172     -0.00021980    1.16128380   -0.00018927    0.13957427
   43    4     0.72433    -5.50299     3.52379     -0.00051156    0.99538612   -0.00051393    0.14837222
   44    4     1.92770    -3.58249    -3.02479     -0.00024463    1.32718149   -0.00018432    0.14406713
   45    4     1.84387    -2.45368    -3.00918     -0.00011531    1.49307918   -0.00007723    0.14297977
   46    4     3.00191    -2.60268    -2.71026      0.00094486    1.16128380    0.00081363    0.13345766
   47    4     4.04974    -3.00803    -2.03351      0.00081660    1.32718149    0.00061529    0.13204338
   48    4     1.05843    -3.59265     4.42016      0.00102656    1.65897686    0.00061879    0.13347525
   49    4     0.16701    -4.51626     3.96021     -0.00045272    1.16128380   -0.00038984    0.14285089
   50    4    -0.45177    -3.98876     3.84561     -0.00028828    0.66359074   -0.00043443    0.14610798
   51    4     3.17708    -4.91758     3.51038     -0.00083605    0.82948843   -0.00100792    0.14662546
   52    4     5.08679    -4.06057     0.80162     -0.00114246    0.49769306   -0.00229551    0.15504441
   53    4     3.64501    -4.89443    -1.79454     -0.00078439    1.16128380   -0.00067545    0.14540412
   54    4     1.13538    -6.18720     2.85552     -0.00057717    0.33179537   -0.00173954    0.15919059
   55    4    -0.16162    -3.09908     4.11814      0.00005668    1.49307918    0.00003796    0.14177141
   56    4     3.12307    -3.59691    -2.65265      0.00014289    1.32718149    0.00010766    0.13579194
   57    4     2.42043    -3.90470     4.25007      0.00073682    1.32718149    0.00055518    0.13382104
   58    5     3.93440    -2.22443     4.14920      0.00002053    1.16128380    0.00001768    0.13925439
   59    5     5.70896    -2.02366     0.48591     -0.00136521    0.99538612   -0.00137154    0.15004679
   60    5     4.60288    -0.09760    -1.74295     -0.00006695    0.82948843   -0.00008071    0.13557525
   61    5     5.41943    -0.00096    -0.77349     -0.00087784    0.99538612   -0.00088191    0.14492781
   62    5     5.63778    -2.30291     1.45553     -0.00049398    0.66359074   -0.00074440    0.15588487
   63    5     4.40126    -1.43202     4.14980     -0.00082238    0.99538612   -0.00082619    0.14550164
   64    5     3.26599     0.81407     4.45516     -0.00122951    0.99538612   -0.00123521    0.15234042
   65    5     2.56267     0.17639     4.80825     -0.00045248    1.32718149   -0.00034094    0.14274197
   66    5     3.35798    -1.19737     4.71605      0.00003268    1.16128380    0.00002814    0.13651912
   67    5     4.77750    -2.27566     3.44532     -0.00060381    0.82948843   -0.00072793    0.14876085
   68    5     5.30743    -2.57827     2.27070     -0.00080002    0.33179537   -0.00241117    0.15583802
   69    5     5.51540    -1.82714    -0.34862     -0.00042822    0.99538612   -0.00043020    0.14234996
   70    5     5.24243    -0.79759    -1.14337     -0.00003608    1.16128380   -0.00003107    0.13702492
   71    5     1.31135     0.17764     4.70464     -0.00023128    0.99538612   -0.00023236    0.14415269
   72    5     0.59050    -0.78143     4.54488     -0.00000883    1.49307918   -0.00000591    0.14140492
   73    5     1.43582    -1.57013     4.73030      0.00082165    0.99538612    0.00082546    0.13304839
   74    5     2.64490    -1.89524     4.70115      0.00075657    1.16128380    0.00065149    0.13175564
   75    5     4.04405    -0.75302    -2.17448      0.00106098    1.65897686    0.00063954    0.13189929
   76    5     5.72953    -1.03006    -0.25559     -0.00053564    0.66359074   -0.00080718    0.14613311
   77    5     5.23426    -2.28615     2.79701     -0.00101962    0.49769306   -0.00204869    0.15484185
   78    5     3.70422    -0.31048     4.60528     -0.00081621    1.16128380   -0.00070286    0.14475149
   79    5     2.87682    -0.45592    -2.57400      0.00018664    1.16128380    0.00016072    0.13764624
   80    5     2.03284    -0.81222     4.91537      0.00021910    1.65897686    0.00013207    0.13526297
   81    5     4.91588    -1.43403    -1.41418      0.00047085    0.82948843    0.00056764    0.13337103
   82    6    -0.41218     7.13061     2.37503     -0.00096003    0.99538612   -0.00096448    0.13850088
   83    6    -2.35733     4.37102     3.60150     -0.00049409    1.16128380   -0.00042547    0.14834021
   84    6    -0.31052     2.26677     4.37164     -0.00037560    0.33179537   -0.00113201    0.16016869
   85    6    -1.64848     4.52184     4.09888     -0.00045093    0.99538612   -0.00045302    0.14627725
   86    6    -0.51209     6.67229     3.13520     -0.00082611    0.99538612   -0.00082994    0.14013680
   87    6     0.47094     6.99454     2.75198     -0.00068633    0.66359074   -0.00103427    0.14026488
   88    6    -1.58662     6.55494     2.61653     -0.00091413    1.16128380   -0.00078717    0.14117246
   89    6    -2.03254     5.51505     3.35268     -0.00027861    1.16128380   -0.00023991    0.14346468
   90    6    -1.90310     3.11818     3.99003     -0.00138303    1.65897686   -0.00083366    0.15304431
   91    6    -1.06892     2.30165     4.18221     -0.00011636    0.33179537   -0.00035069    0.15725450
   92    6    -1.26922     7.08559     1.70786     -0.00092499    1.16128380   -0.00079653    0.14119319
   93    6    -2.63236     3.39552     3.38101     -0.00062857    0.66359074   -0.00094723    0.15647236
   94    6    -1.08898     2.86969     4.36325     -0.00062106    0.49769306   -0.00124788    0.15522656
   95    6    -1.30638     6.05352     3.45202     -0.00048612    0.99538612   -0.00048837    0.14076728
   96    6     1.24445     6.85708     2.72248     -0.00040026    0.33179537   -0.00120634    0.14188236
   97    6    -1.50949     7.06338     0.82750     -0.00069425    0.49769306   -0.00139493    0.14473046
   98    7     0.46713     7.67845    -3.24823      0.00059822    0.82948843    0.00072119    0.11136249
   99    7     4.23808     6.21358    -3.74283      0.00032490    1.32718149    0.00024480    0.10421671
  100    7     3.97178     2.62887    -3.18086      0.00056440    0.99538612    0.00056702    0.12465586
  101    7     3.47128     7.00194     1.72364      0.00031065    1.49307918    0.00020806    0.12292236
  102    7     4.03178     7.44071     0.85619      0.00037458    0.66359074    0.00056448    0.11512879
  103    7     4.21825     5.63121     1.86615      0.00020952    1.16128380    0.00018042    0.13131294
  104    7     4.43937     6.23575     1.45108      0.00028597    0.82948843    0.00034475    0.12249996
  105    7     3.29931     2.73854    -3.76391      0.00054391    0.99538612    0.00054643    0.12460394
  106    7     3.47236     5.69999    -4.40487      0.00013346    1.49307918    0.00008938    0.10857269
  107    7     0.20089     7.02838    -3.71459      0.00079213    1.32718149    0.00059685    0.11378169
  108    7    -1.36583     5.31808    -2.90852     -0.00002006    0.82948843   -0.00002418    0.13956280
  109    7     4.66502     7.48629    -0.50318      0.00090031    1.32718149    0.00067836    0.10829350
  110    7     5.06392     6.90751    -0.32639      0.00049835    0.82948843    0.00060079    0.11079565
  111    7    -1.23646     6.54697    -2.43032      0.00034696    1.16128380    0.00029877    0.12812215
  112    7    -0.52573     7.33687    -2.70410      0.00068697    1.16128380    0.00059156    0.11800287
  113    7     1.62947     7.56713    -3.77191      0.00110174    1.82487455    0.00060373    0.10675157
  114    7     3.16918     7.00696    -3.96279      0.00053107    1.49307918    0.00035569    0.10363770
  115    7     4.46658     5.12105    -3.81942      0.00067563    1.32718149    0.00050908    0.10822166
  116    7     4.20693     3.52165    -3.67304      0.00074940    0.99538612    0.00075287    0.11668690
  117    7     4.31370     7.71242    -2.00499      0.00037614    1.32718149    0.00028341    0.10525593
  118    7     4.21446     7.18249    -3.05126      0.00047361    1.65897686    0.00028548    0.10282187
  119    7     4.96988     6.10340    -2.93912      0.00019639    1.16128380    0.00016912    0.10696308
  120    7     2.53993     7.25608     1.89043     -0.00016185    0.66359074   -0.00024390    0.12954984
  121    7     4.60082     6.83958     0.82205      0.00084621    1.32718149    0.00063760    0.11503109
  122    7     3.95738     4.25757    -4.13942      0.00054274    0.99538612    0.00054526    0.11281706
  123    7     2.27204     6.86981    -4.28871      0.00032662    0.99538612    0.00032813    0.10707727
  124    7    -0.82594     6.37173    -3.24839      0.00024211    0.82948843    0.00029188    0.12411099
  125    7     5.04332     6.89839    -1.87268      0.00062683    1.49307918    0.00041983    0.10622182
  126    7    -0.96630     7.38036    -1.49975      0.00003287    1.32718149    0.00002477    0.12837084
  127    7     3.07275     7.83872    -3.20262      0.00009751    1.32718149    0.00007347    0.10531779
  128    7     4.74972     4.31371    -3.44663      0.00024723    0.66359074    0.00037256    0.11419401
  129    8    -3.74684    -4.36943     2.83055     -0.00074751    0.66359074   -0.00112646    0.15695168
  130    8    -5.91777    -5.83538     1.12038     -0.00026151    0.82948843   -0.00031527    0.14531204
  131    8    -4.31160    -8.41831    -1.59242     -0.00137741    1.32718149   -0.00103784    0.13795125
  132    8    -0.49144    -8.15915    -1.08008     -0.00014840    1.16128380   -0.00012779    0.14919470
  133    8    -4.08733    -3.34963    -3.76542     -0.00086368    1.32718149   -0.00065077    0.15967558
  134    8    -4.69213    -4.35140    -3.84381     -0.00057807    0.99538612   -0.00058075    0.15187053
  135    8    -2.87736    -3.59323    -4.18015     -0.00072154    0.82948843   -0.00086986    0.15625648
  136    8    -3.09888    -4.23926    -4.37944     -0.00033292    0.82948843   -0.00040136    0.15230799
  137    8    -1.97559    -3.68982    -4.14998     -0.00097308    0.82948843   -0.00117310    0.15917116
  138    8    -1.20442    -8.56340    -0.35027     -0.00032586    0.66359074   -0.00049105    0.14665001
  139    8    -4.00828    -8.65207    -0.52390     -0.00178090    1.49307918   -0.00119277    0.14109111
  140    8    -5.42268    -6.25477     1.63422     -0.00038706    1.16128380   -0.00033331    0.14450345
  141    8    -3.04545    -4.90245     3.03371     -0.00076510    0.82948843   -0.00092237    0.15970899
  142    8    -4.91961    -5.64556    -3.73551     -0.00067969    1.65897686   -0.00040970    0.14448536
  143    8    -4.20471    -5.86867    -4.10708     -0.00030682    0.82948843   -0.00036989    0.14453185
  144    8    -4.52911    -4.46749     2.51942     -0.00090128    1.16128380   -0.00077611    0.15371486
  145    8    -5.46823    -5.03200     1.84698     -0.00047710    1.49307918   -0.00031954    0.14869638
  146    8    -5.93154    -6.78810     0.28956     -0.00112688    1.65897686   -0.00067926    0.14203977
  147    8    -5.21145    -7.93577    -0.71048     -0.00148897    1.49307918   -0.00099725    0.13876123
  148    8    -3.16755    -8.81343    -1.32904     -0.00086635    1.16128380   -0.00074603    0.13911923
  149    8    -1.55427    -8.66295    -1.32906     -0.00054979    1.32718149   -0.00041425    0.14315005
  150    8    -0.42791    -8.07285    -0.12342     -0.00036411    0.82948843   -0.00043896    0.15327823
  151    8    -5.54816    -6.53525    -2.75926     -0.00184443    1.82487455   -0.00101072    0.14386425
  152    8    -5.06798    -7.66622    -2.19028     -0.00212519    1.99077223   -0.00106752    0.13874059
  153    8    -3.78284    -8.24157    -2.54531     -0.00155152    1.32718149   -0.00116904    0.14066047
  154    8    -0.00983    -7.66683    -1.44930     -0.00038953    0.49769306   -0.00078268    0.15608178
  155    8    -3.93081    -4.67011    -4.26965     -0.00038923    1.32718149   -0.00029328    0.14781262
  156    8    -1.10430    -3.74875    -3.86750     -0.00020897    0.33179537   -0.00062981    0.16280533
  157    8    -2.33900    -8.87438    -0.75432     -0.00052010    0.99538612   -0.00052251    0.14181429
  158    8    -5.29794    -7.64217     0.33900     -0.00119508    1.32718149   -0.00090047    0.14139789
  159    8    -4.51630    -5.32045     2.58340     -0.00048952    0.82948843   -0.00059014    0.15125533
  160    8    -4.52379    -7.16246    -3.32235     -0.00125782    1.49307918   -0.00084244    0.14099040
  161    8    -5.16544    -3.97264     1.90334     -0.00112932    1.16128380   -0.00097247    0.15812983
  162    8    -5.91495    -7.03655    -1.21372     -0.00198967    1.65897686   -0.00119933    0.14265399
  163    8    -2.65828    -8.66379    -2.01594     -0.00089136    0.82948843   -0.00107459    0.14195792
  164    9    -5.87723     0.93468    -1.19972     -0.00560319    1.40183545   -0.00399704    0.18927576
  165    9    -5.86268    -0.05403     0.53586     -0.00543047    1.40183545   -0.00387383    0.18878346
  166    9    -4.83826     0.84248    -2.53825     -0.00481372    1.47192722   -0.00327035    0.18737352
  167    9    -5.42388     1.30266     0.78860     -0.00559385    1.40183545   -0.00399037    0.18849329
  168    9    -6.05443    -0.03917    -0.91026     -0.00663590    1.47192722   -0.00450830    0.19121256
  169    9    -5.40680     0.05790    -2.19815     -0.00664658    1.54201899   -0.00431031    0.19012314
  170    9    -5.21709     1.76839    -1.53131     -0.00587710    1.40183545   -0.00419243    0.18955779
  171    9    -5.46752     1.83670    -0.38647     -0.00561162    1.33174368   -0.00421374    0.19047008
  172    9    -5.94561     0.83646     0.08084     -0.00408970    1.12146836   -0.00364674    0.18840476
  173    9    -4.43212     1.81842    -2.15678     -0.00417919    1.05137659   -0.00397497    0.18913460
  174   10     3.71697    -6.97571     0.98251     -0.00738079    2.03266140   -0.00363110    0.16333054
  175   10     3.86724    -5.87995     2.55317     -0.00340908    1.26165190   -0.00270207    0.15926647
  176   10     4.80396    -5.48408     0.72543     -0.00384636    1.33174368   -0.00288821    0.16023985
  177   10     3.72569    -6.23463    -0.76385     -0.00269733    1.05137659   -0.00256553    0.16092297
  178   10     2.60534    -7.28934     0.31512     -0.00457919    1.26165190   -0.00362952    0.16792538
  179   10     2.12782    -6.85182     2.28365     -0.00330120    1.05137659   -0.00313988    0.16495538
  180   10     4.48260    -5.93681     1.66535     -0.00572558    1.75229431   -0.00326748    0.16052468
  181   10     4.36192    -6.13222    -0.02938     -0.00556645    1.75229431   -0.00317666    0.16026733
  182   10     2.94643    -6.85303    -0.55741     -0.00530886    1.54201899   -0.00344280    0.16596487
  183   10     2.37423    -7.29693     1.33806     -0.00531241    1.47192722   -0.00360915    0.16734566
  184   10     3.12974    -6.60410     2.44429     -0.00570303    1.82238608   -0.00312943    0.16122496
  185   11     6.32942     0.61450     2.47976     -0.00660450    1.82238608   -0.00362409    0.16327329
  186   11     6.35644    -0.44012     1.01342     -0.00318441    1.19156013   -0.00267247    0.15947573
  187   11     5.91022    -1.02197     2.98409     -0.00363967    1.26165190   -0.00288484    0.15998613
  188   11     5.03341     0.55737     3.94221     -0.00332480    1.26165190   -0.00263527    0.16109397
  189   11     6.38943    -0.69467     2.05474     -0.00540210    1.68220254   -0.00321133    0.16059788
  190   11     5.72290    -0.13752     3.55202     -0.00550417    1.75229431   -0.00314112    0.16013164
  191   11     5.16891     1.48498     3.38340     -0.00697672    1.75229431   -0.00398148    0.16653882
  192   11     5.91226     1.52051     2.34792     -0.00528418    1.26165190   -0.00418830    0.16672180
  193   11     6.32247     0.55817     0.96054     -0.00635678    1.68220254   -0.00377884    0.16182336
  194   12     1.77430     4.69485     5.04695     -0.00308851    1.26165190   -0.00244799    0.14987571
  195   12     2.57397     5.33275     4.09641     -0.00249140    1.12146836   -0.00222155    0.14884632
  196   12     2.44840     3.79453     4.65197     -0.00281123    1.19156013   -0.00235929    0.15586904
  197   12     0.50698     3.08528     5.04223     -0.00251076    1.05137659   -0.00238806    0.15628567
  198   12    -0.37696     4.83814     4.88565     -0.00222249    1.19156013   -0.00186519    0.14788067
  199   12     0.87368     6.22795     4.16302     -0.00223057    1.12146836   -0.00198898    0.14518011
  200   12     2.93140     4.43792     4.06736     -0.00291800    1.19156013   -0.00244889    0.15400268
  201   12     1.50160     3.55952     5.13448     -0.00314803    1.33174368   -0.00236384    0.15463915
  202   12     0.55992     4.24880     5.29222     -0.00277916    1.19156013   -0.00233237    0.15024925
  203   12     0.73524     5.33171     5.00416     -0.00302110    1.26165190   -0.00239456    0.14677652
  204   12     1.73270     5.63446     4.58216     -0.00241369    1.05137659   -0.00229574    0.14672230
  205   12    -0.25962     3.73643     5.01999     -0.00175149    0.98128481   -0.00178490    0.15249701
  206   12    -0.05827     5.81571     4.43261     -0.00172736    0.98128481   -0.00176030    0.14550207
  207   12     1.80552     6.19325     3.79393     -0.00177712    0.91119304   -0.00195032    0.14588168
  208   13    -4.01242     5.26725     0.53108     -0.00314374    1.19156013   -0.00263834    0.16195298
  209   13    -3.19728     4.82525    -1.20044     -0.00270171    1.05137659   -0.00256969    0.16604069
  210   13    -2.85270     6.43977     0.17837     -0.00277110    1.19156013   -0.00232561    0.15311236
  211   13    -3.21333     5.74519     2.08484     -0.00207210    1.05137659   -0.00197085    0.15332737
  212   13    -3.80047     3.98778     2.05062     -0.00198955    0.77100950   -0.00258045    0.16803515
  213   13    -3.91809     4.74006    -0.36625     -0.00327295    1.19156013   -0.00274678    0.16836061
  214   13    -3.27447     5.77448    -0.53769     -0.00362805    1.54201899   -0.00235279    0.15805163
  215   13    -3.56431     5.95310     0.98809     -0.00297116    1.19156013   -0.00249350    0.15551321
  216   13    -3.82170     5.01629     1.85333     -0.00228503    0.98128481   -0.00232861    0.15959631
  217   13    -4.18783     4.44082     1.06455     -0.00325292    1.12146836   -0.00290059    0.16863545
  218   13    -2.81221     6.45184     1.29869     -0.00195008    0.98128481   -0.00198728    0.15155144
  219   13    -3.41942     4.66194     2.49818     -0.00123396    0.77100950   -0.00160045    0.15902135
  220   14     0.58004     4.03810    -5.28127     -0.00202399    1.12146836   -0.00180477    0.13328854
  221   14     1.70463     2.64806    -4.52666     -0.00196979    1.26165190   -0.00156128    0.13695715
  222   14     2.40866     4.37538    -5.16690     -0.00153711    1.19156013   -0.00128999    0.12279813
  223   14     0.88781     5.86265    -4.99160     -0.00141082    1.19156013   -0.00118401    0.12125910
  224   14    -0.69670     5.00662    -4.32725     -0.00114115    0.98128481   -0.00116291    0.13506989
  225   14     0.58704     2.98979    -4.77193     -0.00252059    1.33174368   -0.00189270    0.14124999
  226   14     1.54917     3.55332    -5.22763     -0.00181568    1.12146836   -0.00161902    0.13117580
  227   14     1.35441     4.80468    -5.41883     -0.00217569    1.26165190   -0.00172448    0.12529941
  228   14     0.16811     4.99590    -5.10774     -0.00185236    1.12146836   -0.00165173    0.12944699
  229   14    -0.31451     3.86673    -4.71769     -0.00253095    1.33174368   -0.00190048    0.14055976
  230   14     2.48889     3.37815    -4.80448     -0.00089017    0.98128481   -0.00090715    0.12744143
  231   14     2.03873     5.45881    -5.12292     -0.00115789    1.05137659   -0.00110131    0.11907761
  232   14    -0.13137     5.77948    -4.52596     -0.00096262    0.98128481   -0.00098098    0.12619512
  233   14    -0.94164     4.27267    -3.96179     -0.00144945    0.91119304   -0.00159072    0.14439947
  234   15     6.24936     3.78679    -0.52232     -0.00262049    1.19156013   -0.00219921    0.13709176
  235   15     5.45816     3.20236    -2.28565     -0.00153618    1.12146836   -0.00136979    0.13068615
  236   15     5.34171     4.49145     1.15481     -0.00118060    0.56073418   -0.00210546    0.14135207
  237   15     5.90807     5.57444    -0.04270     -0.00138254    1.12146836   -0.00123279    0.12481127
  238   15     5.96862     5.08302    -1.95470     -0.00149889    1.12146836   -0.00133654    0.12097594
  239   15     5.93837     3.17526    -1.39876     -0.00208154    1.05137659   -0.00197983    0.13681277
  240   15     6.05663     4.32975     0.33278     -0.00223674    1.12146836   -0.00199448    0.13696486
  241   15     6.31061     4.84012    -0.77661     -0.00197390    1.12146836   -0.00176010    0.12754982
  242   15     6.18172     4.06849    -1.65098     -0.00179375    1.05137659   -0.00170609    0.12884047
  243   15     5.63275     5.10372     0.76174     -0.00102629    0.91119304   -0.00112631    0.13225283
  244   15     5.94412     5.72830    -1.12153     -0.00103246    0.98128481   -0.00105215    0.11987805
  245   15     5.68754     4.28031    -2.49946     -0.00098545    0.91119304   -0.00108149    0.12298179
  246   16     1.64701     9.43310    -0.34780     -0.00241572    1.19156013   -0.00202735    0.12161067
  247   16     0.50643     8.70662     0.44245     -0.00154988    1.05137659   -0.00147414    0.12939792
  248   16     0.17643     8.75089    -1.44978     -0.00157171    1.19156013   -0.00131903    0.12279217
  249   16     2.05572     8.98917    -2.24621     -0.00182748    1.26165190   -0.00144848    0.11485759
  250   16     3.45154     8.83328    -0.67832     -0.00167857    1.26165190   -0.00133045    0.11536938
  251   16     2.31438     8.49859     1.09677     -0.00175775    1.26165190   -0.00139322    0.12526559
  252   16     0.67063     9.18264    -0.47600     -0.00206393    1.12146836   -0.00184038    0.12426982
  253   16     1.27237     9.33433    -1.44270     -0.00218395    1.19156013   -0.00183285    0.11929113
  254   16     2.48752     9.35231    -1.15545     -0.00235601    1.26165190   -0.00186740    0.11708243
  255   16     2.51796     9.18410     0.11974     -0.00234257    1.26165190   -0.00185675    0.12041383
  256   16     1.36542     8.79801     0.84521     -0.00182014    1.40183545   -0.00129840    0.12718315
  257   16    -0.12872     8.51075    -0.45516     -0.00130630    0.98128481   -0.00133121    0.12905370
  258   16     0.92617     8.76963    -2.28938     -0.00125987    1.12146836   -0.00112341    0.11726716
  259   16     3.09426     8.82889    -1.83913     -0.00140155    1.12146836   -0.00124974    0.11345669
  260   16     3.27869     8.56792     0.40584     -0.00113954    1.05137659   -0.00108385    0.11892739
  261   17    -2.91036    -7.91134     2.81776     -0.00413246    1.54201899   -0.00267991    0.15179575
  262   17    -1.24596    -8.32737     1.53210     -0.00288130    1.19156013   -0.00241809    0.15591183
  263   17    -3.07266    -8.91318     0.99707     -0.00264744    1.19156013   -0.00222182    0.14763110
  264   17    -4.53638    -7.64158     2.00130     -0.00232548    1.19156013   -0.00195163    0.14766390
  265   17    -3.52671    -6.51009     3.14258     -0.00285069    1.40183545   -0.00203354    0.15397391
  266   17    -1.54182    -7.80259     2.53787     -0.00425227    1.54201899   -0.00275760    0.15730769
  267   17    -2.31988    -8.63635     1.95084     -0.00333184    1.33174368   -0.00250186    0.15094734
  268   17    -3.56616    -8.47199     1.99764     -0.00342800    1.33174368   -0.00257407    0.14813576
  269   17    -4.08928    -7.24976     2.71242     -0.00324130    1.47192722   -0.00220208    0.14982154
  270   17    -2.20693    -7.05794     3.15988     -0.00324517    1.33174368   -0.00243678    0.15703463
  271   17    -1.97491    -8.83130     0.87690     -0.00180568    1.05137659   -0.00171744    0.15028944
  272   17    -4.12063    -8.47639     1.15064     -0.00203688    1.05137659   -0.00193735    0.14691167
  273   17    -2.54051    -6.17433     3.25464     -0.00225324    0.98128481   -0.00229621    0.15941492
  274   18    -0.99173    -7.03679    -4.45056     -0.00365965    1.40183545   -0.00261061    0.15149857
  275   18    -0.85413    -8.14841    -2.85185     -0.00221719    1.19156013   -0.00186074    0.15063523
  276   18     0.02219    -6.71361    -3.69712     -0.00243945    1.12146836   -0.00217523    0.15699102
  277   18    -0.87747    -5.17896    -4.49405     -0.00304978    1.26165190   -0.00241729    0.15818714
  278   18    -2.79705    -6.09980    -4.76257     -0.00251172    1.33174368   -0.00188604    0.14955757
  279   18    -2.79643    -7.81448    -3.88290     -0.00249595    1.26165190   -0.00197832    0.14667181
  280   18    -0.23200    -7.53657    -3.25333     -0.00358390    1.47192722   -0.00243484    0.15402737
  281   18    -0.30095    -5.93781    -4.25291     -0.00338541    1.26165190   -0.00268331    0.15737565
  282   18    -1.53904    -6.18883    -4.86239     -0.00328351    1.33174368   -0.00246557    0.15189126
  283   18    -2.59261    -7.08645    -4.56354     -0.00396326    1.68220254   -0.00235599    0.14772020
  284   18    -1.45709    -7.84255    -3.98946     -0.00340778    1.33174368   -0.00255888    0.14875874
  285   18    -1.94500    -5.19567    -4.77371     -0.00182744    1.05137659   -0.00173814    0.15461353
  286   18    -2.00857    -8.32715    -3.22834     -0.00229538    1.19156013   -0.00192636    0.14730268
  287   19    -7.05813    -4.17868    -1.26904     -0.00371129    1.33174368   -0.00278679    0.16079472
  288   19    -5.99456    -4.15143    -3.07517     -0.00271081    1.33174368   -0.00203554    0.15952106
  289   19    -6.79393    -4.69688     0.06420     -0.00285632    1.33174368   -0.00214480    0.15760010
  290   19    -6.74905    -5.50617    -1.65603     -0.00242842    1.12146836   -0.00216539    0.15333850
  291   19    -5.94376    -3.19380    -2.71822     -0.00417373    1.47192722   -0.00283556    0.16914621
  292   19    -6.67562    -3.19592    -1.60470     -0.00427773    1.40183545   -0.00305152    0.16978419
  293   19    -6.74795    -3.39845    -0.37879     -0.00375126    1.26165190   -0.00297329    0.16849972
  294   19    -6.91935    -5.25104    -0.75335     -0.00306786    1.33174368   -0.00230364    0.15451025
  295   19    -6.74276    -4.36612    -2.29696     -0.00316060    1.19156013   -0.00265249    0.15872959
  296   19    -6.38889    -3.67213     0.47550     -0.00281625    1.12146836   -0.00251122    0.16695092
  297   19    -6.36595    -5.27993    -2.56494     -0.00205553    1.05137659   -0.00195509    0.15393936
  298    1    -1.06131    -0.40912     3.77604     -0.00037688    0.17949654   -0.00209967    0.15715420
  299    2    -0.72383    -0.16392     3.87194     -0.00036782    0.17949654   -0.00204918    0.15621758
  300    5    -0.39156    -0.43778     3.96848     -0.00031717    0.17949654   -0.00176699    0.15366130
  301    1    -1.88265     0.95947     3.57208     -0.00038608    0.16625028   -0.00232227    0.16105857
  302    2    -1.54208     1.19425     3.68045     -0.00040028    0.16625028   -0.00240769    0.16112571
  303    6    -1.54710     1.66530     3.72429     -0.00040661    0.16625028   -0.00244577    0.16128913
  304    2    -1.29800     0.56928     3.78067     -0.00073500    0.61982193   -0.00118582    0.15819849
  305    1    -1.66319     0.02034     3.71907     -0.00089195    0.64907232   -0.00137420    0.15811187
  306    1     0.23303    -1.67491    -3.10358     -0.00037639    0.17963316   -0.00209530    0.15873398
  307    3     0.33882    -2.08954    -3.08408     -0.00041835    0.17963316   -0.00232894    0.15850328
  308    4     0.76836    -2.10626    -2.98431     -0.00030368    0.17963316   -0.00169057    0.15519757
  309    1    -1.67645    -2.25603     3.42927     -0.00041019    0.17963316   -0.00228347    0.15836883
  310    3    -1.55705    -2.66651     3.40220     -0.00034457    0.17963316   -0.00191816    0.15713848
  311    4    -1.14049    -2.68719     3.54640     -0.00034763    0.17963316   -0.00193520    0.15456593
  312    1    -3.08946    -2.72504     2.89342     -0.00041183    0.16416245   -0.00250868    0.16247868
  313    3    -2.96296    -3.13364     2.88097     -0.00040539    0.16416245   -0.00246946    0.16243140
  314    8    -3.24173    -3.49395     2.77185     -0.00037324    0.16416245   -0.00227358    0.16236807
  315    1    -1.14158    -2.13373    -3.48791     -0.00034538    0.16416245   -0.00210386    0.16281325
  316    3    -1.02239    -2.54455    -3.47640     -0.00040972    0.16416245   -0.00249585    0.16368241
  317    8    -1.29598    -2.90329    -3.60251     -0.00045382    0.16416245   -0.00276444    0.16454928
  318    3    -2.20027    -2.78230     3.22874     -0.00077024    0.60767693   -0.00126752    0.15878793
  319    1    -2.61358    -2.26677     3.22567     -0.00085547    0.63635824   -0.00134431    0.15943549
  320    3    -0.47143    -2.25259    -3.35974     -0.00077322    0.56493449   -0.00136869    0.16075143
  321    1    -0.40941    -1.60096    -3.37483     -0.00083582    0.59160514   -0.00141280    0.15985820
  322    1     0.93406    -0.89872    -2.80415     -0.00081523    0.28720180   -0.00283851    0.15752513
  323    4     1.47878    -1.32674    -2.71460     -0.00051142    0.28720180   -0.00178069    0.15163336
  324    5     1.61205    -0.92581    -2.63960     -0.00049676    0.28720180   -0.00172967    0.15120655
  325    1    -0.96604    -1.48109     3.68162     -0.00081402    0.28720180   -0.00283432    0.15746732
  326    4    -0.43825    -1.91430     3.82894     -0.00042709    0.28720180   -0.00148706    0.15138700
  327    5    -0.30500    -1.51338     3.90402     -0.00052951    0.28720180   -0.00184368    0.15156527
  328    4    -0.72317    -2.33988     3.82319     -0.00049883    0.63083034   -0.00079075    0.15025545
  329    1    -1.57530    -1.84421     3.61923     -0.00083103    0.63083034   -0.00131735    0.15654394
  330    4     1.16570    -1.85583    -2.97049     -0.00052514    0.63665611   -0.00082485    0.15112158
  331    1     0.49042    -1.12047    -3.10126     -0.00089601    0.63665611   -0.00140737    0.15712115
  332    1     0.85686     0.40373    -2.82050     -0.00169869    0.98604106   -0.00172274    0.15587693
  333    5     1.53709     0.37524    -2.61768     -0.00150638    0.98604106   -0.00152770    0.15184207
  334   14     1.32328     1.53528    -3.12772     -0.00123114    0.98604106   -0.00124857    0.14772207
  335    5    -0.28496    -0.87744     4.08437     -0.00049708    0.62978085   -0.00078928    0.15002783
  336    1    -1.24164    -0.98820     3.79287     -0.00083845    0.62978085   -0.00133134    0.15627728
  337    5     1.69254    -0.51907    -2.70232     -0.00035915    0.42987409   -0.00083549    0.14892455
  338    1     0.74074    -0.37414    -2.97276     -0.00067795    0.42987409   -0.00157710    0.15617621
  339    1    -2.85503     2.87243    -1.81929     -0.00132197    0.23996760   -0.00550894    0.18428624
  340    6    -2.55960     3.60416    -1.71667     -0.00080223    0.23996760   -0.00334307    0.17681273
  341   13    -2.77552     3.71435    -1.54271     -0.00099808    0.23996760   -0.00415922    0.17883272
  342    1    -3.45338     2.23880     2.32598     -0.00109935    0.23996760   -0.00458126    0.17598684
  343    6    -3.17229     2.95534     2.52795     -0.00079007    0.23996760   -0.00329240    0.17238066
  344   13    -3.33616     3.12065     2.34129     -0.00095912    0.23996760   -0.00399686    0.17424408
  345    1    -2.07654     2.75317    -2.41852     -0.00199182    0.59416980   -0.00335228    0.17326999
  346    6    -1.80368     3.49951    -2.33768     -0.00149860    0.59416980   -0.00252217    0.16715501
  347   14    -1.33228     3.65499    -2.88292     -0.00115792    0.59416980   -0.00194881    0.15818830
  348    6    -2.29928     3.51184    -2.08456     -0.00081507    0.47476408   -0.00171680    0.17080521
  349    1    -2.85122     2.52754    -2.24340     -0.00117372    0.47476408   -0.00247222    0.17979910
  350    6    -2.91250     2.68059     2.98593     -0.00184244    1.04706463   -0.00175962    0.16538467
  351    6    -1.96381     2.07488     3.69337     -0.00145944    1.04706463   -0.00139384    0.15977402
  352    1    -2.89381     1.36865     3.08670     -0.00420578    2.09882435   -0.00200387    0.16710665
  353    1    -5.13155    -2.30241     1.19884     -0.00125014    0.23496943   -0.00532044    0.17981018
  354    8    -5.34522    -3.06184     1.12194     -0.00080697    0.23496943   -0.00343438    0.17547044
  355   19    -5.53678    -3.05098     0.89534     -0.00082636    0.23496943   -0.00351687    0.17741518
  356    1    -4.28000    -1.85489    -2.82151     -0.00130095    0.23496943   -0.00553669    0.18362785
  357    8    -4.47247    -2.60318    -2.99847     -0.00083531    0.23496943   -0.00355496    0.17738509
  358   19    -4.73906    -2.63175    -2.87088     -0.00082282    0.23496943   -0.00350182    0.17880882
  359    8    -3.86545    -3.53091     2.61440     -0.00178279    1.20628365   -0.00147792    0.16155913
  360    8    -5.01927    -3.15783     1.68494     -0.00219812    1.20628365   -0.00182223    0.16816418
  361    1    -4.19267    -2.24802     2.27979     -0.00538120    2.42511619   -0.00221895    0.17032710
  362    8    -3.82480    -2.61199    -3.42119     -0.00281357    1.49414673   -0.00188306    0.17013537
  363    8    -2.02103    -2.91300    -3.80568     -0.00219430    1.49414673   -0.00146860    0.16363148
  364    1    -2.69085    -1.67965    -3.37252     -0.00836149    3.03242293   -0.00275736    0.17509045
  365    1    -4.29843     2.00826     1.38565     -0.00124918    0.26004342   -0.00480375    0.18797300
  366    9    -4.48088     1.98588     1.15815     -0.00119237    0.26004342   -0.00458526    0.19061240
  367   13    -4.01617     2.85107     1.37948     -0.00138147    0.26004342   -0.00531247    0.18258812
  368    1    -3.29332     2.49821    -1.83631     -0.00123406    0.26004342   -0.00474560    0.18957576
  369    9    -3.56886     2.43046    -1.76539     -0.00141848    0.26004342   -0.00545477    0.19221121
  370   13    -3.13489     3.28066    -1.44551     -0.00134542    0.26004342   -0.00517384    0.18368379
  371    1    -4.52764    -1.26196    -2.58327     -0.00131701    0.26388393   -0.00499088    0.19054563
  372    9    -4.71986    -1.07803    -2.46166     -0.00126699    0.26388393   -0.00480130    0.19258614
  373   19    -4.89276    -2.08494    -2.51725     -0.00138394    0.26388393   -0.00524451    0.18454971
  374    1    -5.43020    -1.46683     0.66138     -0.00114821    0.26388393   -0.00435118    0.18973256
  375    9    -5.53832    -1.26381     0.48066     -0.00144403    0.26388393   -0.00547223    0.19236315
  376   19    -5.68236    -2.26417     0.32134     -0.00144858    0.26388393   -0.00548945    0.18442802
  377    9    -5.57588    -0.61293     0.79416     -0.00120476    0.23677023   -0.00508830    0.19086601
  378    9    -5.31045     0.37690     1.22959     -0.00271342    0.52819992   -0.00513711    0.18959753
  379    9    -4.91262     1.41681     1.21902     -0.00114329    0.23677023   -0.00482869    0.18994371
  380    1    -5.28317    -0.44897     1.27389     -0.00228816    0.51275522   -0.00446248    0.18751231
  381    1    -4.82440     0.95497     1.56776     -0.00235501    0.51275522   -0.00459285    0.18696262
  382    9    -3.85009     1.90728    -2.22808     -0.00120999    0.26848029   -0.00450683    0.19089220
  383    9    -4.14027     0.80239    -2.73813     -0.00300472    0.61802682   -0.00486180    0.19064402
  384    9    -4.59734    -0.36065    -2.67859     -0.00162062    0.26848029   -0.00603627    0.19139760
  385    1    -3.56720     1.48332    -2.58861     -0.00268907    0.56495750   -0.00475977    0.18884731
  386    1    -4.08348    -0.08363    -2.89987     -0.00279415    0.56495750   -0.00494576    0.18888569
  387   13    -2.96609     3.82650    -1.50237     -0.00014938    0.09692661   -0.00154118    0.17613864
  388    1    -3.17893     2.62814    -2.00647      0.00008395    0.13729032    0.00061151    0.18213630
  389   13    -3.78582     3.31001     1.88675     -0.00231869    0.77401325   -0.00299567    0.17558455
  390    1    -3.99397     2.00914     2.05012     -0.00227317    1.09542397   -0.00207515    0.17657451
  391   14     1.11675     2.03951    -3.92629     -0.00078997    0.84220923   -0.00093797    0.14330978
  392   14     0.11542     2.51873    -4.15363     -0.00232589    1.68439760   -0.00138084    0.14735212
  393   14    -0.90096     3.37092    -3.76356     -0.00238129    1.68439760   -0.00141373    0.15081290
  394    1    -0.09206     0.62587    -3.51528     -0.00163027    2.50220542   -0.00065153    0.15289153
  395    1    -1.47642     1.46002    -3.53831     -0.00239783    2.50220542   -0.00095829    0.15800949
  396    1    -2.29119     2.30644    -2.94849     -0.00102015    1.26136817   -0.00080876    0.16614509
  397   19    -5.82398    -2.93241     0.64357     -0.00159439    0.56352671   -0.00282930    0.17657946
  398    1    -5.40508    -1.72062     1.04224     -0.00175466    0.79880589   -0.00219661    0.18037475
  399   19    -5.04375    -2.58414    -2.80705     -0.00063642    0.22199040   -0.00286686    0.17740149
  400    1    -4.40759    -1.40830    -2.86776     -0.00059961    0.31478893   -0.00190479    0.18205874
  401    2     0.22516     1.24178     4.17335     -0.00073008    0.31387225   -0.00232605    0.15882602
  402    5     0.56988     0.97841     4.26160     -0.00065102    0.31387225   -0.00207416    0.15615496
  403   12     0.38590     1.94013     4.34569     -0.00088513    0.31387225   -0.00282002    0.16151083
  404    5     0.31183     0.13909     4.29126     -0.00061172    0.66579666   -0.00091878    0.15025554
  405    2    -0.29847     0.32853     4.06078     -0.00070013    0.63570371   -0.00110135    0.15437188
  406    2     0.00182     1.60632     4.18643     -0.00029052    0.07652063   -0.00379666    0.16061063
  407    6    -0.00569     2.06002     4.31820     -0.00027220    0.07652063   -0.00355719    0.16186784
  408   12     0.14683     2.28078     4.44455     -0.00029311    0.07652063   -0.00383051    0.16226004
  409    6    -0.89476     1.95640     4.07173     -0.00144248    0.80927644   -0.00178243    0.15995341
  410    2    -0.60735     1.28289     4.02055     -0.00122384    0.77235012   -0.00158457    0.15894812
  411   12     0.22866     2.36919     4.58154     -0.00008915    0.03450465   -0.00258380    0.16024114
  412    2     0.01919     1.36226     4.25613      0.00001629    0.04448740    0.00036610    0.15704523
  413    3    -1.64415    -4.21007     3.15880     -0.00034203    0.16919450   -0.00202153    0.15925157
  414    4    -1.22430    -4.24044     3.28991     -0.00039149    0.16919450   -0.00231383    0.15739879
  415    8    -1.91535    -4.57641     3.05055     -0.00058440    0.16919450   -0.00345399    0.16263937
  416    3     0.19136    -3.65463    -3.20852     -0.00077967    0.30772472   -0.00253366    0.16182304
  417    4     0.61759    -3.68526    -3.09373     -0.00068339    0.30772472   -0.00222077    0.15874221
  418   18    -0.10927    -4.29061    -3.45180     -0.00100814    0.30772472   -0.00327610    0.16485769
  419    4    -0.94075    -3.38389     3.62258     -0.00059689    0.65572867   -0.00091026    0.15129159
  420    3    -1.52436    -3.57916     3.33802     -0.00074302    0.62608904   -0.00118676    0.15621324
  421    4     1.00701    -2.95329    -3.07315     -0.00054462    0.58805085   -0.00092615    0.15214261
  422    3     0.39034    -2.70589    -3.15557     -0.00067545    0.56146138   -0.00120301    0.15695445
  423    3    -0.28218    -3.71767    -3.42577     -0.00023143    0.05818255   -0.00397768    0.16340412
  424    8    -0.51192    -4.07025    -3.62996     -0.00029403    0.05818255   -0.00505349    0.16509705
  425   18    -0.53061    -4.34024    -3.74884     -0.00027487    0.05818255   -0.00472431    0.16547033
  426    8    -2.69592    -4.38182     2.97524     -0.00153983    0.81563968   -0.00188788    0.16187746
  427    3    -2.50171    -3.67975     3.02017     -0.00123937    0.77848734   -0.00159202    0.16099954
  428    8    -0.98774    -3.51181    -3.71162     -0.00111922    0.63157564   -0.00177211    0.16348629
  429    3    -0.45110    -3.14129    -3.43691     -0.00100916    0.60278178   -0.00167417    0.16207330
  430   18    -0.45198    -4.49564    -3.85315     -0.00024482    0.13500273   -0.00181344    0.16303122
  431    3    -0.02654    -3.59456    -3.41135     -0.00007866    0.17409799   -0.00045179    0.16009591
  432    5     0.39096    -1.71664     4.27435     -0.00002293    0.63842968   -0.00003592    0.14114819
  433    5     2.20875    -2.34616     4.40936      0.00034518    1.30293081    0.00026492    0.13343300
  434    5     4.24497    -2.82267     3.33897     -0.00236476    1.30293081   -0.00181495    0.15028880
  435    5     5.25401    -2.76115     1.21835     -0.00375417    1.30293081   -0.00288133    0.15920027
  436    5     4.78838    -2.18889    -1.01205     -0.00062306    1.30293081   -0.00047820    0.13903429
  437    5     3.05458    -1.35968    -2.36309      0.00028526    1.30293081    0.00021894    0.13604164
  438    4     0.89019    -2.53626     4.26947      0.00027246    1.30293081    0.00020912    0.13668521
  439    4     3.11547    -3.21484     3.94291     -0.00062489    1.30293081   -0.00047961    0.13940148
  440    4     4.73024    -3.43489     2.25085     -0.00372242    1.30293081   -0.00285696    0.15934304
  441    4     5.01839    -3.09883    -0.05632     -0.00233668    1.30293081   -0.00179340    0.15015630
  442    4     3.85212    -2.35568    -1.95540      0.00036716    1.30293081    0.00028180    0.13321374
  443    4     2.21698    -1.67018    -2.71390     -0.00002032    0.63842968   -0.00003182    0.14125076
  444    4    -1.27968    -4.71609     3.17189     -0.00064871    0.21003150   -0.00308862    0.16001028
  445    8    -1.99016    -5.06040     3.02247     -0.00065286    0.21003150   -0.00310837    0.16425499
  446   17    -2.02157    -5.35514     3.03977     -0.00079310    0.21003150   -0.00377610    0.16501355
  447    8    -2.01526    -4.85929     3.13614     -0.00006450    0.16402117   -0.00039322    0.16074095
  448    4    -1.04448    -4.34868     3.47443     -0.00007666    0.16402117   -0.00046739    0.15336598
  449    4     0.71614    -6.52192     2.26130     -0.00089531    0.25748341   -0.00347716    0.16703494
  450   10     0.95831    -6.62629     2.13543     -0.00089817    0.25748341   -0.00348827    0.16908466
  451   17    -0.17411    -6.90122     2.07184     -0.00109953    0.25748341   -0.00427028    0.16557996
  452    4     1.68214    -6.22847    -1.50215     -0.00078909    0.23297282   -0.00338707    0.16797621
  453   10     1.83374    -6.34947    -1.28467     -0.00099323    0.23297282   -0.00426328    0.16979958
  454   18     0.82554    -6.51810    -1.94697     -0.00095399    0.23297282   -0.00409484    0.16517811
  455   10     2.58115    -6.30904    -1.17432     -0.00108805    0.22774326   -0.00477752    0.16752237
  456   10     3.51673    -5.78821    -1.12052     -0.00181421    0.50361433   -0.00360238    0.16235102
  457   10     4.45278    -5.21765    -0.42346     -0.00197501    0.50361433   -0.00392168    0.16004378
  458   10     4.82914    -4.91703     0.78302     -0.00175881    0.50361433   -0.00349237    0.16336548
  459   10     4.50180    -5.00137     2.03736     -0.00231039    0.50361433   -0.00458761    0.16376332
  460   10     3.59600    -5.43840     2.85965     -0.00168562    0.50361433   -0.00334705    0.16034770
  461   10     2.45829    -6.06091     2.93530     -0.00197449    0.50361433   -0.00392064    0.16188579
  462   10     1.63238    -6.55349     2.46127     -0.00079041    0.22774326   -0.00347062    0.16601785
  463    4     2.78563    -5.84989    -1.45310     -0.00180579    0.49739855   -0.00363048    0.16361703
  464    4     4.00521    -5.14840    -1.08965     -0.00159963    0.49739855   -0.00321599    0.15594794
  465    4     4.77706    -4.63604     0.02986     -0.00180186    0.49739855   -0.00362256    0.15844033
  466    4     4.80589    -4.50885     1.47712     -0.00209676    0.49739855   -0.00421544    0.16285762
  467    4     4.08065    -4.81547     2.69843     -0.00182012    0.49739855   -0.00365928    0.15902593
  468    4     2.87883    -5.43861     3.22652     -0.00155628    0.49739855   -0.00312885    0.15572217
  469    4     1.66021    -6.13986     2.85936     -0.00169914    0.49739855   -0.00341606    0.16238614
  470   17    -0.82681    -7.09265     2.46787     -0.00225642    0.82172294   -0.00274597    0.16254033
  471   17    -1.56650    -6.16518     3.02010     -0.00503645    1.65560431   -0.00304206    0.16482381
  472    4     0.11736    -5.99763     2.97695     -0.00374429    2.31862173   -0.00161488    0.15793746
  473    4    -0.76213    -4.90052     3.48963     -0.00103498    1.17541287   -0.00088052    0.15248813
  474   18    -0.00596    -4.90247    -3.69921     -0.00239113    0.94716356   -0.00252452    0.16265746
  475   18     0.43037    -6.13139    -3.04003     -0.00615184    1.91255728   -0.00321655    0.16551916
  476    4     1.32948    -4.61201    -2.90167     -0.00375842    2.67443623   -0.00140531    0.15530117
  477    4     1.70782    -5.99395    -2.03881     -0.00183382    1.35870344   -0.00134968    0.15961396
  478    5     2.18686     0.94390    -2.70104     -0.00024522    0.17999727   -0.00136236    0.14403216
  479    7     2.14810     1.82865    -3.21662     -0.00013205    0.17999727   -0.00073363    0.14005991
  480   14     1.98747     1.98687    -3.40888     -0.00025541    0.17999727   -0.00141894    0.14091770
  481    5     4.29458     1.27403    -1.81041     -0.00038895    0.32734821   -0.00118819    0.13972848
  482    7     4.30935     2.19909    -2.25838     -0.00019754    0.32734821   -0.00060345    0.13530490
  483   15     4.54872     2.26715    -2.08988     -0.00057823    0.32734821   -0.00176639    0.13757630
  484    7     3.92458     1.97680    -2.68823     -0.00007352    1.33714755   -0.00005498    0.13111104
  485    7     2.69454     1.71618    -3.17457     -0.00002229    1.33714755   -0.00001667    0.13501847
  486    5     3.37291     0.48923    -2.36428     -0.00148690    2.67163759   -0.00055655    0.13851717
  487    5     3.47599     1.75569     3.81722     -0.00083578    0.25214926   -0.00331462    0.16577464
  488   11     3.74501     1.73259     3.70668     -0.00112245    0.25214926   -0.00445155    0.16794485
  489   12     2.99268     2.60640     3.86668     -0.00103904    0.25214926   -0.00412073    0.16365061
  490    5     5.38907     0.95304    -0.36847     -0.00092011    0.33357756   -0.00275831    0.15510499
  491   11     5.52917     1.01724    -0.11790     -0.00114077    0.33357756   -0.00341981    0.15843574
  492   15     5.39454     1.98337    -0.62598     -0.00084102    0.33357756   -0.00252120    0.14851932
  493   11     4.21827     1.16623     3.91678     -0.00120102    0.24438661   -0.00491441    0.16575672
  494   11     4.57818     0.09161     4.09069     -0.00200689    0.54903962   -0.00365528    0.16138668
  495   11     5.18905    -1.04077     3.57914     -0.00220446    0.54903962   -0.00401512    0.16082194
  496   11     5.76491    -1.52537     2.41695     -0.00234589    0.54903962   -0.00427271    0.16433594
  497   11     6.05219    -1.14878     1.11588     -0.00232177    0.54903962   -0.00422879    0.16285241
  498   11     5.92438    -0.07684     0.24884     -0.00229697    0.54903962   -0.00418361    0.16087624
  499    5     3.97113     0.67734     4.14792     -0.00193284    0.52576284   -0.00367627    0.16163794
  500    5     4.55644    -0.75307     4.06070     -0.00176886    0.52576284   -0.00336438    0.15578208
  501    5     5.25966    -1.71124     3.06890     -0.00193174    0.52576284   -0.00367416    0.16040696
  502    5     5.77113    -1.77525     1.60924     -0.00223964    0.52576284   -0.00425979    0.16264958
  503    5     5.86563    -0.91689     0.32449     -0.00181929    0.52576284   -0.00346028    0.15729267
  504    5     5.63654     0.17502    -0.26202     -0.00094797    0.29622619   -0.00320015    0.15432697
  505   12     0.74732     2.35638     4.68612     -0.00197159    0.86400335   -0.00228193    0.15963915
  506   12     2.04341     2.79198     4.52869     -0.00535823    1.74328834   -0.00307363    0.16290359
  507    5     1.65506     1.13012     4.54688     -0.00324869    2.43232694   -0.00133563    0.15298844
  508    5     3.10137     1.66495     4.23305     -0.00167284    1.23476246   -0.00135479    0.15745388
  509   14     1.81372     1.98633    -3.71089     -0.00010160    0.32392812   -0.00031364    0.13942974
  510    5     2.06691     0.30571    -2.85906      0.00016789    0.48760288    0.00034432    0.14283299
  511   15     5.28071     2.37979    -1.45355     -0.00268608    1.45816791   -0.00184209    0.14225052
  512    5     4.93089     0.83106    -1.33494     -0.00153036    2.10609087   -0.00072664    0.14147678
  513    6     3.77319     3.64224     2.40733     -0.00141109    0.51105643   -0.00276113    0.16121818
  514    7     4.03343     3.84849     2.05885     -0.00115198    0.51105643   -0.00225411    0.15692259
  515   11     4.27303     2.78092     2.38737     -0.00211352    0.51105643   -0.00413558    0.16881228
  516    6     1.75017     6.66229     2.70612     -0.00020749    0.08219581   -0.00252432    0.14263433
  517    7     2.01815     6.83809     2.35512     -0.00019012    0.08219581   -0.00231298    0.13838846
  518   12     1.76263     6.51341     2.96239     -0.00029764    0.08219581   -0.00362114    0.14490489
  519    6     3.48841     4.33791     2.70706     -0.00023883    0.08219581   -0.00290567    0.15535946
  520    7     3.73293     4.54510     2.35606     -0.00020524    0.08219581   -0.00249696    0.14977890
  521   12     3.34903     4.39209     2.96325     -0.00023495    0.08219581   -0.00285846    0.15644505
  522    6    -2.11405     4.65860    -1.91179     -0.00018562    0.08289411   -0.00223920    0.16000655
  523    7    -1.80233     4.86198    -2.20741     -0.00017255    0.08289411   -0.00208152    0.15296851
  524   13    -2.33402     4.71948    -1.72326     -0.00034802    0.08289411   -0.00419840    0.16329723
  525    6    -1.61447     6.86940    -0.05895     -0.00024220    0.08289411   -0.00292177    0.14696148
  526    7    -1.30946     7.04305    -0.37949     -0.00020855    0.08289411   -0.00251587    0.14173060
  527   13    -1.87804     6.73731    -0.03214     -0.00020566    0.08289411   -0.00248101    0.14950439
  528    6    -1.61950     4.13378    -2.48244     -0.00019060    0.08278274   -0.00230240    0.15806821
  529    7    -1.37497     4.34115    -2.83333     -0.00016701    0.08278274   -0.00201749    0.15248406
  530   14    -1.23632     4.28571    -3.08957     -0.00021028    0.08278274   -0.00254013    0.15140732
  531    6    -1.02999     7.27890     0.06386     -0.00022881    0.09516819   -0.00240427    0.14093974
  532    7    -0.77773     7.51951    -0.25942     -0.00014921    0.09516819   -0.00156784    0.13707228
  533   16    -0.58253     7.74314    -0.25713     -0.00016173    0.09516819   -0.00169939    0.13590675
  534    6     1.48013     7.15871     2.14784     -0.00018086    0.09516819   -0.00190044    0.13804245
  535    7     1.76509     7.39775     1.85172     -0.00016962    0.09516819   -0.00178231    0.13502251
  536   16     1.73991     7.63194     1.67104     -0.00024497    0.09516819   -0.00257411    0.13423206
  537    7    -1.54991     4.59271    -2.64512     -0.00030009    0.36432391   -0.00082370    0.15072033
  538    6    -1.98116     4.40927    -2.13420     -0.00058668    0.36432391   -0.00161032    0.15971528
  539    7    -1.03339     7.34564    -0.42883     -0.00014403    0.22645760   -0.00063602    0.13682971
  540    6    -1.39126     7.08197     0.09364     -0.00030694    0.22645760   -0.00135539    0.14334488
  541    7     1.93239     7.22262     2.04568     -0.00016484    0.27612970   -0.00059697    0.13422767
  542    6     1.60934     6.87441     2.54373     -0.00033342    0.27612970   -0.00120748    0.14018752
  543    7     4.03074     4.52032     2.11349     -0.00025761    0.15163694   -0.00169888    0.14739396
  544    6     3.64663     4.17363     2.55994     -0.00023393    0.15163694   -0.00154272    0.15491800
  545    6     3.50214     3.52992     2.87859     -0.00087836    0.27638739   -0.00317799    0.16353391
  546   11     3.98619     2.66360     2.84583     -0.00123105    0.27638739   -0.00445407    0.16884145
  547   12     3.35773     3.60138     3.13034     -0.00088859    0.27638739   -0.00321500    0.16312913
  548   11     4.59023     2.35416     2.79146     -0.00068333    0.15146324   -0.00451153    0.16923714
  549    6     3.76370     3.57060     2.79025      0.00004930    0.21699946    0.00022718    0.15910161
  550   12     3.24935     4.17095     3.32034     -0.00041075    0.08847798   -0.00464237    0.15878229
  551    6     3.41158     4.12832     2.92492     -0.00034148    0.10724604   -0.00318407    0.15839822
  552   12     1.41202     6.48189     3.35329     -0.00067233    0.24247580   -0.00277275    0.14646534
  553   12     0.36368     6.35025     3.70939     -0.00161929    0.53852716   -0.00300688    0.14812019
  554   12    -0.60415     5.54675     4.19678     -0.00136767    0.53852716   -0.00253964    0.14857956
  555   12    -0.85724     4.27563     4.57101     -0.00144933    0.53852716   -0.00269128    0.15297559
  556   12    -0.29234     3.05539     4.67944     -0.00161627    0.53852716   -0.00300128    0.15951363
  557    6     0.88648     6.63449     3.12600     -0.00149062    0.52780236   -0.00282421    0.14677881
  558    6    -0.44447     6.15558     3.65062     -0.00129612    0.52780236   -0.00245569    0.14648925
  559    6    -1.16488     4.93144     4.15902     -0.00112520    0.52780236   -0.00213186    0.14903478
  560    6    -0.98089     3.46139     4.44382     -0.00127951    0.52780236   -0.00242423    0.15593816
  561    6    -0.26993     2.46282     4.45534     -0.00063168    0.29391006   -0.00214924    0.16048410
  562   13    -3.30867     3.77294     2.54857     -0.00088423    0.25446708   -0.00347484    0.16719693
  563   13    -2.98149     4.88458     2.69955     -0.00160677    0.57178299   -0.00281010    0.15842312
  564   13    -2.55278     6.09189     2.10985     -0.00174518    0.57178299   -0.00305217    0.15366983
  565   13    -2.25910     6.64717     0.84709     -0.00184694    0.57178299   -0.00323013    0.15404030
  566    6    -2.91142     4.05229     2.91201     -0.00151986    0.54789110   -0.00277402    0.16153807
  567    6    -2.43718     5.54913     2.76924     -0.00135248    0.54789110   -0.00246851    0.15177059
  568    6    -2.00853     6.59500     1.67005     -0.00157512    0.54789110   -0.00287488    0.15075713
  569    6    -1.80688     6.85788     0.42886     -0.00073451    0.30844494   -0.00238134    0.14926036
  570   13    -2.69897     4.45783    -1.55144     -0.00067422    0.19450446   -0.00346635    0.16887432
  571    6    -2.40518     4.21540    -1.77370     -0.00073858    0.23576298   -0.00313274    0.16856666
  572   14    -1.19058     4.17937    -3.28430     -0.00012174    0.10361474   -0.00117496    0.14993191
  573    6    -1.82358     3.97006    -2.41583     -0.00009800    0.14630667   -0.00066983    0.16029772
  574   16    -0.30584     7.99173     0.07781     -0.00132061    0.74981781   -0.00176124    0.13584162
  575   16     0.86047     7.98514     1.14165     -0.00417278    1.54529382   -0.00270032    0.13919547
  576    6    -0.49817     7.38970     1.11905     -0.00324163    2.04517866   -0.00158501    0.14177842
  577    6     0.91937     7.27629     2.20761     -0.00100843    1.05799037   -0.00095315    0.13791421
  578    7     4.45487     3.91504     1.69326     -0.00082207    0.35646160   -0.00230620    0.15399198
  579   11     4.66637     2.83693     1.99627     -0.00140235    0.35646160   -0.00393410    0.16501387
  580   15     4.69928     3.83513     1.53671     -0.00081526    0.35646160   -0.00228710    0.15347084
  581   11     4.80760     2.44023     2.53276     -0.00061678    0.17039043   -0.00361980    0.16704622
  582    7     4.39968     3.99811     2.02805      0.00020196    0.24982159    0.00080841    0.14985152
  583   12     3.21216     4.74919     3.18504     -0.00170239    0.66018043   -0.00257868    0.15375259
  584   12     2.43555     5.89405     3.20678     -0.00415741    1.34674065   -0.00308702    0.15040176
  585    7     3.51383     5.55928     2.34861     -0.00178195    1.81366719   -0.00098251    0.13969446
  586    7     2.52690     6.78059     2.32758     -0.00049357    0.93109671   -0.00053010    0.13382781
  587   13    -2.17049     6.53992    -0.30401     -0.00173290    0.66517511   -0.00260517    0.15187398
  588   13    -2.43756     5.53097    -1.23049     -0.00433814    1.35769281   -0.00319523    0.16092013
  589    7    -1.51351     6.60818    -1.30937     -0.00178779    1.82657907   -0.00097876    0.13996875
  590    7    -1.75659     5.37255    -2.27010     -0.00048460    0.93818960   -0.00051652    0.14498624
  591   14    -1.10512     4.61450    -3.48156     -0.00041382    0.24431004   -0.00169383    0.14544223
  592   14    -0.67082     5.58488    -3.84369     -0.00093461    0.54352832   -0.00171953    0.13359618
  593   14     0.39012     6.27503    -4.33696     -0.00082204    0.54352832   -0.00151241    0.12250803
  594   14     1.68829     6.13227    -4.71059     -0.00093486    0.54352832   -0.00171998    0.11858539
  595   14     2.68595     5.21573    -4.80981     -0.00093164    0.54352832   -0.00171406    0.11940824
  596   14     2.96985     3.90507    -4.59352     -0.00082332    0.54352832   -0.00151476    0.12412133
  597   14     2.42240     2.74319    -4.15132     -0.00089110    0.54352832   -0.00163947    0.13409200
  598    7    -1.09698     5.16520    -3.25722     -0.00080256    0.53093801   -0.00151160    0.14101917
  599    7    -0.24353     6.30337    -3.78981     -0.00046347    0.53093801   -0.00087293    0.12400580
  600    7     1.14962     6.62662    -4.30174     -0.00043793    0.53093801   -0.00082483    0.11585799
  601    7     2.50541     6.00106    -4.58098     -0.00059325    0.53093801   -0.00111736    0.11466948
  602    7     3.26223     4.68581    -4.51185     -0.00055295    0.53093801   -0.00104146    0.11765974
  603    7     3.10659     3.22566    -4.12298     -0.00046694    0.53093801   -0.00087947    0.12560175
  604    7     2.40635     2.30572    -3.68925     -0.00026060    0.29613338   -0.00088000    0.13530348
  605   15     4.83471     2.84465    -2.47216     -0.00036346    0.23654705   -0.00153654    0.13180328
  606   15     5.14695     3.83605    -2.79960     -0.00084042    0.52276724   -0.00160763    0.12517329
  607   15     5.46441     5.08625    -2.51944     -0.00084429    0.52276724   -0.00161503    0.11973747
  608   15     5.59766     5.95402    -1.53379     -0.00076642    0.52276724   -0.00146608    0.11826930
  609   15     5.49486     6.10170    -0.22616     -0.00076230    0.52276724   -0.00145821    0.12161230
  610   15     5.19601     5.47184     0.89466     -0.00089039    0.52276724   -0.00170323    0.13173856
  611   15     4.88633     4.56609     1.41552     -0.00050901    0.23654705   -0.00215183    0.14368216
  612    7     4.63516     3.20227    -2.89095     -0.00049457    0.51730331   -0.00095606    0.12638587
  613    7     5.04460     4.61283    -3.04057     -0.00056423    0.51730331   -0.00109072    0.11811322
  614    7     5.30990     5.85950    -2.29550     -0.00056192    0.51730331   -0.00108625    0.11450847
  615    7     5.32783     6.45721    -0.94564     -0.00045798    0.51730331   -0.00088532    0.11526585
  616    7     5.09141     6.17339     0.48378     -0.00048503    0.51730331   -0.00093762    0.12213386
  617    7     4.69263     5.11848     1.43659     -0.00082114    0.51730331   -0.00158734    0.13754198
  618   16     2.12880     7.92212     1.46569     -0.00041274    0.23778960   -0.00173573    0.13040826
  619   16     3.09258     8.03396     0.95901     -0.00091345    0.52595367   -0.00173676    0.12421655
  620   16     3.79015     8.20525    -0.15502     -0.00084671    0.52595367   -0.00160985    0.11731951
  621   16     3.68149     8.35818    -1.46720     -0.00093372    0.52595367   -0.00177530    0.11427952
  622   16     2.80924     8.43272    -2.46250     -0.00096430    0.52595367   -0.00183343    0.11404767
  623   16     1.51576     8.39962    -2.75028     -0.00084730    0.52595367   -0.00161098    0.11572542
  624   16     0.30873     8.27187    -2.21758     -0.00084495    0.52595367   -0.00160651    0.12133607
  625   16    -0.33809     8.09960    -1.07349     -0.00099250    0.52595367   -0.00188705    0.13030573
  626    7     2.62661     7.61155     1.48894     -0.00072710    0.51961759   -0.00139930    0.12888056
  627    7     3.76171     7.78452     0.55106     -0.00051936    0.51961759   -0.00099950    0.11834652
  628    7     4.10851     7.97544    -0.87767     -0.00045234    0.51961759   -0.00087053    0.11238311
  629    7     3.53087     8.10940    -2.23649     -0.00061437    0.51961759   -0.00118234    0.11100571
  630    7     2.25553     8.13380    -2.99206     -0.00058073    0.51961759   -0.00111761    0.11171132
  631    7     0.78304     8.03907    -2.84784     -0.00045213    0.51961759   -0.00087012    0.11548860
  632    7    -0.30865     7.86240    -1.86041     -0.00061839    0.51961759   -0.00119008    0.12484222
  633    7    -0.68254     7.70578    -0.72724     -0.00033732    0.28822982   -0.00117032    0.13315917
  634    8    -0.16920    -7.56142     0.78321     -0.00071018    0.26536816   -0.00267621    0.16377777
  635   10     0.72164    -7.18803     0.98239     -0.00130481    0.26536816   -0.00491699    0.16977327
  636   17    -0.36132    -7.62270     1.00194     -0.00075617    0.26536816   -0.00284953    0.16431756
  637    8     0.50313    -7.00060    -1.60578     -0.00065131    0.20624544   -0.00315793    0.16416886
  638   10     1.30737    -6.68557    -1.13165     -0.00103205    0.20624544   -0.00500398    0.16913825
  639   18     0.40251    -6.99876    -1.88444     -0.00073483    0.20624544   -0.00356287    0.16419834
  640   10     1.49078    -7.26515     0.64841     -0.00393284    1.04755375   -0.00375431    0.17159742
  641   10     1.83735    -6.97199    -0.53552     -0.00379820    1.04755375   -0.00362578    0.17097376
  642    8     0.34551    -7.45926    -0.41389     -0.00565323    2.93842939   -0.00192390    0.16298235
  643   17    -2.63330    -5.63322     3.12736     -0.00063575    0.23435639   -0.00271276    0.16214563
  644   17    -3.67886    -5.84098     2.93268     -0.00156102    0.51764055   -0.00301565    0.15876274
  645   17    -4.60713    -6.53030     2.31094     -0.00155692    0.51764055   -0.00300773    0.15291995
  646   17    -4.80852    -7.49879     1.44787     -0.00144022    0.51764055   -0.00278228    0.14992465
  647   17    -4.20536    -8.37302     0.67629     -0.00147177    0.51764055   -0.00284322    0.14953788
  648   17    -3.03023    -8.81587     0.29370     -0.00164082    0.51764055   -0.00316980    0.15015767
  649   17    -1.73627    -8.65659     0.44763     -0.00133958    0.51764055   -0.00258786    0.15342867
  650   17    -0.89985    -8.14569     0.90986     -0.00067247    0.23435639   -0.00286945    0.15857845
  651    8    -3.08236    -5.28759     2.98988     -0.00138531    0.51272123   -0.00270187    0.16220361
  652    8    -4.39174    -5.77807     2.54132     -0.00118078    0.51272123   -0.00230296    0.15430702
  653    8    -5.05637    -6.75344     1.66773     -0.00117454    0.51272123   -0.00229079    0.14916717
  654    8    -4.81999    -7.83760     0.70599     -0.00139494    0.51272123   -0.00272066    0.14783870
  655    8    -3.77374    -8.61251     0.02693     -0.00139626    0.51272123   -0.00272323    0.14789238
  656    8    -2.32105    -8.77934    -0.10760     -0.00133626    0.51272123   -0.00260622    0.14909699
  657    8    -1.02208    -8.27379     0.35428     -0.00135841    0.51272123   -0.00264941    0.15622549
  658   18    -0.03500    -7.49556    -2.24803     -0.00089309    0.24472941   -0.00364931    0.15925700
  659   18    -0.94388    -8.16152    -2.29047     -0.00137976    0.54524465   -0.00253054    0.15366397
  660   18    -2.22019    -8.36947    -2.72248     -0.00143132    0.54524465   -0.00262510    0.14997998
  661   18    -3.22269    -7.78994    -3.44220     -0.00161776    0.54524465   -0.00296703    0.14960083
  662   18    -3.53184    -6.66545    -4.14846     -0.00172277    0.54524465   -0.00315964    0.15044524
  663   18    -3.01827    -5.46657    -4.54569     -0.00146930    0.54524465   -0.00269475    0.15408736
  664   18    -1.89691    -4.69501    -4.46767     -0.00161009    0.54524465   -0.00295296    0.16067352
  665   18    -0.84237    -4.55887    -4.09247     -0.00080219    0.24472941   -0.00327787    0.16376509
  666    8    -0.34639    -7.78832    -1.83389     -0.00134909    0.53107905   -0.00254029    0.15707485
  667    8    -1.70087    -8.44794    -2.06758     -0.00132551    0.53107905   -0.00249588    0.14919778
  668    8    -3.04735    -8.22838    -2.74810     -0.00151785    0.53107905   -0.00285805    0.14789266
  669    8    -3.82236    -7.22153    -3.59067     -0.00149677    0.53107905   -0.00281836    0.14806428
  670    8    -3.70158    -5.84871    -4.24269     -0.00117614    0.53107905   -0.00221463    0.15012058
  671    8    -2.73555    -4.68444    -4.43131     -0.00134362    0.53107905   -0.00252998    0.15669698
  672    8    -1.32853    -4.21592    -4.07759     -0.00164935    0.53107905   -0.00310566    0.16441193
  673   19    -5.06632    -3.17708    -3.11965     -0.00086528    0.24949202   -0.00346817    0.17064525
  674   19    -5.41621    -4.25768    -3.31147     -0.00153453    0.55915482   -0.00274438    0.16150138
  675   19    -5.92589    -5.44431    -2.79415     -0.00162473    0.55915482   -0.00290570    0.15600873
  676   19    -6.33607    -6.01861    -1.59522     -0.00186374    0.55915482   -0.00333313    0.15490444
  677   19    -6.46671    -5.72853    -0.24087     -0.00182800    0.55915482   -0.00326923    0.15558008
  678   19    -6.26048    -4.70138     0.67451     -0.00174054    0.55915482   -0.00311281    0.16091815
  679   19    -5.91162    -3.62132     0.87121     -0.00078167    0.24949202   -0.00313307    0.17000756
  680    8    -4.83040    -3.64711    -3.40987     -0.00154535    0.53835190   -0.00287052    0.16508537
  681    8    -5.36076    -5.10740    -3.33522     -0.00139446    0.53835190   -0.00259023    0.15436681
  682    8    -5.90574    -6.15066    -2.31843     -0.00154265    0.53835190   -0.00286550    0.15233170
  683    8    -6.22614    -6.31905    -0.80572     -0.00164487    0.53835190   -0.00305539    0.15200917
  684    8    -6.18136    -5.53865     0.53899     -0.00142531    0.53835190   -0.00264755    0.15397123
  685    8    -5.79105    -4.15197     1.12555     -0.00155654    0.53835190   -0.00289130    0.16413872
  686   13    -3.40470     3.81506    -1.31582     -0.00169460    0.81991564   -0.00206680    0.17520765
  687   13    -4.06065     3.85339    -0.42681     -0.00440315    1.63920524   -0.00268615    0.17716235
  688   13    -4.25726     3.55927     0.87550     -0.00437078    1.63920524   -0.00266640    0.17735179
  689    9    -4.25406     2.57910    -1.36487     -0.00581058    1.63920524   -0.00354475    0.18929424
  690    9    -4.84169     2.49093    -0.15322     -0.00580546    1.63920524   -0.00354163    0.18906386
  691    9    -4.79149     2.15732     0.89953     -0.00223356    0.81991564   -0.00272413    0.18590741
  692   19    -6.16188    -2.54303     0.04674     -0.00184505    0.82228296   -0.00224381    0.17657447
  693   19    -6.26713    -2.38915    -1.03164     -0.00461077    1.64375570   -0.00280502    0.17885313
  694   19    -5.70543    -2.36013    -2.24398     -0.00425444    1.64375570   -0.00258824    0.17868421
  695    9    -5.92808    -1.05683    -0.18747     -0.00574052    1.64375570   -0.00349232    0.18964452
  696    9    -5.78474    -0.92582    -1.50975     -0.00573524    1.64375570   -0.00348911    0.18986718
  697    9    -5.13475    -0.95606    -2.38967     -0.00216048    0.82228296   -0.00262741    0.18721565
  698   17    -0.41928    -7.65015     1.58801     -0.00253871    1.53162276   -0.00165753    0.16064018
  699   10     1.15748    -7.05612     1.79037     -0.00337029    1.53162276   -0.00220047    0.16637703
  700   18     0.57578    -7.03029    -2.24924     -0.00044734    0.48346665   -0.00092527    0.15788280
  701   10     1.93684    -6.72831    -1.16903     -0.00038001    0.48346665   -0.00078600    0.16391412
  702   12     3.17115     3.33991     3.85044     -0.00251216    1.49967917   -0.00167513    0.15901840
  703   11     4.28282     2.16712     3.34882     -0.00350320    1.49967917   -0.00233597    0.16613775
  704   15     5.14524     3.77558     1.48145     -0.00075694    0.82655288   -0.00091578    0.14807081
  705   15     5.75959     3.36766     0.74765     -0.00274574    1.65153981   -0.00166253    0.14673009
  706   15     5.89233     2.72996    -0.34595     -0.00257008    1.65153981   -0.00155617    0.14479213
  707   11     5.45137     2.26779     2.01469     -0.00434663    1.65153981   -0.00263187    0.16394289
  708   11     5.98147     1.69645     1.00831     -0.00433427    1.65153981   -0.00262438    0.15968418
  709   11     5.87996     1.16897     0.11739     -0.00127823    0.82655288   -0.00154645    0.15465506
