COSMO Results from DMol3

Note: COSMO for ideal conductor limit (fepsi= 1.0000)
  Basic Grid Size                  =   1082
  Number of Segments on an Atom    =     92
  Number of Segments on Hydrogen   =     32
  Solvent Radius    [au]           =   2.46
  A - Matrix Cutoff [au]           =  13.23
  factor for Outlying Charge corr  =   0.85
  maximum segment or cutoff radius =   1.46
  total number of segments         =    786
  number of charge corr segments   =    330




$coordinates xyz [au]                         and cosmo atom analysis:   radius   charge    area  charge density  (srad)
C            -6.57112971417548   -0.14042690823119   -0.02599259685421   3.7795  -0.0257    58.07    -0.00044    6.2361
C            -3.74999936590690   -0.25947681006796    0.02830709030836   3.7795  -0.0154    17.93    -0.00086    6.2361
C            -2.25714484028264    1.93395488976895    0.02220912551671   3.7795  -0.0325    43.97    -0.00074    6.2361
C             0.35621354850608    1.78116982958510    0.01700458922189   3.7795  -0.0706    46.16    -0.00153    6.2361
C            -2.45118076606405   -2.58383798605381    0.04184341397046   3.7795  -0.0328    43.51    -0.00075    6.2361
C             0.15570555263152   -2.65162765512473    0.03770908249256   3.7795  -0.0748    47.29    -0.00158    6.2361
N             1.54765040771408   -0.48702613294595    0.02261607803773   3.4582  -0.0129     5.97    -0.00215    5.9148
C             4.38468226275253   -0.73433292229569    0.02432091524838   3.7795  -0.0522    29.56    -0.00177    6.2361
C             5.84017331429575    1.73191577542695   -0.03132075147322   3.7795  -0.0175    51.13    -0.00034    6.2361
H            -7.43130620271296   -1.77676968023175    0.91817902430208   2.4566  -0.0441    23.80    -0.00185    4.9133
H            -7.23480030851015   -0.15942471802878   -2.00462157714816   2.4566  -0.0494    25.29    -0.00195    4.9133
H            -7.28648279113002    1.60264683563912    0.84180997594698   2.4566  -0.0439    23.54    -0.00186    4.9133
H            -3.12600379644388    3.80373395773784    0.02594945287700   2.4566  -0.0670    24.38    -0.00275    4.9133
H             1.55548308628641    3.44794340183811    0.01163757238512   2.4566  -0.0564    15.79    -0.00357    4.9133
H            -3.48048556204450   -4.37025217341247    0.06147208426845   2.4566  -0.0671    24.43    -0.00275    4.9133
H             1.22560998246151   -4.41114968479109    0.05122032004036   2.4566  -0.0796    22.84    -0.00349    4.9133
H             4.84620808815756   -1.90277634234631   -1.62974142745295   2.4566  -0.0635    24.30    -0.00261    4.9133
H             4.85242038326950   -1.83390103128577    1.72357297419589   2.4566  -0.0647    24.61    -0.00263    4.9133
H             5.46892238551332    2.84343358835541   -1.74641667298489   2.4566  -0.0431    23.46    -0.00184    4.9133
H             7.86276443907591    1.26038699280463   -0.03587130646852   2.4566  -0.0433    24.01    -0.00180    4.9133
H             5.49269989660639    2.90581677365943    1.64611263357005   2.4566  -0.0430    23.45    -0.00184    4.9133
$end


$cosmo_energy               [Hartree atomic units]       [eV]     [kcal/mol]
  Total energy                 =       -366.763714
  Total energy + OC corr.      =       -366.760085
  Dielectric energy            =         -0.080237      -2.183      -50.35
  Diel. energy + OC corr.      =         -0.076608      -2.085      -48.07

  Surface area of cavity [au]  =           623.487
  Total Volume of cavity [au]  =          1158.015


$screening_charge
  cosmo           =   -1.02506
  corrected total =   -0.99954


$segment information
    n  atom        position (X, Y, Z) [au]            charge       area [au]   charge/area    potential [au]

    1    1    -9.15102     2.23184    -1.44047      0.00058670    1.49307918    0.00039295    0.11398379
    2    1    -6.46733    -0.15728     3.75199      0.00040096    0.99538612    0.00040281    0.12252154
    3    1    -9.85054     0.61348     1.69483      0.00012516    1.16128380    0.00010778    0.10993815
    4    1    -9.74061    -1.60282    -1.47510      0.00027154    1.16128380    0.00023383    0.11221226
    5    1    -6.28040     2.19283    -2.98501     -0.00003929    0.33179537   -0.00011841    0.13430487
    6    1    -7.01227     2.97991    -2.11243      0.00005782    0.66359074    0.00008714    0.12685570
    7    1    -7.66123     2.90802    -1.97611      0.00033323    0.66359074    0.00050216    0.12195865
    8    1    -9.55844    -2.30743    -0.84097      0.00002096    1.16128380    0.00001805    0.11440998
    9    1    -9.64490    -0.44724     2.15160      0.00022841    1.32718149    0.00017210    0.11070754
   10    1    -7.16863    -0.87225     3.63346      0.00004836    0.99538612    0.00004859    0.12084569
   11    1    -7.56439    -3.60070    -1.17669     -0.00006025    0.66359074   -0.00009080    0.12921620
   12    1    -8.32176     2.91472    -1.39919      0.00012080    0.66359074    0.00018204    0.11965818
   13    1    -8.19735     2.48391    -2.20603      0.00025636    0.99538612    0.00025755    0.11966819
   14    1    -6.27579    -1.34159     3.54531     -0.00032751    0.99538612   -0.00032903    0.12836123
   15    1    -7.54850    -0.01320     3.62267      0.00041321    0.99538612    0.00041513    0.11622738
   16    1    -9.13366     0.27646     2.72061      0.00056036    1.32718149    0.00042222    0.11118579
   17    1   -10.21884    -0.36586     0.93708      0.00004409    1.65897686    0.00002658    0.10783803
   18    1   -10.21454    -1.07438    -0.39667      0.00001277    1.49307918    0.00000855    0.10861472
   19    1    -8.90858    -2.48276    -1.85190      0.00025165    1.16128380    0.00021670    0.11715796
   20    1    -7.55764    -3.13465    -2.11059      0.00024317    1.49307918    0.00016287    0.12535785
   21    1    -6.64204    -2.79285    -2.71743     -0.00003714    0.66359074   -0.00005596    0.13357328
   22    1    -6.00771     0.59015     3.63913      0.00004622    0.82948843    0.00005573    0.12684342
   23    1    -6.92791     0.82339     3.61104     -0.00000502    0.82948843   -0.00000605    0.12179662
   24    1   -10.14435     0.91070     0.61541     -0.00012654    1.49307918   -0.00008475    0.10911825
   25    1    -9.90105     1.57257    -0.53730     -0.00003648    1.49307918   -0.00002443    0.11053835
   26    1    -9.80023     1.09922    -1.54926     -0.00012634    1.49307918   -0.00008462    0.11175372
   27    1   -10.10217    -0.35896    -1.35571     -0.00022532    1.49307918   -0.00015091    0.11032890
   28    1    -7.24930     3.33635    -1.34374     -0.00009526    0.66359074   -0.00014356    0.12860324
   29    1    -6.99830     2.49307    -2.70304     -0.00011765    0.66359074   -0.00017730    0.12817261
   30    1   -10.13343    -1.30602     0.45929     -0.00022939    0.82948843   -0.00027654    0.11144829
   31    1    -8.32036    -0.38175     3.31558      0.00036661    0.99538612    0.00036831    0.11418255
   32    1    -8.45340    -3.13165    -1.36531      0.00031323    0.99538612    0.00031468    0.12056616
   33    1    -6.15637     1.42404     3.38937     -0.00025352    0.49769306   -0.00050939    0.13000953
   34    1    -8.26446     0.58824     3.27339      0.00037660    0.82948843    0.00045402    0.11511371
   35    1   -10.30203     0.29598    -0.44318      0.00002036    1.49307918    0.00001364    0.10707255
   36    2    -4.35930    -1.09372     3.66385     -0.00027008    0.49769306   -0.00054267    0.13499419
   37    2    -4.20848     0.45381     3.71143     -0.00032395    0.82948843   -0.00039054    0.13422331
   38    2    -4.20761    -0.38989     3.77770     -0.00041718    0.66359074   -0.00062866    0.13398600
   39    2    -3.59993    -0.90915     3.74849      0.00062308    0.49769306    0.00125193    0.13526309
   40    2    -3.03888    -0.29070    -3.68349      0.00007144    1.32718149    0.00005383    0.13902691
   41    2    -3.84209     0.35125    -3.70032     -0.00011171    0.99538612   -0.00011222    0.13825826
   42    2    -4.01100    -0.94232    -3.67975     -0.00047852    0.82948843   -0.00057689    0.13889645
   43    2    -3.21538    -0.11173     3.76686      0.00009963    0.99538612    0.00010009    0.13552181
   44    3    -1.65712     1.18447     3.67770      0.00017094    0.49769306    0.00034347    0.13931468
   45    3    -3.88521     2.78785     3.32443     -0.00026655    0.49769306   -0.00053556    0.13529299
   46    3    -1.73660     4.48726     2.75972     -0.00029367    0.99538612   -0.00029504    0.14337011
   47    3    -3.04090     3.38464    -3.37859     -0.00026132    1.32718149   -0.00019690    0.13485863
   48    3    -3.46134     4.15266    -2.79052     -0.00065738    1.16128380   -0.00056608    0.14032095
   49    3    -1.43736     5.26291    -1.56844     -0.00009561    0.33179537   -0.00028816    0.15672012
   50    3    -1.71870     5.09915     2.01617     -0.00050149    0.99538612   -0.00050382    0.15207218
   51    3    -4.07072     3.75398     2.79400     -0.00056690    0.82948843   -0.00068343    0.14044195
   52    3    -3.41883     3.39443     3.30882     -0.00014888    0.82948843   -0.00017949    0.13502552
   53    3    -2.33818     3.96250     3.21012     -0.00014725    0.82948843   -0.00017751    0.13724221
   54    3    -1.65866     4.94528    -2.18185     -0.00055160    0.66359074   -0.00083124    0.14951130
   55    3    -2.02326     4.08058    -3.07964      0.00004642    1.49307918    0.00003109    0.13909517
   56    3    -4.10111     3.22138    -3.01531     -0.00017837    0.82948843   -0.00021504    0.13754116
   57    3    -3.23712     2.31789     3.65217     -0.00006474    1.16128380   -0.00005575    0.13310025
   58    3    -2.45091     1.51942     3.77387      0.00026962    0.82948843    0.00032505    0.13439661
   59    3    -1.88975     2.09403     3.78037      0.00023052    0.82948843    0.00027791    0.13513322
   60    3    -1.69121     3.29971     3.50053      0.00032168    0.99538612    0.00032317    0.13697312
   61    3    -2.00447     2.77938    -3.65278      0.00026558    1.82487455    0.00014553    0.13545540
   62    3    -3.35857     2.30444    -3.57415     -0.00035526    1.49307918   -0.00023794    0.13483555
   63    3    -2.37100     4.67860    -2.57358     -0.00049211    0.82948843   -0.00059327    0.14377863
   64    3    -3.06007     4.27325     2.88006     -0.00069218    1.16128380   -0.00059605    0.14032640
   65    3    -4.45452     3.80514    -2.41797     -0.00055099    0.49769306   -0.00110708    0.14354684
   66    3    -2.08787     1.42157    -3.71851      0.00054982    1.65897686    0.00033142    0.13742749
   67    3    -2.51211     2.98455     3.64375     -0.00004109    0.99538612   -0.00004128    0.13350884
   68    4     0.03441     0.80531     3.65409     -0.00066053    0.66359074   -0.00099539    0.15152741
   69    4     0.16007     4.13979     2.96362     -0.00047511    1.32718149   -0.00035798    0.14962867
   70    4     1.07862     3.23970    -3.39402     -0.00106510    0.99538612   -0.00107004    0.15129349
   71    4     1.16047     4.17588    -2.79418     -0.00159958    0.99538612   -0.00160700    0.15660248
   72    4     0.85407     4.54013     2.55163     -0.00142829    0.99538612   -0.00143491    0.15745755
   73    4    -0.08552     5.43842    -0.82770     -0.00122774    0.66359074   -0.00185014    0.16821910
   74    4     0.13418     0.65126    -3.58277     -0.00064691    0.66359074   -0.00097486    0.15350481
   75    4     0.15028     5.03384     1.93059     -0.00127582    0.66359074   -0.00192260    0.16001072
   76    4     1.16453     3.61800     3.21963     -0.00124269    1.16128380   -0.00107010    0.15273869
   77    4     0.15988     4.06701    -2.98643     -0.00086856    1.16128380   -0.00074793    0.14933500
   78    4    -0.01587     4.83556    -2.17764      0.00001917    0.66359074    0.00002889    0.15635972
   79    4     0.09742     3.11850     3.54244     -0.00053182    1.16128380   -0.00045796    0.14533284
   80    4     0.05315     1.82261     3.78405     -0.00026383    1.16128380   -0.00022719    0.14640154
   81    4     0.76218     1.06733     3.70615     -0.00059044    0.66359074   -0.00088976    0.15365606
   82    4     1.41095     1.55590     3.63929     -0.00125342    0.82948843   -0.00151107    0.15612124
   83    4     1.18909     1.26602    -3.63337     -0.00122525    0.99538612   -0.00123093    0.15583974
   84    4     1.09917     2.16022    -3.66927     -0.00121314    1.16128380   -0.00104465    0.15194551
   85    4     0.13732     2.90473    -3.58494     -0.00041927    1.49307918   -0.00028081    0.14578674
   86    4     0.00850     5.34719     1.21979     -0.00051217    0.33179537   -0.00154363    0.16608532
   87    4     0.54910     4.91689    -2.08401     -0.00130751    0.82948843   -0.00157628    0.16070092
   88    4    -0.00893     1.50726    -3.73479     -0.00076093    1.32718149   -0.00057334    0.14782705
   89    4     1.06479     2.45271     3.66818     -0.00166331    1.49307918   -0.00111401    0.15089727
   90    5    -1.95373    -1.70916    -3.60122      0.00011837    0.49769306    0.00023784    0.14112246
   91    5    -4.16049    -3.32760    -3.24593     -0.00031958    0.49769306   -0.00064213    0.13713545
   92    5    -2.16681    -5.20251    -2.66852     -0.00025662    0.99538612   -0.00025781    0.14420409
   93    5    -3.34581    -3.92329     3.46086     -0.00030485    1.32718149   -0.00022969    0.13522537
   94    5    -4.07028    -4.48414     2.87936     -0.00087379    0.99538612   -0.00087784    0.14125380
   95    5    -1.91993    -5.95437     1.66713      0.00001946    0.33179537    0.00005865    0.15736608
   96    5    -2.19969    -5.80551    -1.91825     -0.00050515    0.99538612   -0.00050749    0.15272688
   97    5    -4.57248    -4.20389    -2.63395     -0.00060189    0.82948843   -0.00072562    0.14172431
   98    5    -3.80602    -4.03740    -3.17311     -0.00027534    0.99538612   -0.00027662    0.13680471
   99    5    -2.72185    -4.63198    -3.12300     -0.00014944    0.82948843   -0.00018016    0.13828598
  100    5    -2.24472    -5.54639     2.37955     -0.00095156    0.99538612   -0.00095597    0.14894387
  101    5    -2.30235    -4.70455     3.16668      0.00008148    1.32718149    0.00006139    0.13986956
  102    5    -4.38904    -3.67171     3.09886     -0.00033949    0.82948843   -0.00040927    0.13841070
  103    5    -3.46878    -2.83226    -3.58957     -0.00026133    1.32718149   -0.00019691    0.13560196
  104    5    -2.62235    -2.19468    -3.71364      0.00014367    0.82948843    0.00017320    0.13672260
  105    5    -2.11371    -2.81628    -3.71535      0.00026393    0.82948843    0.00031819    0.13676849
  106    5    -2.02044    -4.03162    -3.42266      0.00035064    0.99538612    0.00035227    0.13811737
  107    5    -2.25930    -3.40822     3.72528      0.00027142    1.82487455    0.00014873    0.13535716
  108    5    -3.56689    -2.81735     3.64528     -0.00024140    1.49307918   -0.00016168    0.13424369
  109    5    -3.18015    -5.05805     2.80427     -0.00044834    0.99538612   -0.00045042    0.14292458
  110    5    -3.46690    -4.87468    -2.78742     -0.00070832    1.16128380   -0.00060995    0.14107833
  111    5    -2.22321    -2.04769     3.77610      0.00056080    1.65897686    0.00033804    0.13670262
  112    5    -2.81113    -3.64731    -3.56701     -0.00008746    0.99538612   -0.00008787    0.13511982
  113    6    -0.08894    -1.67018    -3.60388     -0.00064017    0.66359074   -0.00096471    0.15275177
  114    6    -0.27041    -5.04164    -2.85891     -0.00030725    1.16128380   -0.00026458    0.15096852
  115    6     0.85589    -4.07507     3.46813     -0.00099632    1.16128380   -0.00085795    0.15340132
  116    6     0.84863    -5.06537     2.86223     -0.00145242    1.16128380   -0.00125070    0.15850619
  117    6     0.27000    -5.55384    -2.38061     -0.00087873    0.66359074   -0.00132420    0.15889488
  118    6    -0.56760    -6.25995     0.89850     -0.00185198    0.66359074   -0.00279085    0.16951313
  119    6    -0.30067    -5.88722    -1.86144     -0.00123327    0.66359074   -0.00185849    0.16110573
  120    6     0.58761    -4.69881    -3.10978     -0.00096652    1.16128380   -0.00083228    0.15346224
  121    6     1.40571    -3.94888    -3.28477     -0.00110603    1.16128380   -0.00095242    0.15875537
  122    6     1.69362    -4.37438     3.02956     -0.00205160    1.16128380   -0.00176667    0.16326354
  123    6    -0.21734    -4.90191     3.05122     -0.00089702    1.16128380   -0.00077244    0.15029337
  124    6    -0.45182    -5.65821     2.24577     -0.00003140    0.66359074   -0.00004732    0.15754366
  125    6    -0.20620    -3.86789    -3.52234     -0.00065245    1.49307918   -0.00043698    0.14668145
  126    6    -0.14888    -2.68647    -3.72929     -0.00021224    1.16128380   -0.00018277    0.14789497
  127    6     0.71174    -2.04131    -3.65047     -0.00094258    0.82948843   -0.00113634    0.15613321
  128    6     0.83629    -2.00227     3.69823     -0.00115729    0.99538612   -0.00116266    0.15674787
  129    6     0.86642    -3.07040     3.72604     -0.00113669    1.16128380   -0.00097882    0.15377693
  130    6    -0.15009    -3.73870     3.64451     -0.00034021    1.49307918   -0.00022786    0.14650128
  131    6     1.47694    -4.82466    -2.75809     -0.00171393    0.99538612   -0.00172187    0.16314553
  132    6    -0.46639    -6.18547    -1.14933     -0.00032185    0.33179537   -0.00097002    0.16730505
  133    6     0.10520    -5.78339     2.15281     -0.00072453    0.82948843   -0.00087347    0.16194042
  134    6    -0.12833    -2.22570     3.78233     -0.00101192    1.49307918   -0.00067774    0.14890761
  135    6     0.83392    -3.09945    -3.65333     -0.00161668    1.32718149   -0.00121813    0.15394891
  136    7     1.72745    -0.60576    -3.42884     -0.00031076    0.27778738   -0.00111870    0.16500884
  137    7     1.40502    -0.55538     3.47721     -0.00008250    0.13889369   -0.00059394    0.16328482
  138    7     1.77267    -0.52669     3.47328     -0.00033358    0.27778738   -0.00120085    0.16521279
  139    7     1.35725    -0.63126    -3.42730     -0.00010099    0.13889369   -0.00072709    0.16334325
  140    8     3.48530    -0.09463    -3.59038     -0.00086429    0.49769306   -0.00173659    0.16446770
  141    8     7.72801    -2.49590    -0.03234     -0.00092278    0.82948843   -0.00111247    0.14671084
  142    8     5.39295    -4.34516     0.50350     -0.00032646    0.49769306   -0.00065594    0.16036995
  143    8     4.06117     0.16067     3.68200     -0.00056434    0.49769306   -0.00113392    0.16106439
  144    8     3.40458    -0.00039     3.59995     -0.00083296    0.49769306   -0.00167365    0.16504696
  145    8     5.39905    -4.35213    -0.38421     -0.00038211    0.49769306   -0.00076776    0.16065587
  146    8     7.30528    -3.04657    -0.61427     -0.00130078    1.16128380   -0.00112012    0.14911000
  147    8     3.38456    -0.75370    -3.62035     -0.00070613    0.49769306   -0.00141880    0.16738415
  148    8     7.66060    -2.11670    -1.25690     -0.00061372    0.82948843   -0.00073988    0.14954543
  149    8     7.07866    -3.34146     0.50349     -0.00101966    1.16128380   -0.00087804    0.14911864
  150    8     6.05739    -4.11019     0.32413     -0.00036825    0.99538612   -0.00036996    0.15411022
  151    8     7.63864    -2.44021     0.91084     -0.00100244    0.99538612   -0.00100709    0.14819367
  152    8     3.54482    -0.50251     3.70199     -0.00065838    0.49769306   -0.00132287    0.16609625
  153    8     6.58527    -3.79406    -0.25791     -0.00056568    0.99538612   -0.00056830    0.15124031
  154    8     4.13161    -0.20857    -3.70981     -0.00053044    0.49769306   -0.00106579    0.16161399
  155    8     7.61865    -1.92127     1.57893     -0.00061361    0.49769306   -0.00123291    0.15021590
  156    9     8.23231     4.60718    -0.57417      0.00016634    1.32718149    0.00012533    0.11275578
  157    9     8.24097     1.51427    -2.94218      0.00057915    1.16128380    0.00049872    0.12197336
  158    9     6.93525     1.02687     3.51662      0.00002952    1.32718149    0.00002224    0.13307097
  159    9     7.77458     2.05536     3.19941      0.00039217    0.99538612    0.00039399    0.12277812
  160    9     7.75935     0.46690     2.96879      0.00032899    1.16128380    0.00028330    0.13109218
  161    9     8.34476     0.91149     2.67758      0.00000265    0.49769306    0.00000532    0.12668881
  162    9     5.44119     1.05203    -3.72766     -0.00004030    0.33179537   -0.00012146    0.14777542
  163    9     7.73710     2.25931    -3.25743      0.00048860    0.99538612    0.00049087    0.12235035
  164    9     7.59814     4.73464    -1.50690     -0.00004518    1.49307918   -0.00003026    0.11766466
  165    9     5.00864     5.39651    -0.43561      0.00027168    0.66359074    0.00040940    0.13687469
  166    9     8.21291     3.17579     2.53177      0.00067325    1.16128380    0.00057975    0.11752739
  167    9     8.65834     2.57142     2.34298      0.00029423    0.82948843    0.00035471    0.11787049
  168    9     5.64987     5.50353     0.11978      0.00038243    1.32718149    0.00028815    0.12895596
  169    9     7.09717     5.28556    -0.30647      0.00026230    1.49307918    0.00017568    0.11744287
  170    9     8.71750     3.77380    -1.38627      0.00030852    1.49307918    0.00020663    0.11393980
  171    9     8.51424     2.65206    -2.53870      0.00060602    1.16128380    0.00052185    0.11715568
  172    9     7.38992     0.76119    -3.33893      0.00042803    1.32718149    0.00032251    0.12973163
  173    9     6.54726     0.68338    -3.59292      0.00007246    0.33179537    0.00021839    0.13760490
  174    9     7.96657     4.33903     1.69074      0.00020570    1.32718149    0.00015499    0.11660552
  175    9     8.02731     4.75097     0.58984      0.00021613    1.65897686    0.00013028    0.11357039
  176    9     8.89764     3.95347    -0.00530      0.00004383    1.16128380    0.00003775    0.11388707
  177    9     8.03735     0.24467    -2.72295     -0.00013417    1.16128380   -0.00011554    0.13162487
  178    9     5.92336     1.12597     3.69830     -0.00018162    0.66359074   -0.00027369    0.14336513
  179    9     8.17746     1.59887     2.93576      0.00057439    0.99538612    0.00057705    0.12205771
  180    9     8.14475    -0.23524     2.22777     -0.00014328    0.33179537   -0.00043184    0.13765222
  181    9     6.64897     1.21710    -3.68716     -0.00004691    0.82948843   -0.00005656    0.13448768
  182    9     8.22256     3.65704    -2.24544      0.00049263    1.16128380    0.00042421    0.11601595
  183    9     6.25656     5.41693    -0.76033      0.00007628    0.99538612    0.00007664    0.12456080
  184    9     8.77676     3.70516     1.29793      0.00030564    1.49307918    0.00020470    0.11434610
  185    9     6.83112     5.28481     0.79271     -0.00005456    1.32718149   -0.00004111    0.12120886
  186   10    -8.51946    -3.69464     2.00111     -0.00275934    1.26165190   -0.00218708    0.13082023
  187   10    -8.69761    -2.04375     3.00629     -0.00170804    1.12146836   -0.00152304    0.12351323
  188   10    -7.05652    -2.97162     3.03169     -0.00185155    1.05137659   -0.00176107    0.13566555
  189   10    -8.39366    -3.86187     0.04563     -0.00169567    1.19156013   -0.00142307    0.13028589
  190   10    -9.72836    -2.56599     1.28657     -0.00211418    1.26165190   -0.00167573    0.12136832
  191   10    -8.18656    -3.03099     2.89088     -0.00238673    1.19156013   -0.00200303    0.12964805
  192   10    -7.47360    -3.77511     2.34643     -0.00275477    1.19156013   -0.00231191    0.13729730
  193   10    -8.08563    -4.14268     1.01517     -0.00324960    1.40183545   -0.00231810    0.13483619
  194   10    -9.13937    -3.53439     1.08658     -0.00239477    1.19156013   -0.00200978    0.12667687
  195   10    -9.16154    -2.83558     2.30390     -0.00228720    1.12146836   -0.00203947    0.12486893
  196   10    -7.67518    -2.22936     3.32041     -0.00101881    0.84110127   -0.00121128    0.12852479
  197   10    -9.41343    -3.08265     0.28496     -0.00144719    1.05137659   -0.00137647    0.12298090
  198   10    -9.55126    -1.96200     2.14556     -0.00140187    1.05137659   -0.00133336    0.12033008
  199   11    -7.64153    -0.03571    -4.42420     -0.00338331    1.47192722   -0.00229856    0.13159829
  200   11    -6.38313     0.04556    -4.29978     -0.00236399    1.19156013   -0.00198395    0.13717594
  201   11    -7.33986     1.56013    -3.75598     -0.00186304    1.12146836   -0.00166125    0.13125575
  202   11    -9.25124     0.65991    -3.14380     -0.00227386    1.33174368   -0.00170743    0.12267416
  203   11    -9.05040    -1.35761    -3.14609     -0.00214243    1.33174368   -0.00160874    0.12377831
  204   11    -6.99172    -1.76980    -3.84382     -0.00232528    1.19156013   -0.00195146    0.13453590
  205   11    -6.72566     0.95198    -4.13551     -0.00276869    1.33174368   -0.00207900    0.13505298
  206   11    -8.31394     0.79441    -3.99478     -0.00270722    1.26165190   -0.00214578    0.12782347
  207   11    -8.79319    -0.30342    -3.89823     -0.00297362    1.33174368   -0.00223287    0.12634962
  208   11    -8.05101    -1.16690    -4.09120     -0.00307833    1.40183545   -0.00219593    0.12964747
  209   11    -6.63731    -0.92114    -4.26247     -0.00262231    1.33174368   -0.00196908    0.13618935
  210   11    -8.40395     1.54129    -3.33721     -0.00177986    1.19156013   -0.00149372    0.12569765
  211   11    -9.48598    -0.36697    -2.96595     -0.00174966    1.12146836   -0.00156015    0.12175451
  212   11    -8.07642    -1.97633    -3.42784     -0.00175600    1.19156013   -0.00147370    0.12841519
  213   12    -8.32884     3.55112     1.91518     -0.00277214    1.26165190   -0.00219723    0.12978518
  214   12    -7.78647     2.25643     3.15650     -0.00176551    1.19156013   -0.00148168    0.12733212
  215   12    -9.38148     2.24306     1.95358     -0.00178052    1.12146836   -0.00158767    0.12087219
  216   12    -8.98537     3.25980     0.20718     -0.00165149    1.05137659   -0.00157079    0.12408814
  217   12    -7.68931     3.94151     0.20729     -0.00178247    0.91119304   -0.00195619    0.13407651
  218   12    -7.30752     3.32902     2.58950     -0.00258522    1.19156013   -0.00216961    0.13441305
  219   12    -8.57699     2.83898     2.52741     -0.00242049    1.19156013   -0.00203137    0.12610010
  220   12    -9.11103     3.18144     1.30402     -0.00208236    1.05137659   -0.00198060    0.12456665
  221   12    -8.25985     3.85785     0.88419     -0.00198410    0.98128481   -0.00202194    0.13050070
  222   12    -7.37613     3.91998     1.65243     -0.00279574    1.12146836   -0.00249293    0.13715675
  223   12    -6.88123     2.68665     3.00881     -0.00153261    0.91119304   -0.00168198    0.13432705
  224   12    -8.73925     1.89925     2.80056     -0.00102853    0.91119304   -0.00112877    0.12198859
  225   12    -9.56519     2.51960     0.88489     -0.00152084    1.05137659   -0.00144652    0.12051870
  226   12    -8.22842     3.58557    -0.26087     -0.00078991    0.70091772   -0.00112696    0.12820007
  227   13    -4.06118     6.07499    -0.01796     -0.00399546    1.33174368   -0.00300017    0.15302760
  228   13    -4.30439     5.17337     1.69047     -0.00431890    1.47192722   -0.00293418    0.15181260
  229   13    -3.74208     5.39814    -1.73852     -0.00266459    1.26165190   -0.00211198    0.15081529
  230   13    -2.34533     6.11964    -0.22337     -0.00327397    1.26165190   -0.00259499    0.15764988
  231   13    -3.03324     5.65044     1.64340     -0.00250445    1.19156013   -0.00210182    0.15304521
  232   13    -4.87090     5.51475     0.27672     -0.00432448    1.33174368   -0.00324723    0.15326235
  233   13    -4.75007     5.19725    -1.18056     -0.00596512    1.96256963   -0.00303945    0.15208802
  234   13    -3.54115     6.08258    -0.79231     -0.00373995    1.33174368   -0.00280831    0.15305152
  235   13    -2.63998     6.10740     0.72734     -0.00403659    1.54201899   -0.00261773    0.15596643
  236   13    -3.90108     5.89475     1.05650     -0.00346645    1.26165190   -0.00274755    0.15262232
  237   13    -2.66839     5.83473    -1.27815     -0.00253622    1.12146836   -0.00226151    0.15474756
  238   14     2.33326     5.77777     0.05598     -0.00508114    1.33174368   -0.00381540    0.17049223
  239   14     1.39750     5.51689     1.32673     -0.00234583    0.91119304   -0.00257446    0.16935927
  240   14     1.16179     5.75156    -0.74561     -0.00303255    1.05137659   -0.00288436    0.16989114
  241   14     1.72424     5.23282    -1.66789     -0.00234253    0.77100950   -0.00303826    0.16899778
  242   14     1.25191     5.86292     0.34443     -0.00424301    1.33174368   -0.00318606    0.17008867
  243   14     2.11947     5.62297    -0.98145     -0.00372351    1.05137659   -0.00354156    0.16991564
  244   14     2.14396     5.40954     1.36840     -0.00331979    1.05137659   -0.00315757    0.17022846
  245   15    -4.41530    -6.63344    -0.13648     -0.00466944    1.54201899   -0.00302813    0.15383109
  246   15    -4.98003    -5.41160    -1.58232     -0.00288734    1.12146836   -0.00257461    0.15173841
  247   15    -4.52924    -5.74510     1.80645     -0.00429414    1.61211077   -0.00266367    0.15222968
  248   15    -2.87397    -6.73867     0.30204     -0.00349749    1.33174368   -0.00262625    0.15856553
  249   15    -3.52772    -6.23098    -1.54184     -0.00231360    1.12146836   -0.00206301    0.15339884
  250   15    -5.39274    -5.83025    -0.43525     -0.00535595    1.61211077   -0.00332232    0.15354589
  251   15    -5.14516    -6.00162     0.83769     -0.00459616    1.47192722   -0.00312254    0.15347906
  252   15    -3.97794    -6.62892     0.88974     -0.00356460    1.26165190   -0.00282534    0.15418538
  253   15    -3.14403    -6.69452    -0.65944     -0.00341080    1.40183545   -0.00243309    0.15658808
  254   15    -4.43312    -6.17580    -1.30513     -0.00355801    1.40183545   -0.00253811    0.15226109
  255   15    -3.28805    -6.36667     1.48004     -0.00281089    1.26165190   -0.00222794    0.15516421
  256   16     2.03968    -6.72877     0.02037     -0.00511122    1.47192722   -0.00347247    0.17250218
  257   16     1.07941    -6.46172    -1.29370     -0.00371263    1.33174368   -0.00278779    0.17053838
  258   16     0.69072    -6.67054     0.85377     -0.00337851    1.19156013   -0.00283537    0.17105555
  259   16     2.20787    -5.78406     1.83598     -0.00378384    1.19156013   -0.00317554    0.17376548
  260   16     2.28373    -5.75096    -1.71523     -0.00372370    1.19156013   -0.00312507    0.17451905
  261   16     0.81880    -6.81694    -0.23457     -0.00490167    1.54201899   -0.00317874    0.17114064
  262   16     1.54878    -6.48034     1.33537     -0.00527913    1.68220254   -0.00313822    0.17116791
  263   16     2.79445    -6.09132     0.91774     -0.00518640    1.40183545   -0.00369972    0.17594383
  264   16     2.98544    -6.08154    -0.33333     -0.00549507    1.47192722   -0.00373325    0.17705559
  265   16     2.11138    -6.37441    -1.13032     -0.00376066    1.19156013   -0.00315608    0.17267073
  266   17     5.42922    -3.26963    -3.58596     -0.00289882    1.12146836   -0.00258484    0.15928730
  267   17     6.16341    -1.80547    -3.70110     -0.00272746    1.19156013   -0.00228898    0.15538224
  268   17     4.13052    -1.89192    -3.97978     -0.00266958    1.19156013   -0.00224041    0.16476603
  269   17     5.39457    -4.26556    -2.01909     -0.00294565    1.19156013   -0.00247209    0.16309010
  270   17     6.87483    -3.03796    -2.42415     -0.00243409    1.12146836   -0.00217045    0.15464386
  271   17     5.22794    -2.35676    -4.01368     -0.00274094    1.12146836   -0.00244407    0.15885325
  272   17     4.25080    -3.00306    -3.74395     -0.00364948    1.40183545   -0.00260336    0.16558545
  273   17     4.75338    -3.94223    -2.99613     -0.00390995    1.33174368   -0.00293596    0.16542942
  274   17     5.97489    -3.76128    -2.77300     -0.00268254    1.12146836   -0.00239199    0.15794376
  275   17     6.32345    -2.79501    -3.37807     -0.00258170    1.05137659   -0.00245555    0.15539567
  276   17     5.07741    -1.35176    -4.01259     -0.00223806    1.05137659   -0.00212869    0.15945890
  277   17     6.42036    -3.77535    -1.85457     -0.00178099    0.98128481   -0.00181496    0.15684956
  278   17     6.96459    -2.22944    -2.83006     -0.00171523    0.84110127   -0.00203927    0.15406444
  279   18     5.53783    -3.20128     3.64598     -0.00307315    1.19156013   -0.00257910    0.15860137
  280   18     3.94799    -2.22680     3.97364     -0.00313900    1.12146836   -0.00279901    0.16623081
  281   18     5.33391    -1.26948     4.06552     -0.00213668    1.05137659   -0.00203227    0.15798360
  282   18     6.89052    -2.26442     3.02582     -0.00280504    1.19156013   -0.00235409    0.15391906
  283   18     6.01697    -3.97360     2.04079     -0.00283743    1.47192722   -0.00192770    0.15868390
  284   18     5.02780    -2.39266     4.10940     -0.00294216    1.19156013   -0.00246916    0.15965881
  285   18     6.18183    -1.92704     3.78732     -0.00388856    1.61211077   -0.00241209    0.15519335
  286   18     6.32614    -3.26281     3.07319     -0.00291575    1.19156013   -0.00244700    0.15581243
  287   18     5.15127    -4.05829     2.72254     -0.00457960    1.61211077   -0.00284075    0.16339210
  288   18     4.44703    -3.39975     3.57262     -0.00328843    1.33174368   -0.00246926    0.16534845
  289   18     4.37706    -1.42311     4.09853     -0.00179535    0.91119304   -0.00197033    0.16288496
  290   18     6.90652    -3.05361     2.29631     -0.00184868    0.98128481   -0.00188393    0.15467148
  291   19     5.15708     4.09423    -3.83768     -0.00208776    1.05137659   -0.00198574    0.14169064
  292   19     4.84524     5.16616    -2.24742     -0.00225476    1.12146836   -0.00201054    0.14386319
  293   19     4.84722     2.26262    -4.05105     -0.00217579    1.19156013   -0.00182600    0.14866493
  294   19     6.78808     3.29997    -3.76793     -0.00164247    1.26165190   -0.00130184    0.13104335
  295   19     6.49058     4.85470    -2.71909     -0.00144105    0.98128481   -0.00146853    0.13060000
  296   19     4.35468     4.36782    -3.31798     -0.00279141    1.26165190   -0.00221250    0.14878078
  297   19     4.48231     3.23710    -3.96154     -0.00247387    1.19156013   -0.00207616    0.14870288
  298   19     5.64694     3.21226    -4.16870     -0.00201766    1.12146836   -0.00179912    0.13933901
  299   19     6.12782     4.24504    -3.65337     -0.00215668    1.12146836   -0.00192309    0.13444848
  300   19     5.37620     4.89556    -3.09374     -0.00200739    1.05137659   -0.00190929    0.13901436
  301   19     6.04831     2.36884    -4.08613     -0.00127707    1.05137659   -0.00121467    0.13837770
  302   19     7.00599     4.16313    -3.13599     -0.00108204    0.91119304   -0.00118749    0.12808597
  303   19     5.82609     5.23097    -2.20156     -0.00102844    0.91119304   -0.00112867    0.13458988
  304   20    10.24690     0.67226    -0.10786     -0.00275162    1.26165190   -0.00218097    0.12901271
  305   20     9.38911    -0.63307     0.31086     -0.00161828    1.05137659   -0.00153920    0.13729952
  306   20     9.47719     0.59453     1.69195     -0.00176368    1.19156013   -0.00148015    0.13008472
  307   20     9.90109     2.39552     0.73344     -0.00172371    1.12146836   -0.00153701    0.12277181
  308   20     9.78617     2.03411    -1.35385     -0.00174922    1.19156013   -0.00146801    0.12365519
  309   20     9.23635    -0.04977    -1.59534     -0.00186547    1.19156013   -0.00156557    0.13403355
  310   20     9.90654     0.12643     0.72061     -0.00211569    1.05137659   -0.00201231    0.13170359
  311   20    10.12867     1.26736     0.91322     -0.00255113    1.26165190   -0.00202205    0.12666042
  312   20    10.24848     1.80422    -0.25445     -0.00273841    1.33174368   -0.00205626    0.12485700
  313   20    10.03181     0.88016    -1.12485     -0.00234408    1.19156013   -0.00196724    0.12801354
  314   20     9.58788    -0.35853    -0.69789     -0.00314365    1.61211077   -0.00195002    0.13485978
  315   20     9.15144    -0.34545     1.30417     -0.00162149    0.98128481   -0.00165241    0.13669188
  316   20     9.58793     1.71138     1.65395     -0.00122055    1.05137659   -0.00116091    0.12489709
  317   20     9.81821     2.71703    -0.33525     -0.00147292    1.05137659   -0.00140095    0.12194721
  318   20     9.45812     1.07782    -1.89510     -0.00130282    1.05137659   -0.00123916    0.12735973
  319   21     5.24330     4.34670     3.62015     -0.00208386    1.05137659   -0.00198203    0.14143319
  320   21     5.47435     5.32941     2.04746     -0.00195141    1.33174368   -0.00146531    0.13787155
  321   21     6.95610     4.05848     3.24768     -0.00161411    1.19156013   -0.00135462    0.12922021
  322   21     5.83152     2.63223     4.06386     -0.00180568    1.26165190   -0.00143120    0.14006406
  323   21     4.36409     4.22043     3.38771     -0.00290105    1.26165190   -0.00229940    0.14954803
  324   21     4.74921     5.04738     2.59275     -0.00268761    1.26165190   -0.00213023    0.14530113
  325   21     5.99891     4.80863     3.11521     -0.00225245    1.19156013   -0.00189033    0.13508109
  326   21     6.00608     3.79535     3.87778     -0.00227616    1.19156013   -0.00191023    0.13653994
  327   21     4.66975     3.21371     3.94025     -0.00273008    1.40183545   -0.00194750    0.14801983
  328   21     6.62915     4.94194     2.41935     -0.00148098    1.12146836   -0.00132058    0.12985950
  329   21     6.75242     3.07353     3.74853     -0.00111895    0.98128481   -0.00114029    0.13218248
  330   21     4.87317     2.27784     3.93891     -0.00159472    0.98128481   -0.00162514    0.14955774
  331    1    -5.15650     1.45919     3.22697     -0.00029590    0.16724138   -0.00176928    0.13653832
  332    2    -4.69249     1.45489     3.27674     -0.00034917    0.16724138   -0.00208784    0.13764469
  333    3    -4.43479     1.80715     3.23750     -0.00025741    0.16724138   -0.00153917    0.13759260
  334    1    -5.29554    -1.82347     3.24236     -0.00033132    0.16831455   -0.00196846    0.13732577
  335    2    -4.83278    -1.85786     3.29225     -0.00034841    0.16831455   -0.00206999    0.13837694
  336    5    -4.60631    -2.23313     3.25605     -0.00029386    0.16831455   -0.00174590    0.13872697
  337    2    -4.85480     0.71029     3.48832     -0.00100719    0.86417552   -0.00116549    0.13550608
  338    2    -4.93132    -1.09925     3.49701     -0.00106310    0.86417552   -0.00123019    0.13612964
  339    1    -5.55937    -0.16667     3.41492     -0.00289757    1.79771951   -0.00161180    0.13500592
  340    1    -5.59601     1.76337    -3.16571     -0.00026951    0.09764823   -0.00276000    0.13900262
  341    3    -4.86419     2.06562    -3.06020     -0.00019669    0.09764823   -0.00201422    0.13891522
  342   11    -5.79786     1.59394    -3.30585     -0.00026461    0.09764823   -0.00270982    0.13935563
  343    1    -5.71699     2.06210     2.97614     -0.00038340    0.23237843   -0.00164989    0.13810349
  344    3    -4.98521     2.37997     2.91076     -0.00050061    0.23237843   -0.00215428    0.13980333
  345   12    -5.91557     2.27314     2.90598     -0.00046489    0.23237843   -0.00200058    0.13933614
  346    1    -5.71585     3.32226    -1.84966     -0.00049609    0.21818507   -0.00227370    0.14100408
  347    3    -5.02672     3.72645    -1.89554     -0.00054522    0.21818507   -0.00249890    0.14720542
  348   13    -5.00919     3.96502    -1.72340     -0.00061368    0.21818507   -0.00281268    0.14999665
  349    3    -4.49394     2.30602     3.21651     -0.00040864    0.55762961   -0.00073282    0.13659717
  350    1    -5.47605     1.71155     3.24756     -0.00039435    0.55762961   -0.00070719    0.13459340
  351    3    -4.71891     2.91222    -2.73583     -0.00207960    1.72893704   -0.00120282    0.14064937
  352    1    -5.87326     2.67172    -2.52178     -0.00170459    1.72893704   -0.00098592    0.13684869
  353    1    -5.86529    -2.30473     3.04142     -0.00038982    0.23213347   -0.00167929    0.13875672
  354    5    -5.16453    -2.68769     2.97770     -0.00047581    0.23213347   -0.00204972    0.14037486
  355   10    -6.08466    -2.49826     2.98220     -0.00062673    0.23213347   -0.00269987    0.13992788
  356    1    -5.88373    -2.35372    -3.03767     -0.00025043    0.11399551   -0.00219683    0.13920851
  357    5    -5.17640    -2.71182    -2.93447     -0.00031157    0.11399551   -0.00273314    0.14057871
  358   11    -6.05934    -2.16720    -3.19121     -0.00024527    0.11399551   -0.00215158    0.13890532
  359    1    -6.01957    -3.68011    -1.81930     -0.00051082    0.21843437   -0.00233856    0.14187080
  360    5    -5.36778    -4.14352    -1.86149     -0.00061363    0.21843437   -0.00280922    0.14862241
  361   15    -5.37119    -4.38121    -1.68726     -0.00070569    0.21843437   -0.00323067    0.15055641
  362    5    -4.63481    -2.59999     3.29814     -0.00025638    0.46731199   -0.00054864    0.13696063
  363    1    -5.66508    -2.09721     3.24849     -0.00028969    0.46731199   -0.00061990    0.13552711
  364    5    -5.18850    -3.69265    -2.43245     -0.00191931    1.47203006   -0.00130386    0.14282072
  365    1    -6.05054    -2.91093    -2.65235     -0.00143385    1.47203006   -0.00097406    0.13757614
  366    1    -6.99381    -3.91480    -0.63503     -0.00051348    0.30216590   -0.00169933    0.13962869
  367   10    -7.11421    -3.98232    -0.36877     -0.00061089    0.30216590   -0.00202171    0.14026391
  368   15    -6.21760    -4.47358    -0.51834     -0.00094029    0.30216590   -0.00311184    0.14838551
  369   10    -6.69030    -2.30348     3.20231     -0.00053996    0.23446385   -0.00230295    0.13520159
  370   10    -7.61228    -1.75136     3.31924     -0.00099147    0.51730343   -0.00191661    0.12865808
  371   10    -8.78892    -1.39234     2.86948     -0.00094155    0.51730343   -0.00182012    0.12223580
  372   10    -9.62788    -1.52652     1.87260     -0.00096129    0.51730343   -0.00185828    0.12027810
  373   10    -9.80809    -2.10252     0.71011     -0.00110034    0.51730343   -0.00212707    0.12087564
  374   10    -9.26058    -2.89992    -0.17308     -0.00086545    0.51730343   -0.00167300    0.12381530
  375   10    -8.19489    -3.61354    -0.43897     -0.00098791    0.51730343   -0.00190972    0.13163191
  376    1    -6.79763    -1.74726     3.34161     -0.00091084    0.51355441   -0.00177360    0.13165692
  377    1    -8.11541    -1.11572     3.23559     -0.00066913    0.51355441   -0.00130293    0.12182719
  378    1    -9.30084    -0.98348     2.38478     -0.00073124    0.51355441   -0.00142389    0.11758665
  379    1    -9.90025    -1.40116     1.11479     -0.00082406    0.51355441   -0.00160462    0.11694662
  380    1    -9.68423    -2.20890    -0.08833     -0.00079541    0.51355441   -0.00154883    0.11883060
  381    1    -8.73546    -3.09757    -0.76414     -0.00072341    0.51355441   -0.00140863    0.12412920
  382    1    -7.69376    -3.66855    -0.80468     -0.00039904    0.28419861   -0.00140407    0.13194684
  383   11    -6.68682    -2.13233    -3.36487     -0.00049268    0.23980242   -0.00205453    0.13677154
  384   11    -7.71385    -2.28849    -3.01888     -0.00107764    0.52959442   -0.00203485    0.13162386
  385   11    -8.88302    -1.79698    -2.63143     -0.00102527    0.52959442   -0.00193595    0.12490402
  386   11    -9.54965    -0.67048    -2.41865     -0.00113435    0.52959442   -0.00214192    0.12216065
  387   11    -9.45360     0.65141    -2.46355     -0.00115672    0.52959442   -0.00218417    0.12226146
  388   11    -8.63237     1.65289    -2.74863     -0.00105194    0.52959442   -0.00198631    0.12523447
  389   11    -7.40640     1.94316    -3.16263     -0.00112522    0.52959442   -0.00212468    0.13191693
  390   11    -6.41438     1.61735    -3.49225     -0.00059117    0.23980242   -0.00246524    0.13701054
  391    1    -6.91287    -2.46394    -2.93265     -0.00103811    0.52492989   -0.00197761    0.13538821
  392    1    -8.31672    -2.37196    -2.46265     -0.00076297    0.52492989   -0.00145348    0.12547136
  393    1    -9.39745    -1.41944    -2.10930     -0.00086816    0.52492989   -0.00165386    0.12001730
  394    1    -9.73335     0.02193    -2.01047     -0.00092304    0.52492989   -0.00175841    0.11848657
  395    1    -9.19335     1.38970    -2.20473     -0.00083321    0.52492989   -0.00158729    0.12013108
  396    1    -7.98816     2.15015    -2.61627     -0.00074470    0.52492989   -0.00141866    0.12561943
  397    1    -6.58806     2.00654    -3.08452     -0.00099729    0.52492989   -0.00189986    0.13550434
  398    1    -6.63874     3.63278    -0.77439     -0.00052161    0.30201774   -0.00172709    0.13963861
  399   12    -6.75557     3.72217    -0.51340     -0.00059746    0.30201774   -0.00197822    0.14018419
  400   13    -5.82125     4.12659    -0.65038     -0.00097861    0.30201774   -0.00324024    0.14778276
  401   12    -7.49117     3.59340    -0.57938     -0.00055267    0.25296456   -0.00218477    0.13378585
  402   12    -8.55150     3.12354    -0.50970     -0.00113854    0.56755084   -0.00200606    0.12675352
  403   12    -9.47260     2.37387     0.23676     -0.00118270    0.56755084   -0.00208387    0.12182766
  404   12    -9.59692     1.71060     1.46648     -0.00124712    0.56755084   -0.00219737    0.12052255
  405   12    -8.86914     1.42898     2.63208     -0.00107718    0.56755084   -0.00189795    0.12196585
  406   12    -7.61320     1.65436     3.21470     -0.00110964    0.56755084   -0.00195513    0.12807832
  407   12    -6.55787     2.13205     3.12517     -0.00047861    0.25296456   -0.00189200    0.13467393
  408    1    -7.82369     3.24730    -0.94739     -0.00085129    0.54541814   -0.00156081    0.12909084
  409    1    -9.14532     2.50493    -0.54575     -0.00084636    0.54541814   -0.00155176    0.12051795
  410    1    -9.76520     1.66714     0.62601     -0.00092190    0.54541814   -0.00169026    0.11766321
  411    1    -9.40738     1.10687     2.04630     -0.00084563    0.54541814   -0.00155042    0.11746422
  412    1    -8.23115     1.07352     3.08289     -0.00083438    0.54541814   -0.00152980    0.12133184
  413    1    -6.76009     1.58193     3.27436     -0.00099532    0.54541814   -0.00182487    0.13116858
  414   13    -5.19999     4.32450    -1.35880     -0.00254480    1.01126324   -0.00251646    0.15087387
  415    1    -6.42470     3.57075    -1.39324     -0.00087672    1.44146334   -0.00060821    0.13561076
  416   15    -5.70789    -4.79889    -1.07574     -0.00317952    1.10740846   -0.00287113    0.15228262
  417    1    -6.66712    -3.80600    -1.49158     -0.00102840    1.57824378   -0.00065161    0.13597727
  418    2    -2.03552    -0.32260     3.41203     -0.00022266    0.16799002   -0.00132542    0.14446874
  419    3    -1.79817     0.04417     3.37600     -0.00023599    0.16799002   -0.00140478    0.14603557
  420    5    -1.83061    -0.71049     3.37914     -0.00021355    0.16799002   -0.00127122    0.14594375
  421    2    -2.01902    -0.35263    -3.34627     -0.00023920    0.16799002   -0.00142392    0.14643611
  422    3    -1.78184     0.01444    -3.31235     -0.00025056    0.16799002   -0.00149151    0.14789085
  423    5    -1.81428    -0.74022    -3.30894     -0.00023547    0.16799002   -0.00140166    0.14787569
  424    2    -4.59327     1.22697    -3.36126     -0.00044506    0.21668960   -0.00205389    0.14062481
  425    3    -4.33532     1.57590    -3.30237     -0.00041414    0.21668960   -0.00191122    0.14013687
  426   11    -5.29278     1.10831    -3.44718     -0.00053244    0.21668960   -0.00245715    0.14079892
  427    3    -3.66264     1.67509     3.50030     -0.00048735    0.77145166   -0.00063173    0.13583022
  428    3    -2.23708     0.70506     3.57593     -0.00026059    0.77145166   -0.00033780    0.13951232
  429    2    -3.30097     0.66964     3.48116     -0.00195905    1.60017518   -0.00122427    0.13971099
  430    3    -2.17791     0.64505    -3.52117     -0.00028545    0.70540283   -0.00040466    0.14152856
  431    3    -3.48836     1.53695    -3.52034     -0.00037941    0.70540283   -0.00053786    0.13759141
  432    2    -3.18621     0.57219    -3.47034     -0.00165402    1.44753477   -0.00114265    0.14177889
  433    2    -4.67839    -1.68447    -3.36670     -0.00040280    0.22665530   -0.00177715    0.14125225
  434    5    -4.45242    -2.05661    -3.30551     -0.00042214    0.22665530   -0.00186249    0.14082265
  435   11    -5.37056    -1.52828    -3.45311     -0.00055719    0.22665530   -0.00245832    0.14158205
  436    5    -2.32393    -1.32785     3.58451     -0.00028189    0.77241244   -0.00036495    0.13989059
  437    5    -3.82602    -2.16758     3.51757     -0.00052196    0.77241244   -0.00067575    0.13675963
  438    2    -3.38012    -1.19699     3.48970     -0.00246792    1.60125002   -0.00154125    0.14033864
  439    5    -3.60866    -2.08698    -3.51590     -0.00047044    0.69264227   -0.00067919    0.13858994
  440    5    -2.25344    -1.32968    -3.51233     -0.00028774    0.69264227   -0.00041542    0.14210338
  441    2    -3.23852    -1.15829    -3.47039     -0.00163583    1.41810707   -0.00115353    0.14226749
  442   11    -5.71725     0.66052    -3.80594     -0.00133184    0.57032607   -0.00233523    0.14084569
  443   11    -5.72398    -0.57762    -3.85533     -0.00314666    1.15860712   -0.00271590    0.14362072
  444    2    -4.66104     0.21392    -3.65202     -0.00203418    1.57456681   -0.00129190    0.14069350
  445    2    -4.72403    -1.19060    -3.61316     -0.00076347    0.80551568   -0.00094781    0.13977636
  446    3    -1.14318     0.21113     3.31157     -0.00060667    0.32914194   -0.00184319    0.15160006
  447    4    -0.70965     0.18118     3.33051     -0.00076381    0.32914194   -0.00232060    0.15463948
  448    6    -0.73510    -0.55798     3.27740     -0.00087995    0.32914194   -0.00267346    0.15603477
  449    3    -1.15807     0.18112    -3.25625     -0.00060858    0.32914194   -0.00184900    0.15275275
  450    4    -0.72463     0.15098    -3.27689     -0.00082499    0.32914194   -0.00250648    0.15557408
  451    6    -0.74982    -0.58766    -3.21691     -0.00085991    0.32914194   -0.00261259    0.15699719
  452    3    -1.18831     5.47221    -0.77746     -0.00023981    0.03842008   -0.00624167    0.16426329
  453    4    -0.76177     5.40754    -0.76830     -0.00021425    0.03842008   -0.00557654    0.16583177
  454   13    -1.45302     5.57544    -0.70679     -0.00024759    0.03842008   -0.00644433    0.16333808
  455    3    -1.18521     5.47045     0.82553     -0.00024430    0.03842008   -0.00635862    0.16431777
  456    4    -0.75870     5.40580     0.81458     -0.00029052    0.03842008   -0.00756164    0.16578130
  457   13    -1.45019     5.57383     0.75612     -0.00016527    0.03842008   -0.00430166    0.16340571
  458    4    -0.44041     5.23184     1.33064     -0.00153197    0.65076097   -0.00235413    0.16388793
  459    4    -0.51053     3.98177     2.81298     -0.00200569    1.32813960   -0.00151015    0.15112834
  460    4    -0.64029     1.73755     3.54072     -0.00144776    1.32813960   -0.00109007    0.14688353
  461    3    -1.08306     4.82927     1.93275     -0.00295118    1.32813960   -0.00222204    0.15821551
  462    3    -1.18957     2.95850     3.37215     -0.00113263    1.32813960   -0.00085279    0.14257339
  463    3    -1.30189     1.03087     3.56333     -0.00035963    0.65076097   -0.00055262    0.14348831
  464    4    -0.69953     0.96572    -3.51614     -0.00063481    0.65508380   -0.00096905    0.14889916
  465    4    -0.58572     2.90622    -3.33600     -0.00138030    1.33768230   -0.00103186    0.14649381
  466    4    -0.47262     4.79109    -1.89321     -0.00336652    1.33768230   -0.00251668    0.16104145
  467    3    -1.27399     1.74957    -3.49843     -0.00097921    1.33768230   -0.00073202    0.14358423
  468    3    -1.14039     4.01001    -2.77749     -0.00176029    1.33768230   -0.00131592    0.14829078
  469    3    -1.06379     5.26905    -1.28756     -0.00143570    0.65508380   -0.00219163    0.16143720
  470    3    -1.40379    -0.18689    -3.21404     -0.00057480    0.33500053   -0.00171582    0.15194184
  471    5    -1.42880    -0.94073    -3.26769     -0.00055866    0.33500053   -0.00166764    0.15108990
  472    6    -0.99598    -0.95607    -3.25062     -0.00069242    0.33500053   -0.00206692    0.15457787
  473    3    -1.39282    -0.15921     3.27356     -0.00057847    0.33500053   -0.00172677    0.15065375
  474    5    -1.41765    -0.91257     3.33372     -0.00056161    0.33500053   -0.00167644    0.14978789
  475    6    -0.98488    -0.92805     3.31533     -0.00071091    0.33500053   -0.00212211    0.15352574
  476    5    -1.64524    -0.87944     3.47117      0.00003491    0.08662835    0.00040296    0.14558328
  477    3    -1.61805     0.19734     3.47050      0.00000133    0.08662835    0.00001539    0.14506423
  478    5    -1.65882    -0.90870    -3.40522      0.00003444    0.06096921    0.00056482    0.14704023
  479    3    -1.59924     0.16669    -3.40706     -0.00000266    0.06096921   -0.00004365    0.14686271
  480    6    -0.77513    -0.90347     3.45586      0.00000044    0.00811841    0.00005387    0.15214428
  481    3    -1.35447     0.19412     3.45214      0.00001233    0.00811841    0.00151896    0.14730993
  482   11    -5.82719     1.37882    -3.58787     -0.00060599    0.58173770   -0.00104168    0.13749644
  483    3    -4.37877     2.01677    -3.41145     -0.00018954    0.84321097   -0.00022479    0.13598657
  484    3    -4.84089     3.87944     2.09171     -0.00066668    0.28565269   -0.00233388    0.14892881
  485   12    -5.72800     3.58922     2.02519     -0.00089838    0.28565269   -0.00314500    0.14518588
  486   13    -4.85241     4.11436     1.91176     -0.00084841    0.28565269   -0.00297007    0.15132141
  487   12    -6.12594     2.84034     2.69362     -0.00264026    1.22088780   -0.00216258    0.14106634
  488    3    -4.81573     3.34922     2.63684     -0.00178827    1.73379148   -0.00103142    0.14144024
  489   13    -4.26991     4.55210     2.06413     -0.00079591    0.24997220   -0.00318400    0.15181233
  490   13    -3.21805     5.04087     2.07530     -0.00184282    0.56190800   -0.00327957    0.15386076
  491   13    -2.13721     5.54458     1.34141     -0.00199527    0.56190800   -0.00355088    0.16070994
  492    3    -3.75354     4.43274     2.34808     -0.00151098    0.53775671   -0.00280978    0.14985673
  493    3    -2.36565     5.07833     2.02067     -0.00148831    0.53775671   -0.00276763    0.15440104
  494    3    -1.52780     5.46942     1.14258     -0.00097677    0.30299660   -0.00322370    0.16192351
  495   13    -1.88465     5.66656    -0.96876     -0.00096884    0.27021960   -0.00358537    0.16106260
  496   13    -2.72637     5.27709    -1.80162     -0.00209455    0.61956911   -0.00338065    0.15627094
  497   13    -4.07477     4.65087    -1.98720     -0.00217136    0.61956911   -0.00350462    0.15324708
  498    3    -1.88302     5.30960    -1.48288     -0.00186287    0.57101316   -0.00326239    0.16004677
  499    3    -3.22072     4.68958    -2.27526     -0.00157219    0.57101316   -0.00275334    0.15045905
  500    3    -4.45675     4.11493    -2.13727     -0.00071608    0.32753891   -0.00218624    0.14791399
  501    4     0.51812    -0.09165    -3.36939     -0.00048658    0.16351317   -0.00297580    0.16108577
  502    6     0.48465    -0.83161    -3.36577     -0.00051425    0.16351317   -0.00314498    0.16136046
  503    7     0.72320    -0.47043    -3.35094     -0.00047133    0.16351317   -0.00288254    0.16246940
  504    4     0.54413    -0.06111     3.41876     -0.00053840    0.16351317   -0.00329271    0.16076061
  505    6     0.51067    -0.80107     3.42205     -0.00046202    0.16351317   -0.00282555    0.16101403
  506    7     0.74908    -0.44004     3.40214     -0.00047893    0.16351317   -0.00292900    0.16228036
  507    6     0.01051    -0.93647     3.51509     -0.00129639    0.84500426   -0.00153418    0.15630600
  508    4    -0.13347     0.12721     3.49258     -0.00114657    0.84500426   -0.00135688    0.15507580
  509    6    -0.20133    -0.95937    -3.43632     -0.00119470    0.83542976   -0.00143004    0.15609900
  510    4     0.03582     0.08707    -3.45972     -0.00106396    0.83542976   -0.00127355    0.15636113
  511    4     1.96781     0.64523    -3.32696     -0.00064044    0.17612972   -0.00363616    0.16613262
  512    7     2.16294     0.26103    -3.31262     -0.00062315    0.17612972   -0.00353802    0.16776834
  513    8     2.64183     0.22409    -3.32121     -0.00068063    0.17612972   -0.00386435    0.16898200
  514    4     1.96513     0.66047     3.36737     -0.00059900    0.17612972   -0.00340088    0.16598217
  515    7     2.16027     0.27620     3.35494     -0.00063019    0.17612972   -0.00357796    0.16767994
  516    8     2.63916     0.23931     3.36408     -0.00072395    0.17612972   -0.00411035    0.16899468
  517    7     1.50966     0.07320     3.42628     -0.00126296    0.62360339   -0.00202526    0.16429502
  518    4     1.00733     0.50286     3.51195     -0.00114543    0.65305356   -0.00175396    0.15994645
  519    7     1.27290    -0.06810    -3.38761     -0.00121407    0.64035489   -0.00189594    0.16352802
  520    4     1.21397     0.59406    -3.46257     -0.00117584    0.67059302   -0.00175343    0.16102191
  521    4     2.66491     1.44778    -3.21719     -0.00198593    0.62205786   -0.00319251    0.16635165
  522    8     3.34248     1.02579    -3.26685     -0.00182938    0.62205786   -0.00294085    0.16668662
  523   19     3.65183     1.69596    -3.34721     -0.00168919    0.62205786   -0.00271549    0.16304635
  524    4     2.72243     1.56035     3.21856     -0.00198857    0.62174677   -0.00319835    0.16637104
  525    8     3.40094     1.14011     3.27032     -0.00180532    0.62174677   -0.00290363    0.16649118
  526   21     3.70989     1.81327     3.32124     -0.00172711    0.62174677   -0.00277783    0.16304973
  527    8     3.08096     0.60174     3.46025     -0.00109431    0.66632858   -0.00164229    0.16510834
  528    4     2.04505     1.08197     3.47376     -0.00099471    0.66632858   -0.00149282    0.16204847
  529    8     2.98288     0.42453    -3.44287     -0.00090125    0.55109535   -0.00163538    0.16540517
  530    4     2.08391     1.12404    -3.43448     -0.00082994    0.55109535   -0.00150598    0.16205997
  531   13    -1.59754     5.68246     0.17600     -0.00381789    1.02285698   -0.00373258    0.16697925
  532    4    -0.55388     5.49363    -0.11669     -0.00387785    1.44180650   -0.00268958    0.16876526
  533    4     2.16739     4.25970    -2.35267     -0.00097225    0.27914823   -0.00348290    0.16811635
  534   14     2.32736     4.43745    -2.18166     -0.00124076    0.27914823   -0.00444480    0.16994342
  535   19     3.17944     4.24221    -2.48565     -0.00098650    0.27914823   -0.00353395    0.16149881
  536    4     2.19507     4.26330     2.36259     -0.00111063    0.27501929   -0.00403837    0.16840131
  537   14     2.35315     4.44202     2.19101     -0.00127669    0.27501929   -0.00464219    0.17029383
  538   21     3.20909     4.26136     2.46779     -0.00099665    0.27501929   -0.00362393    0.16211684
  539   14     1.71770     4.77199    -2.04601     -0.00107879    0.25545583   -0.00422299    0.16976755
  540   14     0.94596     5.32957    -1.33043     -0.00252271    0.57917904   -0.00435566    0.17297418
  541   14     0.55207     5.61734     0.01948     -0.00270413    0.57917904   -0.00466891    0.17566558
  542   14     0.96156     5.32703     1.36419     -0.00226244    0.57917904   -0.00390629    0.17299028
  543   14     1.74152     4.76811     2.06974     -0.00128688    0.25545583   -0.00503759    0.16997683
  544    4     1.11205     4.81101    -2.00948     -0.00195355    0.54504932   -0.00358418    0.16856198
  545    4     0.27629     5.41631    -0.78123     -0.00211278    0.54504932   -0.00387631    0.17366207
  546    4     0.28558     5.41480     0.82295     -0.00256608    0.54504932   -0.00470799    0.17355995
  547    4     1.13550     4.80719     2.04030     -0.00215373    0.54504932   -0.00395145    0.16864364
  548   19     3.73880     2.34706    -3.60011     -0.00165682    0.84603553   -0.00195833    0.15744934
  549   19     3.60239     3.59963    -3.24105     -0.00429048    1.70307858   -0.00251925    0.15822576
  550    4     2.19714     2.58832    -3.35873     -0.00372381    2.39968398   -0.00155179    0.15815660
  551    4     2.08815     3.98894    -2.83102     -0.00163473    1.21568696   -0.00134470    0.15873946
  552   21     3.62465     4.09065     2.98588     -0.00147498    0.80777986   -0.00182597    0.15606330
  553   21     3.73376     2.92570     3.44608     -0.00391469    1.62487173   -0.00240923    0.15869623
  554    4     2.16666     3.50911     3.05561     -0.00385627    2.29283184   -0.00168188    0.15876870
  555    4     2.33279     2.14166     3.47585     -0.00140160    1.16054709   -0.00120770    0.15808678
  556    5    -1.68571    -6.19786     0.85020     -0.00018166    0.03686977   -0.00492696    0.16457467
  557    6    -1.25694    -6.16949     0.83946     -0.00020358    0.03686977   -0.00552172    0.16709851
  558   15    -1.95945    -6.27781     0.78387     -0.00028894    0.03686977   -0.00783681    0.16514253
  559    5    -1.68856    -6.21323    -0.69743     -0.00020540    0.03686977   -0.00557103    0.16469323
  560    6    -1.25975    -6.18466    -0.68882     -0.00030479    0.03686977   -0.00826677    0.16698519
  561   15    -1.96204    -6.29184    -0.62852     -0.00021093    0.03686977   -0.00572085    0.16503694
  562    6    -0.81102    -1.74924     3.57494     -0.00059034    0.65166841   -0.00090588    0.14835601
  563    6    -0.86176    -3.69011     3.39665     -0.00127804    1.33077115   -0.00096038    0.14680386
  564    6    -0.91310    -5.57792     1.95879     -0.00340130    1.33077115   -0.00255589    0.16229125
  565    5    -1.44715    -2.48095     3.56001     -0.00086440    1.33077115   -0.00064955    0.14312644
  566    5    -1.50708    -4.74272     2.84257     -0.00170683    1.33077115   -0.00128259    0.14895680
  567    5    -1.54224    -6.00506     1.35710     -0.00152889    0.65166841   -0.00234612    0.16285591
  568    6    -0.93025    -6.04480    -1.21240     -0.00165638    0.65596531   -0.00252511    0.16517062
  569    6    -0.90028    -4.80006    -2.72803     -0.00203727    1.34028189   -0.00152003    0.15239401
  570    6    -0.84259    -2.53506    -3.47940     -0.00136883    1.34028189   -0.00102130    0.14820369
  571    5    -1.53656    -5.59328    -1.82554     -0.00300290    1.34028189   -0.00224050    0.15940743
  572    5    -1.49012    -3.71714    -3.30068     -0.00107573    1.34028189   -0.00080262    0.14378034
  573    5    -1.43974    -1.76676    -3.50292     -0.00034963    0.65596531   -0.00053299    0.14517265
  574    5    -5.18653    -4.27768     2.13725     -0.00079298    0.28613432   -0.00277134    0.14971929
  575   10    -6.04542    -3.90336     2.08008     -0.00076445    0.28613432   -0.00267165    0.14540439
  576   15    -5.21902    -4.51154     1.95847     -0.00081379    0.28613432   -0.00284407    0.15174704
  577   10    -6.42226    -3.31194     2.61646     -0.00292143    1.30364525   -0.00224097    0.14275301
  578    5    -5.03717    -3.48828     2.83774     -0.00188710    1.85147653   -0.00101924    0.14093431
  579   11    -5.92032    -1.75144    -3.58313     -0.00127339    0.86213936   -0.00147701    0.13886062
  580    5    -4.68971    -2.71224    -3.29374     -0.00060067    1.24800974   -0.00048130    0.13716718
  581   15    -2.38069    -6.33715     1.03275     -0.00091124    0.25101639   -0.00363021    0.16190321
  582   15    -3.09576    -5.91616     1.84963     -0.00179453    0.56480465   -0.00317726    0.15752103
  583   15    -4.28423    -5.22811     2.14795     -0.00170252    0.56480465   -0.00301435    0.15402182
  584    5    -2.30615    -5.99918     1.52594     -0.00184577    0.53951838   -0.00342114    0.16139482
  585    5    -3.45814    -5.32631     2.35549     -0.00153061    0.53951838   -0.00283699    0.15162677
  586    5    -4.56721    -4.68720     2.36208     -0.00085457    0.30426229   -0.00280868    0.14917441
  587   15    -4.91226    -4.91019    -1.85088     -0.00078139    0.27205353   -0.00287221    0.15216452
  588   15    -3.83231    -5.53391    -1.98459     -0.00214394    0.62493247   -0.00343067    0.15447924
  589   15    -2.68605    -6.18635    -1.25569     -0.00221948    0.62493247   -0.00355156    0.16160762
  590    5    -4.38388    -4.84279    -2.18382     -0.00181945    0.57395381   -0.00317002    0.15132842
  591    5    -2.93714    -5.67392    -1.95991     -0.00164417    0.57395381   -0.00286464    0.15493891
  592    5    -2.04391    -6.17847    -1.03910     -0.00105469    0.32976186   -0.00319832    0.16277695
  593    6     1.81200    -1.67888    -3.33123     -0.00061722    0.18599479   -0.00331848    0.16902782
  594    7     2.04099    -1.31127    -3.31754     -0.00059189    0.18599479   -0.00318227    0.16986624
  595    8     2.51912    -1.35817    -3.32912     -0.00067744    0.18599479   -0.00364223    0.17229110
  596    6     1.89338    -1.72125     3.39310     -0.00108884    0.32307467   -0.00337023    0.16922505
  597    7     2.12144    -1.35127     3.36861     -0.00102102    0.32307467   -0.00316031    0.17063966
  598   18     2.81089    -1.60255     3.45478     -0.00127561    0.32307467   -0.00394835    0.17342352
  599    7     1.22296    -0.86362     3.44353     -0.00117084    0.58399868   -0.00200487    0.16408505
  600    6     1.08471    -1.50729     3.52378     -0.00105072    0.61159752   -0.00171799    0.16213458
  601    7     1.42042    -1.03814    -3.38326     -0.00122409    0.61132958   -0.00200234    0.16549468
  602    6     0.88493    -1.42749    -3.46425     -0.00112679    0.64021547   -0.00176002    0.16143312
  603    6     2.15344    -1.81454    -3.31070     -0.00079539    0.22192694   -0.00358402    0.17098809
  604    8     2.85357    -1.49025    -3.38907     -0.00080403    0.22192694   -0.00362295    0.17366293
  605   17     3.05594    -1.69915    -3.45660     -0.00091233    0.22192694   -0.00411094    0.17359783
  606   15    -2.11634    -6.38075    -0.06682     -0.00362371    0.98510908   -0.00367848    0.16760076
  607    6    -1.06030    -6.27944     0.21068     -0.00356401    1.38899436   -0.00256589    0.16971135
  608    6     2.57664    -4.54257    -2.26301     -0.00116839    0.27960799   -0.00417867    0.17739308
  609   16     2.64442    -4.75373    -2.06780     -0.00114970    0.27960799   -0.00411182    0.17885012
  610   17     3.40758    -4.16105    -2.37170     -0.00124538    0.27960799   -0.00445402    0.17567232
  611    6     2.58975    -4.49298     2.36441     -0.00105051    0.28045177   -0.00374579    0.17728419
  612   16     2.65599    -4.70733     2.17217     -0.00117520    0.28045177   -0.00419040    0.17880277
  613   18     3.42028    -4.09956     2.47312     -0.00130985    0.28045177   -0.00467049    0.17538807
  614   16     2.12218    -5.21596     2.18987     -0.00102075    0.24645698   -0.00414169    0.17581559
  615   16     1.15631    -5.80473     2.00087     -0.00243251    0.55269458   -0.00440118    0.17342072
  616   16     0.26998    -6.35070     1.08701     -0.00211581    0.55269458   -0.00382817    0.17487088
  617   16     0.06725    -6.48444    -0.27674     -0.00262915    0.55269458   -0.00475698    0.17638629
  618   16     0.63683    -6.14745    -1.49362     -0.00205774    0.55269458   -0.00372310    0.17339850
  619   16     1.72949    -5.48717    -2.03115     -0.00226891    0.55269458   -0.00410517    0.17574477
  620    6     1.56314    -5.17465     2.39539     -0.00206507    0.53131169   -0.00388675    0.17249000
  621    6     0.33791    -5.92412     1.81611     -0.00206631    0.53131169   -0.00388908    0.17042922
  622    6    -0.30720    -6.32675     0.46696     -0.00208056    0.53131169   -0.00391590    0.17577510
  623    6    -0.08989    -6.20636    -1.06169     -0.00235132    0.53131169   -0.00442551    0.17321180
  624    6     0.89474    -5.61562    -2.10091     -0.00207854    0.53131169   -0.00391210    0.16986705
  625    6     1.95285    -4.97408    -2.34275     -0.00104012    0.29873573   -0.00348173    0.17277186
  626   17     3.73304    -3.80213    -2.91955     -0.00244755    0.80085518   -0.00305618    0.17204001
  627   17     3.35244    -2.62281    -3.46053     -0.00565049    1.61832225   -0.00349158    0.17407147
  628    6     2.28996    -3.76411    -3.00721     -0.00472436    2.23625068   -0.00211262    0.16856454
  629    6     1.88872    -2.36092    -3.50574     -0.00179685    1.13666928   -0.00158080    0.16401574
  630   18     3.21859    -2.05249     3.67270     -0.00210836    0.80778140   -0.00261006    0.17071408
  631   18     3.58255    -3.29320     3.26050     -0.00582804    1.63223179   -0.00357059    0.17434039
  632    6     2.02381    -2.84508     3.43553     -0.00461776    2.25674663   -0.00204620    0.16613289
  633    6     2.47243    -4.20396     2.84482     -0.00185497    1.14703233   -0.00161719    0.16867826
  634    7     2.48881    -1.12021     3.40677     -0.00040855    0.08396457   -0.00486577    0.17160471
  635    8     2.95592    -1.17255     3.50272     -0.00037683    0.08396457   -0.00448793    0.17188686
  636   18     3.16130    -1.37526     3.57221     -0.00041311    0.08396457   -0.00492004    0.17299407
  637    8     2.90013    -0.40064     3.50410     -0.00150664    0.66221222   -0.00227516    0.16875387
  638    7     2.19844    -0.56778     3.42946     -0.00137103    0.63189291   -0.00216972    0.16825258
  639    8     2.87727    -0.71061    -3.45136     -0.00172883    0.73351683   -0.00235691    0.16983330
  640    7     2.21687    -0.40303    -3.37065     -0.00155549    0.69994330   -0.00222231    0.16822645
  641   18     3.24301    -1.50575     3.67856     -0.00014698    0.05390040   -0.00272683    0.17078099
  642    7     2.23979    -1.15137     3.48865     -0.00000156    0.06949732   -0.00002245    0.16789466
  643    8     7.45110    -1.45844    -2.07484     -0.00026673    0.08625768   -0.00309225    0.15138427
  644    9     7.65915    -1.03400    -2.06181     -0.00022531    0.08625768   -0.00261211    0.14717403
  645   17     7.29773    -1.63420    -2.25833     -0.00039286    0.08625768   -0.00455450    0.15381657
  646    8     5.17869    -0.15247    -3.63146     -0.00029098    0.08625768   -0.00337335    0.15726094
  647    9     5.41670     0.25476    -3.59791     -0.00021892    0.08625768   -0.00253795    0.15229836
  648   17     5.22321    -0.44196    -3.67940     -0.00024942    0.08625768   -0.00289157    0.15865463
  649    8     5.20066    -0.00146     3.64795     -0.00024256    0.08593735   -0.00282250    0.15691392
  650    9     5.43840     0.40399     3.59601     -0.00020082    0.08593735   -0.00233686    0.15236539
  651   18     5.24463    -0.28889     3.70774     -0.00036835    0.08593735   -0.00428628    0.15876555
  652    8     7.45807    -1.36770     2.14248     -0.00024778    0.08593735   -0.00288331    0.15131367
  653    9     7.66601    -0.94421     2.11042     -0.00024428    0.08593735   -0.00284254    0.14691111
  654   18     7.30541    -1.53612     2.33341     -0.00028677    0.08593735   -0.00333693    0.15366422
  655    8     4.77916     0.60526    -3.60145     -0.00022120    0.07710800   -0.00286876    0.15584299
  656    9     5.01640     1.01076    -3.65457     -0.00016826    0.07710800   -0.00218214    0.15265966
  657   19     4.99461     1.30010    -3.71668     -0.00017209    0.07710800   -0.00223177    0.15251340
  658    8     7.85196    -1.11017     1.72451     -0.00026881    0.10002696   -0.00268736    0.14718365
  659    9     8.12099    -0.72132     1.73708     -0.00022228    0.10002696   -0.00222224    0.14378786
  660   20     8.35957    -0.63306     1.58394     -0.00023150    0.10002696   -0.00231433    0.14309636
  661    8     7.82931    -1.17423    -1.70626     -0.00028575    0.10002696   -0.00285672    0.14743316
  662    9     8.09805    -0.78619    -1.73689     -0.00022287    0.10002696   -0.00222811    0.14402384
  663   20     8.33861    -0.69233    -1.59032     -0.00021644    0.10002696   -0.00216386    0.14302136
  664    8     4.82819     0.73867     3.59223     -0.00017798    0.07701888   -0.00231088    0.15558156
  665    9     5.06603     1.14580     3.62704     -0.00019779    0.07701888   -0.00256808    0.15280223
  666   21     5.04516     1.43714     3.67865     -0.00020610    0.07701888   -0.00267599    0.15218474
  667    9     5.25391     0.89146     3.65605     -0.00026511    0.30382505   -0.00087258    0.15052932
  668    8     5.00216     0.25317     3.66993     -0.00042908    0.30382505   -0.00141227    0.15557699
  669    9     7.96721    -0.74779     1.97506     -0.00009837    0.15336643   -0.00064141    0.14249390
  670    8     7.64732    -1.34693     1.94228     -0.00022849    0.15336643   -0.00148985    0.14865436
  671    9     7.97452    -0.83982    -1.91139     -0.00010556    0.12950729   -0.00081510    0.14321819
  672    8     7.60904    -1.41190    -1.93734     -0.00020752    0.12950729   -0.00160241    0.14884432
  673    9     5.31310     0.69106    -3.67513     -0.00031881    0.32176800   -0.00099081    0.14999935
  674    8     4.87053     0.16536    -3.66252     -0.00043861    0.32176800   -0.00136311    0.15576226
  675    8     4.60150    -4.46561    -0.80495     -0.00080221    0.26101987   -0.00307338    0.17186588
  676   16     3.83553    -4.89579    -0.72580     -0.00125441    0.26101987   -0.00480582    0.17866733
  677   17     4.64878    -4.41918    -1.09674     -0.00075988    0.26101987   -0.00291120    0.17206411
  678    8     4.58248    -4.43024     0.99785     -0.00072196    0.25779064   -0.00280055    0.17172524
  679   16     3.81793    -4.86185     0.91396     -0.00140033    0.25779064   -0.00543205    0.17857935
  680   18     4.63238    -4.36997     1.28661     -0.00073785    0.25779064   -0.00286222    0.17174548
  681   16     3.53267    -5.33387    -0.04498     -0.00540506    1.21604474   -0.00444479    0.18293489
  682    8     4.61942    -4.61515     0.23602     -0.00280601    1.71793039   -0.00163337    0.16878638
  683   17     7.21177    -2.17479    -2.21599     -0.00082138    0.26452264   -0.00310515    0.15549699
  684   17     6.87373    -3.16496    -1.61086     -0.00197216    0.59930955   -0.00329073    0.15887572
  685   17     5.78408    -4.07051    -1.27523     -0.00190878    0.59930955   -0.00318496    0.16427428
  686    8     7.27956    -2.37989    -1.63642     -0.00184188    0.56535873   -0.00325789    0.15665158
  687    8     6.49088    -3.63680    -0.96861     -0.00147752    0.56535873   -0.00261342    0.15834402
  688    8     5.34152    -4.28846    -0.82899     -0.00071832    0.32063350   -0.00224030    0.16438612
  689   17     3.72254    -1.40844    -3.73096     -0.00107889    0.33866367   -0.00318573    0.16990628
  690   17     4.77805    -0.85692    -3.82603     -0.00089653    0.33866367   -0.00264725    0.16304300
  691    8     4.09503    -0.81055    -3.63360     -0.00270517    0.67975942   -0.00397960    0.17038362
  692   18     4.79717    -0.69765     3.87407     -0.00105981    0.34124662   -0.00310571    0.16297766
  693   18     3.73381    -1.25619     3.80534     -0.00114001    0.34124662   -0.00334071    0.16975744
  694    8     4.11011    -0.66165     3.68159     -0.00271022    0.68365805   -0.00396429    0.17030277
  695   18     5.34368    -4.21981     1.44446     -0.00086202    0.26637296   -0.00323614    0.16551678
  696   18     6.40680    -3.63526     1.53009     -0.00182190    0.60449880   -0.00301391    0.16027998
  697   18     7.12224    -2.48154     2.07971     -0.00199309    0.60449880   -0.00329709    0.15803226
  698    8     5.77741    -4.02991     1.04307     -0.00150225    0.56848026   -0.00264257    0.16258747
  699    8     7.00887    -3.00229     1.36906     -0.00174180    0.56848026   -0.00306397    0.15684068
  700    8     7.40293    -1.88302     1.98486     -0.00076683    0.32287631   -0.00237500    0.15357996
  701   19     4.63283     1.60706    -3.73122     -0.00150284    0.73602857   -0.00204182    0.15503121
  702    8     4.05447     0.66738    -3.57343     -0.00145430    1.03768103   -0.00140149    0.15976694
  703   20     8.60640    -0.73746     1.25090     -0.00109611    0.58742855   -0.00186595    0.14269617
  704   20     8.73176    -0.99380     0.00047     -0.00321163    1.19544288   -0.00268656    0.14605996
  705   20     8.58983    -0.78428    -1.25690     -0.00124391    0.58742855   -0.00211756    0.14280651
  706    8     7.97792    -1.64741     0.91249     -0.00247262    1.61939048   -0.00152688    0.14805913
  707    8     7.96610    -1.68082    -0.87648     -0.00254630    1.61939048   -0.00157238    0.14822175
  708   21     4.49927     1.81825     3.64721     -0.00147587    0.72448233   -0.00203714    0.15636194
  709    8     4.28724     0.72507     3.61431     -0.00127313    1.02145089   -0.00124639    0.15835034
  710    9     4.31744     5.11995    -0.96315     -0.00044540    0.25416562   -0.00175239    0.15091408
  711   14     3.48800     5.14867    -0.87344     -0.00118175    0.25416562   -0.00464952    0.16356163
  712   19     4.32716     5.08119    -1.25984     -0.00046263    0.25416562   -0.00182018    0.15137448
  713    9     4.34665     5.15874     0.80559     -0.00043613    0.25498871   -0.00171040    0.15079860
  714   14     3.51436     5.18560     0.74647     -0.00106287    0.25498871   -0.00416829    0.16380665
  715   21     4.35882     5.13184     1.10341     -0.00052281    0.25498871   -0.00205034    0.15170196
  716   14     3.08078     5.39806     0.08006     -0.00487126    1.11981609   -0.00435005    0.17145463
  717    9     4.30574     5.29028    -0.21303     -0.00134759    1.57746531   -0.00085427    0.14816706
  718   17     5.58448    -0.73031    -3.69277     -0.00182382    0.69058416   -0.00264098    0.15798387
  719   17     6.71318    -1.33969    -3.00894     -0.00478161    1.41352403   -0.00338276    0.15846689
  720    9     6.45739     0.03201    -3.36113     -0.00220682    1.89230121   -0.00116621    0.14560594
  721    9     7.64289    -0.68564    -2.46643     -0.00077463    0.97421419   -0.00079513    0.14217981
  722   18     7.09322    -1.47753     2.73840     -0.00187477    0.68833973   -0.00272362    0.15422559
  723   18     6.06470    -0.81211     3.51155     -0.00466786    1.40857446   -0.00331389    0.15968410
  724    9     7.23268    -0.28656     2.85882     -0.00226443    1.88650143   -0.00120033    0.14380534
  725    9     5.96926     0.43839     3.62072     -0.00064091    0.97103363   -0.00066002    0.14587649
  726   19     4.95637     5.23200    -1.47465     -0.00044739    0.23697752   -0.00188791    0.14321702
  727   19     6.01517     5.18725    -1.73284     -0.00095197    0.52373118   -0.00181767    0.13445010
  728   19     7.02075     4.58409    -2.34140     -0.00097950    0.52373118   -0.00187023    0.12856672
  729   19     7.34207     3.54158    -3.08658     -0.00088199    0.52373118   -0.00168405    0.12814331
  730   19     6.85394     2.46585    -3.67808     -0.00092610    0.52373118   -0.00176828    0.13363472
  731   19     5.74653     1.77594    -3.88549     -0.00110811    0.52373118   -0.00211580    0.14516103
  732    9     5.44337     5.27506    -1.15108     -0.00074992    0.51824883   -0.00144703    0.13718494
  733    9     6.79944     4.96189    -1.64757     -0.00078161    0.51824883   -0.00150817    0.12717753
  734    9     7.58052     3.99317    -2.44444     -0.00064089    0.51824883   -0.00123664    0.12386207
  735    9     7.48232     2.74627    -3.23128     -0.00059637    0.51824883   -0.00115075    0.12668372
  736    9     6.54311     1.70693    -3.70156     -0.00066797    0.51824883   -0.00128891    0.13686625
  737    9     5.43779     1.24539    -3.76141     -0.00041417    0.28724548   -0.00144187    0.14801870
  738   20     8.67179    -0.29952    -1.75097     -0.00035289    0.24951642   -0.00141430    0.13832531
  739   20     8.91628     0.75291    -2.13008     -0.00109239    0.55758069   -0.00195915    0.13210147
  740   20     9.22390     2.06966    -1.83740     -0.00107388    0.55758069   -0.00192596    0.12562020
  741   20     9.42579     2.92541    -0.76920     -0.00108792    0.55758069   -0.00195115    0.12322684
  742   20     9.43492     2.95124     0.61405     -0.00117239    0.55758069   -0.00210263    0.12330527
  743   20     9.24736     2.13602     1.71604     -0.00099443    0.55758069   -0.00178348    0.12550961
  744   20     8.94396     0.83118     2.06170     -0.00109471    0.55758069   -0.00196332    0.13203820
  745   20     8.69475    -0.23460     1.72541     -0.00040156    0.24951642   -0.00160935    0.13845695
  746    9     8.41629     0.06641    -2.15313     -0.00096254    0.54002300   -0.00178241    0.13702530
  747    9     8.76451     1.56194    -2.34037     -0.00071423    0.54002300   -0.00132260    0.12614588
  748    9     9.06606     2.84773    -1.53493     -0.00075810    0.54002300   -0.00140383    0.12144101
  749    9     9.19096     3.36949    -0.08404     -0.00090647    0.54002300   -0.00167858    0.12068445
  750    9     9.08536     2.90229     1.38684     -0.00076134    0.54002300   -0.00140982    0.12138678
  751    9     8.79478     1.64754     2.24363     -0.00071636    0.54002300   -0.00132654    0.12610604
  752    9     8.44449     0.14615     2.11696     -0.00099518    0.54002300   -0.00184284    0.13704713
  753   21     5.39739     1.78315     3.83080     -0.00047720    0.23634783   -0.00201904    0.14791627
  754   21     6.40447     2.18911     3.75529     -0.00102319    0.52214653   -0.00195958    0.13891051
  755   21     7.23880     3.09861     3.29160     -0.00085022    0.52214653   -0.00162831    0.12995833
  756   21     7.32129     4.18465     2.54864     -0.00097850    0.52214653   -0.00187399    0.12762739
  757   21     6.61993     5.02588     1.81465     -0.00097003    0.52214653   -0.00185777    0.13076333
  758   21     5.40685     5.29590     1.37441     -0.00099027    0.52214653   -0.00189653    0.13993668
  759    9     5.91224     1.53672     3.70016     -0.00083621    0.51704562   -0.00161729    0.14441263
  760    9     7.14626     2.29568     3.42461     -0.00059687    0.51704562   -0.00115438    0.13076810
  761    9     7.68583     3.47012     2.71446     -0.00058786    0.51704562   -0.00113696    0.12423635
  762    9     7.32161     4.60438     1.84523     -0.00067949    0.51704562   -0.00131418    0.12459709
  763    9     6.19490     5.25838     1.15416     -0.00072829    0.51704562   -0.00140855    0.13090423
  764    9     5.03290     5.31549     0.87350     -0.00032724    0.28648222   -0.00114226    0.14059980
  765   15    -5.45010    -4.86756     1.80163     -0.00143849    0.85281750   -0.00168675    0.14834176
  766   15    -5.86387    -5.16753     0.80160     -0.00403658    1.70478563   -0.00236779    0.15082008
  767   15    -6.03722    -5.06660    -0.30338     -0.00136628    0.85281750   -0.00160208    0.14851335
  768   10    -6.83743    -4.20706     1.69603     -0.00298258    1.70478563   -0.00174953    0.14211278
  769   10    -7.20378    -4.33126     0.38254     -0.00272771    1.70478563   -0.00160003    0.14021349
  770   13    -5.59522     4.71009    -0.43920     -0.00171968    0.87763952   -0.00195943    0.14805971
  771   13    -5.43306     4.82641     0.70155     -0.00414658    1.75460396   -0.00236326    0.15058177
  772   13    -5.05238     4.49296     1.74319     -0.00126830    0.87763952   -0.00144513    0.14778326
  773   12    -6.82842     4.10494     0.24730     -0.00286831    1.75460396   -0.00163473    0.14024077
  774   12    -6.48979     3.96950     1.60869     -0.00313244    1.75460396   -0.00178527    0.14201568
  775   19     3.73458     4.65658    -2.52091     -0.00150811    0.93108762   -0.00161972    0.15398086
  776   19     4.16597     5.12311    -1.72104     -0.00106981    0.93108762   -0.00114899    0.15028810
  777   14     2.75887     5.04294    -1.56770     -0.00623271    1.86441160   -0.00334299    0.16928099
  778   21     4.19973     5.18116     1.58890     -0.00135361    0.99364423   -0.00136227    0.15077591
  779   21     3.76764     4.69473     2.46841     -0.00157198    0.99364423   -0.00158204    0.15464826
  780   14     2.78576     5.06685     1.51142     -0.00658318    1.99142516   -0.00330576    0.17047749
  781   17     4.58369    -4.54724    -1.56194     -0.00169707    0.98941113   -0.00171523    0.16813742
  782   17     4.04847    -4.32438    -2.38217     -0.00186983    0.98941113   -0.00188984    0.16956694
  783   16     3.19060    -5.17730    -1.43912     -0.00641738    1.97939035   -0.00324210    0.17895083
  784   18     4.05475    -4.25361     2.50532     -0.00192219    0.94230202   -0.00203989    0.16903358
  785   18     4.57166    -4.48405     1.73944     -0.00159958    0.94230202   -0.00169753    0.16772578
  786   16     3.18631    -5.13551     1.59249     -0.00597847    1.88444548   -0.00317253    0.17818903
