COSMO Results from DMol3

Note: COSMO for ideal conductor limit (fepsi= 1.0000)
  Basic Grid Size                  =   1082
  Number of Segments on an Atom    =     92
  Number of Segments on Hydrogen   =     32
  Solvent Radius    [au]           =   2.46
  A - Matrix Cutoff [au]           =  13.23
  factor for Outlying Charge corr  =   0.85
  maximum segment or cutoff radius =   1.46
  total number of segments         =    613
  number of charge corr segments   =    268




$coordinates xyz [au]                         and cosmo atom analysis:   radius   charge    area  charge density  (srad)
N            -4.11882343101083    0.63491350750360    0.17179178759902   3.4582  -0.0459    24.80    -0.00185    5.9148
C            -4.16437639041277   -1.93385614896930   -0.29311210844759   3.7795  -0.0698    60.85    -0.00115    6.2361
C            -1.69835338457096   -2.70325511719864   -0.33818683107962   3.7795  -0.0462    52.07    -0.00089    6.2361
N            -0.19779702501126   -0.58952266959566    0.08771223524503   3.4582  -0.0099     6.91    -0.00144    5.9148
C            -1.71040620897425    1.42366661984757    0.40392078804161   3.7795  -0.1076    55.47    -0.00194    6.2361
C             2.61531251111088   -0.63430553725577    0.22733702537592   3.7795  -0.0486    31.36    -0.00155    6.2361
C             3.84815721735537    1.92581636586229   -0.17910085140802   3.7795  -0.0126    53.04    -0.00024    6.2361
H            -5.66486721616017    1.78873523591277    0.31839271714911   2.4566  -0.1752    30.54    -0.00574    4.9133
H            -5.90928481646549   -2.97388114771779   -0.56027476041869   2.4566  -0.0762    22.99    -0.00332    4.9133
H            -0.88759541683574   -4.56055183735437   -0.64245806331311   2.4566  -0.0808    24.10    -0.00335    4.9133
H            -1.11180302173360    3.34450088529776    0.77484338446874   2.4566  -0.0823    20.15    -0.00408    4.9133
H             3.22353131840499   -1.99042633262241   -1.22040954489267   2.4566  -0.0599    23.89    -0.00251    4.9133
H             3.11533746607820   -1.42773147176504    2.08228930216811   2.4566  -0.0614    25.80    -0.00238    4.9133
H             3.39347445874553    2.73024602063986   -2.03837522853507   2.4566  -0.0404    25.13    -0.00161    4.9133
H             5.90599934240403    1.67027309181319   -0.09802166824528   2.4566  -0.0412    23.97    -0.00172    4.9133
H             3.36149459707610    3.29537853560189    1.30365181629246   2.4566  -0.0415    22.42    -0.00185    4.9133
$end


$cosmo_energy               [Hartree atomic units]       [eV]     [kcal/mol]
  Total energy                 =       -305.385539
  Total energy + OC corr.      =       -305.382107
  Dielectric energy            =         -0.091128      -2.480      -57.18
  Diel. energy + OC corr.      =         -0.087696      -2.386      -55.03

  Surface area of cavity [au]  =           503.480
  Total Volume of cavity [au]  =           887.289


$screening_charge
  cosmo           =   -1.02174
  corrected total =   -0.99948


$segment information
    n  atom        position (X, Y, Z) [au]            charge       area [au]   charge/area    potential [au]

    1    1    -6.01926     0.09117     3.00935     -0.00050441    0.55557476   -0.00090791    0.17321752
    2    1    -4.77519     2.83014     2.76203     -0.00052132    0.13889369   -0.00375341    0.20067577
    3    1    -5.46007     2.11872    -2.64929     -0.00121285    0.97225583   -0.00124745    0.17816486
    4    1    -4.87535     2.31483     3.09834     -0.00040904    0.41668107   -0.00098167    0.18915504
    5    1    -6.61973     0.46114     2.55387     -0.00089486    0.69446845   -0.00128855    0.19058531
    6    1    -5.88474     0.89130     3.13403     -0.00153215    0.97225583   -0.00157587    0.17932162
    7    1    -5.15609     1.69070     3.29725     -0.00079277    1.25004321   -0.00063419    0.18026891
    8    1    -4.68581     3.51139    -1.66222     -0.00066322    0.55557476   -0.00119376    0.19814392
    9    1    -4.83823     2.82595    -2.40522     -0.00143179    1.11114952   -0.00128857    0.18094556
   10    1    -6.12503     1.26294    -2.57408     -0.00074038    0.97225583   -0.00076150    0.18124040
   11    1    -6.79449     0.86563    -2.00689     -0.00090425    0.27778738   -0.00325518    0.19688154
   12    1    -5.11687     0.06853     3.43403      0.00069037    0.69446845    0.00099409    0.16274094
   13    1    -4.22309     0.03436     3.57584      0.00011377    0.55557476    0.00020477    0.16056869
   14    1    -4.32519     2.05321    -2.97543      0.00077831    0.97225583    0.00080052    0.16557498
   15    1    -5.15385     1.31290    -3.05748     -0.00003730    0.97225583   -0.00003836    0.16556841
   16    1    -4.11042     1.23145    -3.23456      0.00018083    0.69446845    0.00026038    0.15999455
   17    1    -4.85499     0.82836     3.54518      0.00004234    0.97225583    0.00004355    0.16647446
   18    2    -6.38535    -0.71639    -3.09833     -0.00112915    1.49307918   -0.00075626    0.16061758
   19    2    -4.55424    -4.19647    -3.29523     -0.00007995    1.16128380   -0.00006885    0.14362953
   20    2    -5.00844    -5.52451     0.53087     -0.00124401    0.99538612   -0.00124978    0.15402262
   21    2    -5.68181    -3.32806     2.87516     -0.00026764    1.49307918   -0.00017925    0.14261234
   22    2    -6.56806    -3.52269     2.15274     -0.00103413    1.32718149   -0.00077919    0.15264403
   23    2    -4.92467    -5.63542    -0.36036     -0.00050852    0.49769306   -0.00102175    0.15929740
   24    2    -5.45006    -4.10015    -3.11061     -0.00100293    0.99538612   -0.00100758    0.15008313
   25    2    -7.01484    -1.52181    -2.74041     -0.00109107    0.82948843   -0.00131536    0.16463081
   26    2    -7.79761    -1.25995     0.50045     -0.00212808    0.99538612   -0.00213794    0.18900256
   27    2    -7.27002    -0.80545    -2.12775     -0.00190317    0.99538612   -0.00191199    0.17677736
   28    2    -5.96384    -1.69436    -3.60804     -0.00083200    1.82487455   -0.00045592    0.14878020
   29    2    -5.13990    -3.11876    -3.74687     -0.00006679    1.16128380   -0.00005751    0.14108180
   30    2    -4.77929    -4.92849    -2.51530     -0.00075389    0.99538612   -0.00075739    0.15275967
   31    2    -4.72887    -5.58290    -1.09931     -0.00131490    0.66359074   -0.00198149    0.16032812
   32    2    -4.80936    -5.26270     1.37632     -0.00058006    1.16128380   -0.00049950    0.14614624
   33    2    -5.63884    -4.32895     2.23152     -0.00037320    1.16128380   -0.00032137    0.14341504
   34    2    -6.68435    -2.34252     2.49383     -0.00098782    1.49307918   -0.00066160    0.15595809
   35    2    -7.21880    -1.49050     1.88824     -0.00235403    1.32718149   -0.00177371    0.17258412
   36    2    -5.14826    -0.59660    -3.68839      0.00014552    1.32718149    0.00010964    0.14975386
   37    2    -3.81695    -0.64811    -3.83011      0.00007474    1.49307918    0.00005006    0.14636602
   38    2    -3.72757    -1.79571    -4.04468      0.00072080    0.99538612    0.00072414    0.13786480
   39    2    -4.13460    -3.01679    -3.91395      0.00075702    1.32718149    0.00057040    0.13634089
   40    2    -4.45667    -3.32365     3.20937      0.00090630    1.65897686    0.00054630    0.13748176
   41    2    -5.35744    -2.34178     3.26983     -0.00021247    1.32718149   -0.00016009    0.14549988
   42    2    -5.09769    -1.57838     3.35202      0.00000518    0.66359074    0.00000781    0.15088432
   43    2    -5.75889    -4.86678     1.47881     -0.00068390    0.82948843   -0.00082448    0.15066797
   44    2    -4.99150    -5.28573    -1.83094     -0.00111274    0.49769306   -0.00223579    0.15911357
   45    2    -6.10167    -2.79244    -3.42263     -0.00102329    1.32718149   -0.00077103    0.15027234
   46    2    -7.70176    -0.93892    -1.17701     -0.00180675    0.82948843   -0.00217816    0.18854358
   47    2    -7.45929    -2.20985     1.53765     -0.00078512    0.66359074   -0.00118314    0.17089989
   48    2    -4.02186    -2.07446     3.48105      0.00014186    1.49307918    0.00009501    0.14572540
   49    2    -4.70949    -1.82344    -4.03140      0.00012580    1.65897686    0.00007583    0.13987297
   50    2    -4.73205    -4.47438     2.44692      0.00062984    1.32718149    0.00047457    0.13793355
   51    2    -6.14823    -1.62758     2.90922      0.00010401    0.82948843    0.00012539    0.15679926
   52    3    -2.99073    -5.65633     1.63501      0.00001973    1.16128380    0.00001699    0.14300816
   53    3    -2.94251    -5.58781    -2.43955     -0.00127416    0.99538612   -0.00128006    0.15360226
   54    3    -0.96252    -3.49030    -3.96079     -0.00005033    1.32718149   -0.00003792    0.14168670
   55    3    -0.53489    -4.46436    -3.47331     -0.00074412    0.99538612   -0.00074757    0.15108795
   56    3    -3.16615    -5.97498    -1.53220     -0.00061386    0.66359074   -0.00092506    0.15960409
   57    3    -2.18304    -6.02594     1.39653     -0.00097121    0.99538612   -0.00097571    0.14901010
   58    3     0.20444    -4.98662     1.99631     -0.00146943    0.99538612   -0.00147624    0.15805261
   59    3    -0.58198    -4.64716     2.70472     -0.00067953    1.49307918   -0.00045512    0.14692817
   60    3    -1.95378    -5.33460     2.36277      0.00004861    1.16128380    0.00004186    0.14012332
   61    3    -3.05257    -6.09653     0.62938     -0.00053619    0.82948843   -0.00064641    0.15241028
   62    3    -3.40463    -6.06155    -0.64615     -0.00074524    0.33179537   -0.00224608    0.15968012
   63    3    -2.74556    -4.97673    -3.16996     -0.00036997    1.16128380   -0.00031859    0.14532038
   64    3    -1.56273    -4.45998    -3.68179     -0.00014761    1.16128380   -0.00012711    0.14281465
   65    3     0.07479    -3.85118    -3.47225     -0.00059490    0.99538612   -0.00059766    0.15336295
   66    3    -0.69907    -3.36873     3.24551     -0.00019446    0.99538612   -0.00019536    0.14911166
   67    3    -1.65094    -2.76398     3.44049     -0.00010105    1.49307918   -0.00006768    0.14667970
   68    3    -2.39558    -3.64819     3.25422      0.00078145    0.99538612    0.00078507    0.13756226
   69    3    -2.67709    -4.73328     2.69587      0.00079152    1.16128380    0.00068159    0.13562778
   70    3    -1.85350    -2.70140    -4.11444      0.00105088    1.65897686    0.00063345    0.13692568
   71    3    -0.43554    -2.53133    -3.89626     -0.00046957    1.32718149   -0.00035381    0.14644542
   72    3    -0.54840    -1.71841    -3.80111     -0.00025570    0.66359074   -0.00038533    0.14890954
   73    3    -1.85189    -5.19087    -3.17938     -0.00087361    0.82948843   -0.00105320    0.14998041
   74    3    -3.08468    -6.21447    -0.15427     -0.00116397    0.49769306   -0.00233872    0.15847310
   75    3    -1.06287    -5.54110     2.07575     -0.00081500    1.16128380   -0.00070181    0.14820728
   76    3    -1.47394    -1.42546    -3.88798      0.00010818    1.49307918    0.00007245    0.14523354
   77    3    -1.60654    -4.21856     3.12300      0.00019135    1.65897686    0.00011534    0.13941196
   78    3    -2.35724    -3.88680    -3.86654      0.00066428    1.16128380    0.00057202    0.13698032
   79    4     0.17703    -0.22893    -3.33116     -0.00018293    0.41668107   -0.00043902    0.15929322
   80    4    -0.44205    -1.30533     3.46219     -0.00009117    0.13889369   -0.00065640    0.16270975
   81    4    -0.14572    -1.04896     3.51485     -0.00009738    0.13889369   -0.00070112    0.16436634
   82    4    -0.24968    -0.13003    -3.33944     -0.00007371    0.13889369   -0.00053070    0.15865814
   83    5    -1.96471     1.18259    -3.35927     -0.00085942    0.66359074   -0.00129511    0.16125363
   84    5    -3.11837     4.02536    -1.94834     -0.00123268    1.16128380   -0.00106148    0.17829509
   85    5    -3.40999     4.16560     2.37301     -0.00216509    0.99538612   -0.00217513    0.19622754
   86    5    -1.48437     2.28034     4.07804     -0.00120419    1.16128380   -0.00103695    0.16648509
   87    5    -0.93197     3.28229     3.60138     -0.00276905    1.32718149   -0.00208641    0.17774031
   88    5    -3.59745     4.49022     1.55259     -0.00149661    0.49769306   -0.00300709    0.20530508
   89    5    -2.66885     4.70713    -1.20372     -0.00338490    1.49307918   -0.00226706    0.18636513
   90    5    -1.11331     3.76378    -2.50326     -0.00125827    0.99538612   -0.00126410    0.16716253
   91    5    -2.08624     4.09694    -2.24120     -0.00156048    1.32718149   -0.00117578    0.17115847
   92    5    -3.58638     4.48105    -0.78660     -0.00188370    0.82948843   -0.00227091    0.19711015
   93    5    -3.61428     4.64512     0.93460     -0.00144948    0.33179537   -0.00436861    0.20763869
   94    5    -3.31694     3.47329     3.14293     -0.00250744    1.49307918   -0.00167937    0.18415256
   95    5    -2.07658     3.01416     3.81279     -0.00130609    1.16128380   -0.00112470    0.17190660
   96    5    -0.39277     2.20236     3.85959     -0.00175274    1.16128380   -0.00150931    0.16981431
   97    5    -1.20630     1.51865    -3.34058     -0.00139562    1.32718149   -0.00105157    0.16037026
   98    5    -2.28121     2.14538    -3.26182     -0.00083453    1.16128380   -0.00071863    0.16098335
   99    5    -2.71831     3.07367    -2.84353     -0.00083199    1.49307918   -0.00055723    0.16564876
  100    5    -2.83330     0.75257     3.94974     -0.00042612    0.99538612   -0.00042810    0.16267210
  101    5    -2.24031     1.58646     4.14248     -0.00118774    1.49307918   -0.00079549    0.16335438
  102    5    -0.81454     1.29647     4.07344     -0.00118284    1.16128380   -0.00101856    0.16443228
  103    5    -0.94880     0.41564     3.96594     -0.00087760    0.99538612   -0.00088167    0.16337074
  104    5    -2.32057     3.81534     3.26604     -0.00199522    0.99538612   -0.00200447    0.18309972
  105    5    -3.40082     4.78868     0.08235     -0.00154713    0.49769306   -0.00310861    0.20301499
  106    5    -1.31417     4.45320    -1.82076     -0.00125695    0.66359074   -0.00189417    0.17677967
  107    5    -1.95525     0.16085     3.95772     -0.00202533    1.65897686   -0.00122083    0.16211119
  108    5    -1.46419     2.90183    -3.06578     -0.00154973    1.49307918   -0.00103794    0.16186567
  109    5    -3.09720     2.46965     3.76053     -0.00118367    1.32718149   -0.00089187    0.17137738
  110    6     1.71380    -0.52480    -3.44138     -0.00047438    0.33179537   -0.00142973    0.16006210
  111    6     6.08577    -2.07057     0.64852     -0.00071232    0.66359074   -0.00107344    0.14151646
  112    6     3.25726    -4.20833     1.27540     -0.00083312    1.49307918   -0.00055799    0.15403825
  113    6     2.10007     0.76311     3.70096     -0.00057792    0.49769306   -0.00116120    0.16399762
  114    6     3.69115    -4.25360     0.39298     -0.00035797    0.82948843   -0.00043156    0.15265356
  115    6     5.73294    -2.75916     0.00439     -0.00119699    1.16128380   -0.00103075    0.14372097
  116    6     2.13614    -0.86750    -3.51435     -0.00094645    0.66359074   -0.00142625    0.15965880
  117    6     6.04675    -2.01606    -0.54748     -0.00071233    0.82948843   -0.00085876    0.14417966
  118    6     5.49419    -2.90299     1.14896     -0.00094839    1.16128380   -0.00081667    0.14281685
  119    6     4.48810    -3.80115     1.09219     -0.00034691    1.16128380   -0.00029873    0.14602401
  120    6     5.96568    -1.90697     1.42720     -0.00087662    0.99538612   -0.00088068    0.14272030
  121    6     1.82416     0.17144     3.83415     -0.00041689    0.33179537   -0.00125646    0.16576988
  122    6     5.06443    -3.50388     0.45453     -0.00057007    0.99538612   -0.00057271    0.14451294
  123    6     5.93072    -1.56678    -1.32923     -0.00048894    0.33179537   -0.00147361    0.14626691
  124    6     2.70354    -0.63548    -3.55109     -0.00009541    0.16589769   -0.00057514    0.15591378
  125    6     5.88175    -1.29819     2.00891     -0.00064721    0.49769306   -0.00130042    0.14511316
  126    7     2.42681     5.41651    -0.46057      0.00026349    0.66359074    0.00039707    0.14166084
  127    7     5.93689     4.92799    -1.13220      0.00026717    1.32718149    0.00020131    0.11219933
  128    7     6.25521     1.49309    -3.06059      0.00073727    1.32718149    0.00055552    0.11921185
  129    7     4.94837     1.86393     3.43616      0.00015956    1.32718149    0.00012022    0.13263938
  130    7     5.68142     2.91819     2.97347      0.00051788    0.99538612    0.00052028    0.12278097
  131    7     5.83580     1.32046     2.97798      0.00035448    1.16128380    0.00030525    0.12901004
  132    7     6.37672     1.77728     2.62601      0.00015976    0.49769306    0.00032100    0.12495800
  133    7     3.58703     0.67733    -3.73680     -0.00010756    0.33179537   -0.00032416    0.14446122
  134    7     5.83044     2.27356    -3.37813      0.00047267    0.82948843    0.00056983    0.11871275
  135    7     5.30935     4.85075    -2.07487      0.00003549    1.49307918    0.00002377    0.11675430
  136    7     2.48556     5.28733    -1.24114      0.00053803    0.82948843    0.00064863    0.13871634
  137    7     6.01228     3.96958     2.14984      0.00072346    1.16128380    0.00062299    0.11796447
  138    7     6.52149     3.39463     2.05255      0.00045213    0.82948843    0.00054508    0.11730364
  139    7     3.33923     5.64374    -0.62894      0.00050148    1.16128380    0.00043183    0.12936578
  140    7     4.73275     5.51437    -0.96913      0.00035881    1.49307918    0.00024032    0.11779391
  141    7     6.52042     4.04132    -1.81246      0.00038534    1.49307918    0.00025809    0.11242499
  142    7     6.51286     2.78464    -2.71799      0.00073409    1.32718149    0.00055312    0.11476007
  143    7     5.40275     0.38705    -3.26124      0.00033563    0.99538612    0.00033718    0.12930056
  144    7     4.36840     0.57908    -3.67191     -0.00007045    0.66359074   -0.00010617    0.13655471
  145    7     5.66088     4.96554     1.14699      0.00024590    1.32718149    0.00018528    0.11766009
  146    7     5.69767     5.21708    -0.00224      0.00030577    1.65897686    0.00018431    0.11399439
  147    7     6.65664     4.43794    -0.47234      0.00000756    1.16128380    0.00000651    0.11301320
  148    7     6.23516     0.30344    -2.61923     -0.00003907    1.16128380   -0.00003365    0.12775915
  149    7     3.92863     1.88097     3.59925     -0.00000370    0.66359074   -0.00000557    0.14429521
  150    7     6.13422     2.47335     2.78037      0.00052855    0.99538612    0.00053100    0.12130970
  151    7     6.21974     0.51641     2.40421     -0.00015834    0.49769306   -0.00031815    0.13459271
  152    7     5.20128     1.21317    -3.63530      0.00032497    0.99538612    0.00032647    0.12637997
  153    7     6.05547     3.74924    -2.64630      0.00049905    1.16128380    0.00042974    0.11429769
  154    7     3.89111     5.48880    -1.43910      0.00020545    0.99538612    0.00020641    0.12451820
  155    7     6.53945     4.37043     0.85296      0.00045519    1.49307918    0.00030487    0.11404590
  156    7     4.44899     5.64539     0.11775      0.00001727    1.32718149    0.00001301    0.12300840
  157    8    -7.63540     3.25049     0.44268     -0.00756067    1.33174368   -0.00567727    0.21269741
  158    8    -7.61029     1.36282     1.75685     -0.00741163    1.40183545   -0.00528709    0.20996357
  159    8    -7.96949     1.45960    -0.46619     -0.00825366    1.47192722   -0.00560739    0.21332588
  160    8    -6.68076     3.02445    -1.54602     -0.00638689    1.40183545   -0.00455609    0.20812055
  161    8    -5.94271     4.22753     0.21760     -0.00778504    1.47192722   -0.00528901    0.21790942
  162    8    -6.25273     3.17512     2.25940     -0.00725888    1.47192722   -0.00493155    0.21212551
  163    8    -8.05529     2.20431     0.70357     -0.00812743    1.47192722   -0.00552162    0.21221266
  164    8    -7.72436     2.72805    -0.63623     -0.00898657    1.61211077   -0.00557441    0.21136037
  165    8    -6.94505     3.75594    -0.40710     -0.00809364    1.47192722   -0.00549867    0.21284136
  166    8    -6.87606     3.78770     1.07488     -0.00775412    1.40183545   -0.00553141    0.21436913
  167    8    -7.44160     2.82546     1.66137     -0.00849352    1.54201899   -0.00550805    0.21136350
  168    8    -8.02123     1.21445     0.70947     -0.00572082    1.05137659   -0.00544127    0.21348358
  169    8    -7.34552     2.01977    -1.45845     -0.00605279    1.26165190   -0.00479751    0.20918696
  170    8    -5.97292     3.84632    -0.98794     -0.00687974    1.33174368   -0.00516596    0.21294004
  171    8    -5.90597     3.94626     1.46819     -0.00690199    1.26165190   -0.00547059    0.21799047
  172    8    -6.92823     2.09690     2.40265     -0.00603834    1.33174368   -0.00453416    0.20769849
  173    9    -7.80792    -4.52586    -0.70779     -0.00719630    1.96256963   -0.00366677    0.16569144
  174    9    -6.81942    -5.06169     0.36054     -0.00392007    1.40183545   -0.00279638    0.16274485
  175    9    -6.43284    -5.05355    -1.75864     -0.00338595    1.19156013   -0.00284161    0.16363066
  176    9    -7.36740    -3.42960    -2.48418     -0.00369231    1.33174368   -0.00277254    0.16489392
  177    9    -8.27343    -2.34415    -0.78242     -0.00379915    1.26165190   -0.00301125    0.17699475
  178    9    -7.88468    -3.33661     0.85441     -0.00407520    1.47192722   -0.00276862    0.16907808
  179    9    -6.68556    -5.29825    -0.73323     -0.00513957    1.61211077   -0.00318810    0.16385561
  180    9    -7.08871    -4.41335    -2.16406     -0.00535489    1.68220254   -0.00318326    0.16351055
  181    9    -8.13409    -3.60663    -1.38796     -0.00540224    1.54201899   -0.00350336    0.16806613
  182    9    -8.31409    -2.99682    -0.05875     -0.00535264    1.68220254   -0.00318192    0.17221209
  183    9    -7.54215    -4.32371     0.68346     -0.00505898    1.61211077   -0.00313811    0.16452636
  184    9    -7.93000    -2.57488    -1.89918     -0.00392259    1.26165190   -0.00310909    0.17169161
  185   10    -0.02532    -6.84381    -0.92243     -0.00715809    1.96256963   -0.00364731    0.16621500
  186   10    -1.40211    -6.36106    -2.23261     -0.00345152    1.26165190   -0.00273571    0.16235847
  187   10    -1.77901    -6.82609    -0.31414     -0.00350880    1.26165190   -0.00278112    0.16287202
  188   10    -0.16514    -6.36887     0.85524     -0.00333748    1.26165190   -0.00264533    0.16402878
  189   10     0.39329    -5.69128    -2.40768     -0.00454497    1.33174368   -0.00341280    0.16761782
  190   10    -1.41540    -6.86165    -1.32177     -0.00543405    1.68220254   -0.00323032    0.16330685
  191   10    -0.86294    -6.85561     0.23342     -0.00547611    1.75229431   -0.00312511    0.16287175
  192   10     0.75606    -6.17602     0.20829     -0.00633228    1.82238608   -0.00347472    0.16954341
  193   10     0.90695    -6.13130    -1.23196     -0.00571569    1.54201899   -0.00370663    0.17074010
  194   10    -0.39735    -6.21636    -2.38978     -0.00521463    1.68220254   -0.00309988    0.16407776
  195   11    -0.60633     5.74398     0.92383     -0.00714898    1.61211077   -0.00443455    0.19023411
  196   11    -0.79891     4.67104     2.81875     -0.00444798    1.19156013   -0.00373290    0.18998989
  197   11    -2.20409     5.46767     1.35297     -0.00510752    1.40183545   -0.00364345    0.19560267
  198   11    -1.57060     5.43312    -0.43442     -0.00358060    1.12146836   -0.00319278    0.19116362
  199   11    -0.69559     5.42738     2.00917     -0.00617405    1.40183545   -0.00440426    0.19062065
  200   11    -1.78749     5.13047     2.32045     -0.00473430    1.33174368   -0.00355497    0.19284328
  201   11    -1.85624     5.67091     0.51259     -0.00512711    1.40183545   -0.00365743    0.19316179
  202   11    -0.58498     5.47013    -0.33841     -0.00634003    1.47192722   -0.00430730    0.18864587
  203   12     3.97941    -3.57805    -2.93595     -0.00286188    1.12146836   -0.00255191    0.15589648
  204   12     4.59610    -2.09020    -3.25538     -0.00263773    1.19156013   -0.00221368    0.15174083
  205   12     2.71451    -2.28492    -3.60561     -0.00218738    0.91119304   -0.00240057    0.16097487
  206   12     3.95808    -4.33400    -1.16454     -0.00292952    1.26165190   -0.00232197    0.15738637
  207   12     5.36244    -3.05450    -1.79298     -0.00238671    1.12146836   -0.00212820    0.15022339
  208   12     3.76633    -2.70874    -3.50610     -0.00231921    0.98128481   -0.00236345    0.15545077
  209   12     2.97156    -3.36156    -3.24316     -0.00354796    1.26165190   -0.00281215    0.16153549
  210   12     3.47901    -4.22219    -2.21487     -0.00328285    1.26165190   -0.00260203    0.16072455
  211   12     4.56889    -3.87639    -2.03783     -0.00250530    1.05137659   -0.00238287    0.15343028
  212   12     4.82496    -3.00360    -2.78370     -0.00254375    1.05137659   -0.00241944    0.15163651
  213   12     3.53021    -1.78098    -3.64880     -0.00213093    0.98128481   -0.00217157    0.15589142
  214   12     4.95061    -3.73506    -1.12820     -0.00180139    0.98128481   -0.00183575    0.15160930
  215   12     5.39982    -2.31054    -2.31418     -0.00168804    0.84110127   -0.00200694    0.14995140
  216   13     3.71544    -2.28600     4.30454     -0.00289386    1.19156013   -0.00242863    0.15207014
  217   13     1.88764    -1.72169     4.18978     -0.00261680    1.12146836   -0.00233337    0.16192686
  218   13     3.44145    -0.49090     4.32976     -0.00220275    1.12146836   -0.00196417    0.15507966
  219   13     5.14965    -1.42000     3.45945     -0.00254527    1.19156013   -0.00213608    0.14879862
  220   13     4.52433    -3.31753     2.77402     -0.00232672    1.26165190   -0.00184418    0.14970580
  221   13     2.70016    -3.46644     3.38862     -0.00222127    1.12146836   -0.00198068    0.15766818
  222   13     3.09339    -1.58762     4.53364     -0.00292679    1.26165190   -0.00231981    0.15490507
  223   13     4.39267    -1.07430     4.15077     -0.00372877    1.68220254   -0.00221660    0.15072774
  224   13     4.62911    -2.46148     3.71781     -0.00296476    1.26165190   -0.00234991    0.14917490
  225   13     3.72468    -3.20752     3.66222     -0.00278487    1.19156013   -0.00233716    0.15211291
  226   13     2.45601    -2.68588     4.08667     -0.00386726    1.54201899   -0.00250792    0.15779540
  227   13     2.42041    -0.80541     4.35494     -0.00185339    1.05137659   -0.00176282    0.16003423
  228   13     5.22422    -2.38782     2.89832     -0.00198991    1.05137659   -0.00189268    0.14825954
  229   13     3.48979    -3.76014     2.75667     -0.00182212    0.98128481   -0.00185688    0.15436855
  230   14     2.84120     3.68743    -4.23244     -0.00225108    1.19156013   -0.00188919    0.14013020
  231   14     2.19527     4.73036    -2.81226     -0.00219915    1.33174368   -0.00165133    0.14483120
  232   14     3.00640     1.80841    -4.28239     -0.00174611    1.26165190   -0.00138398    0.14386651
  233   14     4.66783     3.03694    -4.11614     -0.00146123    1.19156013   -0.00122631    0.12889627
  234   14     4.12354     4.75059    -3.23012     -0.00150590    1.12146836   -0.00134279    0.12950831
  235   14     1.97082     3.87928    -3.67877     -0.00247186    1.33174368   -0.00185611    0.14732109
  236   14     2.14375     2.54650    -4.14541     -0.00362136    1.75229431   -0.00206664    0.14850463
  237   14     3.51938     2.90280    -4.48573     -0.00225813    1.26165190   -0.00178982    0.13684061
  238   14     3.94816     3.93216    -4.10788     -0.00190985    1.05137659   -0.00181652    0.13222847
  239   14     3.06652     4.57754    -3.62447     -0.00212590    1.19156013   -0.00178414    0.13709230
  240   14     4.08471     2.04341    -4.29351     -0.00115410    1.05137659   -0.00109770    0.13512981
  241   14     4.79451     4.02126    -3.58933     -0.00106373    0.98128481   -0.00108402    0.12636383
  242   14     3.29103     5.07625    -2.76004     -0.00081455    0.91119304   -0.00089393    0.13450356
  243   15     8.32781     1.27138     0.00630     -0.00231421    1.12146836   -0.00206356    0.12637082
  244   15     7.68324     1.76151    -1.79163     -0.00152454    1.12146836   -0.00135942    0.12296934
  245   15     7.46238    -0.06402    -0.87589     -0.00184239    1.12146836   -0.00164284    0.13301477
  246   15     7.47074     0.32631     1.23633     -0.00191222    1.12146836   -0.00170511    0.13286912
  247   15     7.63713     2.31546     1.52124     -0.00165241    1.19156013   -0.00138676    0.12378015
  248   15     7.85377     3.15746    -0.27016     -0.00197703    1.26165190   -0.00156702    0.12056630
  249   15     8.10525     0.91173    -0.88740     -0.00245910    1.26165190   -0.00194911    0.12703915
  250   15     7.79211     0.12593     0.20651     -0.00258137    1.47192722   -0.00175374    0.13211145
  251   15     8.06613     1.30048     1.01203     -0.00246990    1.26165190   -0.00195767    0.12707752
  252   15     8.20951     2.32122     0.45448     -0.00236019    1.19156013   -0.00198075    0.12330990
  253   15     8.20878     2.09851    -0.83897     -0.00247551    1.26165190   -0.00196212    0.12304295
  254   15     7.48001     0.67172    -1.69820     -0.00141635    1.12146836   -0.00126294    0.12790353
  255   15     7.38975     1.21252     1.80567     -0.00125585    1.05137659   -0.00119448    0.12877648
  256   15     7.65199     3.15918     0.77937     -0.00121468    0.98128481   -0.00123784    0.12095762
  257   15     7.69706     2.86434    -1.28187     -0.00130665    1.05137659   -0.00124280    0.12033809
  258   16     2.61669     4.94443     2.96529     -0.00283714    1.26165190   -0.00224875    0.15347749
  259   16     3.38231     5.75170     1.33916     -0.00112734    0.98128481   -0.00114884    0.14023446
  260   16     4.65437     4.81032     2.74192     -0.00169676    1.26165190   -0.00134487    0.13244805
  261   16     3.70725     3.38416     3.73423     -0.00161006    1.19156013   -0.00135122    0.14420361
  262   16     2.60538     5.59321     1.73193     -0.00300784    1.40183545   -0.00214564    0.15140022
  263   16     3.60176     5.39105     2.56287     -0.00247233    1.33174368   -0.00185646    0.14122058
  264   16     3.61240     4.51991     3.41854     -0.00223971    1.19156013   -0.00187965    0.14306780
  265   16     2.53741     3.95301     3.52255     -0.00266731    1.33174368   -0.00200287    0.15626551
  266   16     4.32874     5.48955     1.83776     -0.00138432    1.05137659   -0.00131668    0.13304156
  267   16     4.53884     3.92136     3.36695     -0.00118348    1.05137659   -0.00112565    0.13509874
  268   16     2.86100     2.96033     3.68532     -0.00141496    0.84110127   -0.00168227    0.15485256
  269    1    -3.38221     0.76401    -3.22446     -0.00028179    0.17770604   -0.00158568    0.16161598
  270    2    -3.38382     0.33577    -3.32464     -0.00029089    0.17770604   -0.00163694    0.15925980
  271    5    -2.97476     0.89564    -3.20942     -0.00042886    0.17770604   -0.00241332    0.16331882
  272    1    -3.63109    -0.43831     3.44349     -0.00029569    0.17770604   -0.00166391    0.16221258
  273    2    -3.63435    -0.87454     3.38762     -0.00028414    0.17770604   -0.00159892    0.15956585
  274    5    -3.22536    -0.31502     3.50477     -0.00038663    0.17770604   -0.00217566    0.16400117
  275    1    -7.18374     0.00744     1.65612     -0.00070330    0.07564341   -0.00929759    0.20347647
  276    2    -7.20280    -0.42473     1.58263     -0.00065071    0.07564341   -0.00860234    0.19572344
  277    8    -7.29767     0.28981     1.57543     -0.00061668    0.07564341   -0.00815246    0.20933641
  278    1    -7.05173     0.60684    -1.66885     -0.00064458    0.07564341   -0.00852134    0.20321616
  279    2    -7.07039     0.17647    -1.75235     -0.00065570    0.07564341   -0.00866828    0.19600890
  280    8    -7.17542     0.84490    -1.50378     -0.00061842    0.07564341   -0.00817548    0.20948759
  281    2    -4.37072    -1.11931     3.38292     -0.00040047    0.72352597   -0.00055350    0.15550400
  282    2    -6.24751    -0.92824     2.51110     -0.00353254    1.44945555   -0.00243715    0.17488815
  283    1    -5.08538    -0.42745     3.14515     -0.00225202    1.45395693   -0.00154889    0.16629812
  284    1    -6.83065    -0.21023     2.11593     -0.00250201    0.69084612   -0.00362167    0.19132295
  285    2    -6.72856    -0.04642    -2.31431     -0.00189211    0.72061532   -0.00262568    0.18163998
  286    2    -4.87689     0.08674    -3.23162     -0.00188594    1.44324625   -0.00130674    0.16145494
  287    1    -5.99196     0.61922    -2.54950     -0.00417234    1.44723918   -0.00288297    0.18242435
  288    1    -4.09605     0.71594    -3.26977     -0.00045516    0.68806638   -0.00066150    0.15968557
  289    1    -4.63096     3.79889    -1.14014     -0.00068124    0.08070469   -0.00844117    0.20937231
  290    5    -4.23060     3.94478    -1.10604     -0.00065865    0.08070469   -0.00816128    0.20383385
  291    8    -4.91670     3.82589    -1.01015     -0.00064817    0.08070469   -0.00803141    0.21482342
  292    1    -4.76769     3.15916     2.45243     -0.00068588    0.08070469   -0.00849861    0.20986886
  293    5    -4.36786     3.30260     2.50030     -0.00068806    0.08070469   -0.00852560    0.20457483
  294    8    -5.04340     3.23306     2.31904     -0.00063957    0.08070469   -0.00792483    0.21498130
  295    5    -3.98960     2.98561     2.97207     -0.00184907    0.68051482   -0.00271716    0.19140700
  296    5    -3.44847     1.14945     3.59666     -0.00222554    1.36035004   -0.00163601    0.17102143
  297    1    -4.35342     2.07923     3.14424     -0.00366335    1.36419201   -0.00268537    0.18762088
  298    1    -3.79163     0.23650     3.57680     -0.00046537    0.64985028   -0.00071612    0.16339481
  299    5    -2.96362     1.65356    -3.14714     -0.00073852    0.67772920   -0.00108970    0.16357557
  300    5    -3.58896     3.26205    -2.12429     -0.00341295    1.35447160   -0.00251976    0.18365134
  301    1    -3.78194     2.08104    -2.79163     -0.00218455    1.35782728   -0.00160885    0.17053770
  302    1    -4.37663     3.55635    -1.63428     -0.00197083    0.64718968   -0.00304522    0.19701826
  303    8    -5.37993     3.68681    -1.21477     -0.00152129    0.27763195   -0.00547951    0.21395430
  304    8    -6.03840     2.87652    -1.78174     -0.00382262    0.60669143   -0.00630076    0.21041635
  305    8    -6.89638     1.72075    -1.73395     -0.00380993    0.60669143   -0.00627984    0.21211406
  306    1    -5.25217     3.26353    -1.66830     -0.00345816    0.59912205   -0.00577204    0.20728720
  307    1    -6.18347     2.07292    -2.11936     -0.00346700    0.59912205   -0.00578680    0.20154611
  308    1    -6.91262     1.05849    -1.82530     -0.00160559    0.32464311   -0.00494570    0.20416931
  309    8    -7.28540     0.74519     1.84111     -0.00169067    0.27853858   -0.00606979    0.21066323
  310    8    -6.64704     1.51880     2.48476     -0.00372020    0.60903908   -0.00610831    0.20989260
  311    8    -5.78045     2.67301     2.53995     -0.00399177    0.60903908   -0.00655421    0.21446884
  312    1    -6.80885     0.67911     2.25460     -0.00338265    0.60081281   -0.00563012    0.20480525
  313    1    -5.89036     1.83861     2.81549     -0.00338870    0.60081281   -0.00564019    0.20245071
  314    1    -5.14288     2.86634     2.60985     -0.00175184    0.32570326   -0.00537863    0.20828868
  315    2    -2.59690    -0.35494    -3.42581     -0.00050737    0.28862023   -0.00175790    0.15677655
  316    3    -2.18756    -0.48246    -3.43381     -0.00050974    0.28862023   -0.00176613    0.15667743
  317    5    -2.18963     0.19996    -3.27959     -0.00083474    0.28862023   -0.00289217    0.16268553
  318    2    -2.85150    -1.56492     3.29913     -0.00052021    0.28862023   -0.00180240    0.15779095
  319    3    -2.44219    -1.69263     3.29220     -0.00048918    0.28862023   -0.00169489    0.15750992
  320    5    -2.44195    -0.99924     3.38545     -0.00090001    0.28862023   -0.00311831    0.16426929
  321    3    -2.59904    -2.49272     3.32338     -0.00004594    0.63867438   -0.00007193    0.14659857
  322    3    -3.15028    -4.22073     2.66265      0.00030275    1.30358398    0.00023224    0.13775817
  323    3    -3.61514    -5.60253     0.81764     -0.00242191    1.30358398   -0.00185788    0.15416288
  324    3    -3.64654    -5.56541    -1.53336     -0.00379624    1.30358398   -0.00291216    0.16336614
  325    3    -3.23051    -4.12585    -3.34558     -0.00066002    1.30358398   -0.00050631    0.14347423
  326    3    -2.55193    -1.92359    -3.81369      0.00023457    1.30358398    0.00017994    0.14113610
  327    2    -3.39771    -2.98893     3.12958      0.00016605    1.30358398    0.00012738    0.14180051
  328    2    -4.01110    -4.88138     1.87582     -0.00068481    1.30358398   -0.00052533    0.14347538
  329    2    -4.27428    -5.59450    -0.34943     -0.00373262    1.30358398   -0.00286335    0.16332720
  330    2    -4.07029    -4.81138    -2.55730     -0.00239986    1.30358398   -0.00184097    0.15459194
  331    2    -3.48980    -2.88003    -3.76662      0.00022216    1.30358398    0.00017042    0.13809110
  332    2    -2.91447    -1.03751    -3.74228     -0.00010004    0.63867438   -0.00015664    0.14629115
  333    5    -2.81088    -0.45713     3.61528     -0.00082214    0.60819858   -0.00135176    0.16244821
  334    2    -3.27543    -1.33956     3.43759     -0.00045902    0.60819858   -0.00075472    0.15576897
  335    5    -2.43065     0.70922    -3.34183     -0.00078768    0.61198991   -0.00128708    0.16140383
  336    2    -3.13341    -0.00359    -3.49793     -0.00044918    0.61198991   -0.00073396    0.15532167
  337    8    -7.43971     0.88789    -1.18372     -0.00411422    0.59297068   -0.00693832    0.21326497
  338    8    -7.73531     0.57154     0.01678     -0.00930385    1.20580464   -0.00771589    0.22167974
  339    8    -7.53717     0.44535     1.27116     -0.00401157    0.59297068   -0.00676521    0.21326336
  340    2    -7.51846    -0.26835    -1.03158     -0.00668991    1.63491203   -0.00409191    0.20019162
  341    2    -7.58799    -0.58409     0.71986     -0.00673961    1.63491203   -0.00412230    0.20009599
  342    9    -7.54398    -2.13735    -2.19390     -0.00075149    0.22707642   -0.00330941    0.17324240
  343    9    -7.00556    -2.90970    -2.70371     -0.00186357    0.50213866   -0.00371127    0.16762056
  344    9    -6.34375    -4.02535    -2.68299     -0.00206119    0.50213866   -0.00410483    0.16403091
  345    9    -5.90003    -4.96829    -1.91028     -0.00185931    0.50213866   -0.00370279    0.16665320
  346    9    -5.84389    -5.37835    -0.68073     -0.00224509    0.50213866   -0.00447105    0.16792571
  347    9    -6.19677    -5.09890     0.53603     -0.00183834    0.50213866   -0.00366103    0.16473890
  348    9    -6.82389    -4.23668     1.27522     -0.00201046    0.50213866   -0.00400379    0.16467208
  349    9    -7.48570    -3.12103     1.25450     -0.00167943    0.50213866   -0.00334456    0.17172056
  350    9    -7.92942    -2.17808     0.48179     -0.00242903    0.50213866   -0.00483736    0.18342531
  351    9    -7.98556    -1.76802    -0.74776     -0.00228269    0.50213866   -0.00454594    0.18725687
  352    9    -7.74939    -1.89805    -1.78392     -0.00089603    0.22707642   -0.00394592    0.17818690
  353    2    -7.11746    -2.12312    -2.57765     -0.00182568    0.49591756   -0.00368142    0.17006549
  354    2    -6.35947    -3.28625    -3.00017     -0.00158137    0.49591756   -0.00318877    0.16063236
  355    2    -5.70934    -4.49685    -2.53358     -0.00179578    0.49591756   -0.00362112    0.16143880
  356    2    -5.41538    -5.29252    -1.35610     -0.00201768    0.49591756   -0.00406857    0.16647638
  357    2    -5.58989    -5.36932     0.08250     -0.00197920    0.49591756   -0.00399099    0.16429995
  358    2    -6.16620    -4.69794     1.23274     -0.00160620    0.49591756   -0.00323885    0.15981312
  359    2    -6.92419    -3.53481     1.65526     -0.00163004    0.49591756   -0.00328692    0.16374089
  360    2    -7.57432    -2.32420     1.18867     -0.00178737    0.49591756   -0.00360417    0.17709728
  361    2    -7.86827    -1.52854     0.01119     -0.00232643    0.49591756   -0.00469117    0.19095305
  362    2    -7.69377    -1.45173    -1.42742     -0.00207518    0.49591756   -0.00418453    0.18580954
  363    3    -1.12636    -0.37618    -3.37219     -0.00033768    0.17953696   -0.00188086    0.15814850
  364    4    -0.87032    -0.02756    -3.27833     -0.00037054    0.17953696   -0.00206385    0.16070340
  365    5    -1.12826     0.31188    -3.24981     -0.00036351    0.17953696   -0.00202469    0.16191267
  366    3    -1.33053    -1.58450     3.34433     -0.00037055    0.17953696   -0.00206392    0.16081798
  367    4    -1.07311    -1.22774     3.39297     -0.00037556    0.17953696   -0.00209183    0.16346845
  368    5    -1.33251    -0.89691     3.46931     -0.00049059    0.17953696   -0.00273251    0.16484646
  369    3     0.24057    -1.26499    -3.38405     -0.00040521    0.17510585   -0.00231410    0.15971394
  370    4     0.48794    -0.90783    -3.30129     -0.00047590    0.17510585   -0.00271777    0.16194302
  371    6     0.96261    -0.91888    -3.28635     -0.00050741    0.17510585   -0.00289776    0.16315246
  372    3    -0.13624    -2.27387     3.23200     -0.00055198    0.29519347   -0.00186989    0.16111121
  373    4     0.11176    -1.91282     3.30123     -0.00070470    0.29519347   -0.00238724    0.16448566
  374   13     0.83134    -2.00121     3.44286     -0.00096978    0.29519347   -0.00328523    0.16659222
  375    4    -0.66728    -1.59307     3.38337     -0.00061362    0.46096282   -0.00133118    0.16163000
  376    3    -0.88246    -2.21547     3.34547     -0.00052165    0.48281095   -0.00108045    0.15638975
  377    4    -0.13385    -0.61283    -3.36130     -0.00078285    0.65417081   -0.00119671    0.15885596
  378    3    -0.69401    -0.96247    -3.53745     -0.00061543    0.68514595   -0.00089825    0.15437966
  379    5    -1.93615    -0.77367     3.58932     -0.00098778    0.66237807   -0.00149126    0.16289800
  380    3    -1.77341    -1.75531     3.41973     -0.00060794    0.66237807   -0.00091781    0.15653261
  381    5    -1.54426     0.47592    -3.35372     -0.00082790    0.61961043   -0.00133616    0.16088206
  382    3    -1.69109    -0.50473    -3.53378     -0.00048585    0.61961043   -0.00078412    0.15451285
  383    3     1.05653    -4.82332     1.23081     -0.00076723    0.20802287   -0.00368822    0.17116379
  384    6     1.74409    -4.40711     1.28190     -0.00086697    0.20802287   -0.00416768    0.16804201
  385   10     1.02556    -5.02782     1.02552     -0.00109176    0.20802287   -0.00524826    0.17314872
  386    3     0.85559    -1.99375    -3.32876     -0.00082808    0.23892186   -0.00346592    0.16269232
  387    6     1.58330    -1.64778    -3.31145     -0.00072630    0.23892186   -0.00303992    0.16634499
  388   12     1.77321    -1.87723    -3.33014     -0.00076015    0.23892186   -0.00318160    0.16714689
  389    3     1.31609    -4.22640     1.85228     -0.00076697    0.18275340   -0.00419672    0.16629045
  390    6     2.06213    -3.96080     1.99622     -0.00047932    0.18275340   -0.00262275    0.16461244
  391   13     2.18602    -3.84637     2.24168     -0.00064296    0.18275340   -0.00351821    0.16436425
  392    6     2.07511    -4.19988     1.77122     -0.00064670    0.45041155   -0.00143580    0.16241894
  393    3     1.07461    -4.73222     1.55463     -0.00074090    0.45041155   -0.00164493    0.16541370
  394    6     1.36271    -1.29493    -3.42259     -0.00095247    0.65474125   -0.00145473    0.16198244
  395    3     0.27343    -1.66464    -3.55698     -0.00059955    0.65474125   -0.00091571    0.15594549
  396    3     0.91245    -4.29881    -2.64596     -0.00103151    0.26850075   -0.00384175    0.16979049
  397   10     0.90416    -4.55591    -2.50649     -0.00091048    0.26850075   -0.00339096    0.17137480
  398   12     1.76779    -3.95888    -2.56578     -0.00115647    0.26850075   -0.00430712    0.16930765
  399   10     0.55125    -5.52003     1.10043     -0.00121696    0.23942869   -0.00508277    0.17031807
  400   10    -0.46281    -5.98586     1.24171     -0.00190008    0.53538780   -0.00354898    0.16515359
  401   10    -1.63453    -6.40795     0.69592     -0.00218118    0.53538780   -0.00407402    0.16360123
  402   10    -2.29262    -6.50087    -0.49036     -0.00211431    0.53538780   -0.00394911    0.16711697
  403   10    -2.15860    -6.22531    -1.81516     -0.00234242    0.53538780   -0.00437518    0.16661240
  404   10    -1.28919    -5.69787    -2.71788     -0.00200854    0.53538780   -0.00375157    0.16367279
  405   10    -0.05228    -5.14174    -2.81655     -0.00214096    0.53538780   -0.00399889    0.16773191
  406    3     0.10596    -5.42167     1.47255     -0.00190314    0.51736662   -0.00367851    0.16631221
  407    3    -1.29010    -6.00978     1.34239     -0.00168683    0.51736662   -0.00326042    0.15893800
  408    3    -2.37194    -6.31427     0.31834     -0.00190684    0.51736662   -0.00368567    0.16254853
  409    3    -2.68178    -6.20629    -1.16629     -0.00225825    0.51736662   -0.00436490    0.16649849
  410    3    -2.08853    -5.73153    -2.48327     -0.00177965    0.51736662   -0.00343982    0.16151380
  411    3    -0.84320    -5.09089    -3.07533     -0.00173553    0.51736662   -0.00335454    0.16027129
  412    3     0.29026    -4.62176    -2.91860     -0.00107632    0.29021659   -0.00370866    0.16532189
  413   12     2.19555    -3.47961    -3.00407     -0.00270173    0.92678445   -0.00291516    0.16682249
  414   12     1.96547    -2.37401    -3.39435     -0.00244420    0.92678445   -0.00263729    0.16543356
  415    3     0.76388    -3.21920    -3.25131     -0.00479603    2.57881730   -0.00185978    0.16169387
  416   13     1.29693    -2.38838     3.64634     -0.00203608    0.86992965   -0.00234052    0.16371290
  417   13     1.88775    -3.40496     3.00707     -0.00488165    1.75169811   -0.00278681    0.16477455
  418    3     0.14027    -3.31790     3.07629     -0.00311681    2.46836224   -0.00126270    0.15653127
  419    3     0.84476    -4.39504     2.24288     -0.00148688    1.25094400   -0.00118861    0.15895756
  420    4     0.15317    -0.41667     3.53635     -0.00040938    0.16355889   -0.00250294    0.16836966
  421    5    -0.09717    -0.07726     3.60184     -0.00039760    0.16355889   -0.00243093    0.16823474
  422    6     0.62700    -0.42117     3.56795     -0.00055313    0.16355889   -0.00338185    0.16951413
  423    4     0.30978     0.93974    -3.07858     -0.00088738    0.47224670   -0.00187906    0.16326560
  424    5     0.06055     1.29254    -3.06487     -0.00086815    0.47224670   -0.00183835    0.16336411
  425   14     1.09027     1.59091    -3.23030     -0.00100376    0.47224670   -0.00212550    0.16002759
  426    5    -0.96342    -0.33989     3.66990     -0.00086843    0.58428934   -0.00148630    0.16504270
  427    4    -0.42108    -0.67784     3.53765     -0.00083549    0.55795313   -0.00149743    0.16573586
  428    5    -0.69348     0.94635    -3.22818     -0.00059548    0.45769442   -0.00130103    0.16160771
  429    4    -0.47417     0.34784    -3.24665     -0.00062394    0.43705230   -0.00142760    0.16098609
  430    4     0.60922    -0.73748     3.56065     -0.00026112    0.07701245   -0.00339058    0.16847932
  431    6     1.06826    -0.74496     3.67999     -0.00031357    0.07701245   -0.00407167    0.16927153
  432   13     1.29162    -0.91053     3.78455     -0.00029337    0.07701245   -0.00380939    0.16881095
  433    4     0.98678     0.39042    -3.17805     -0.00077880    0.32902909   -0.00236696    0.16269791
  434    6     1.45704     0.39704    -3.25602     -0.00083045    0.32902909   -0.00252393    0.16180472
  435   14     1.73064     1.06550    -3.39557     -0.00080413    0.32902909   -0.00244394    0.15866650
  436    6     0.94353    -0.62082     3.68170     -0.00011961    0.04321778   -0.00276771    0.16820058
  437    4     0.27132    -0.62459     3.56689     -0.00006856    0.04124026   -0.00166239    0.16693855
  438    6     1.29567    -0.41163    -3.34548     -0.00089157    0.48448237   -0.00184026    0.16182929
  439    4     0.61754    -0.24083    -3.28521     -0.00077925    0.46233073   -0.00168548    0.16149563
  440   13     1.33223    -1.35596     3.84846     -0.00183795    0.74850128   -0.00245550    0.16706252
  441    4     0.28102    -1.34474     3.53170     -0.00130363    0.96439897   -0.00135176    0.16469996
  442   14     1.70565     1.52227    -3.65824     -0.00060274    0.47197024   -0.00127707    0.15476051
  443    4     0.54773     0.62736    -3.32559     -0.00021063    0.62539051   -0.00033680    0.15901762
  444    5     0.97749     1.83366     3.32058     -0.00215765    0.62752837   -0.00343833    0.17554543
  445    6     1.71083     1.49597     3.33925     -0.00169409    0.62752837   -0.00269962    0.17072414
  446   16     1.92595     2.20570     3.28265     -0.00182009    0.62752837   -0.00290041    0.16944833
  447    6     1.29341     0.54661     3.61850     -0.00343142    1.71451619   -0.00200139    0.16969508
  448    5     0.10876     0.71462     3.69479     -0.00311161    1.71451619   -0.00181486    0.16970120
  449    8    -5.19249     3.53210     2.02001     -0.00431724    0.63279875   -0.00682246    0.21977883
  450    8    -5.11450     4.07877     0.74714     -0.01038830    1.29369351   -0.00802996    0.23076814
  451    8    -5.09132     4.00545    -0.63822     -0.00426177    0.63279875   -0.00673479    0.21952358
  452    5    -4.15894     3.98961     1.74635     -0.00801567    1.73786940   -0.00461236    0.21336693
  453    5    -4.08683     4.32699    -0.14827     -0.00803949    1.73786940   -0.00462606    0.21313354
  454    5    -0.06991     4.34532    -1.50947     -0.00123217    0.33801446   -0.00364531    0.17911025
  455   11    -0.03114     4.51618    -1.27432     -0.00143537    0.33801446   -0.00424648    0.18216851
  456   14     0.96387     4.28391    -1.82299     -0.00071866    0.33801446   -0.00212613    0.16195373
  457    5     0.15711     3.56036     3.03573     -0.00149227    0.29578354   -0.00504514    0.18771089
  458   11     0.17953     3.82343     2.90953     -0.00152387    0.29578354   -0.00515197    0.18941613
  459   16     1.14275     3.77611     2.93190     -0.00121588    0.29578354   -0.00411070    0.17662404
  460   11    -0.72617     4.85274    -1.12557     -0.00149217    0.23168181   -0.00644058    0.18823366
  461   11    -1.72717     5.09349    -0.75685     -0.00210675    0.51498031   -0.00409094    0.19467650
  462   11    -2.58789     5.16804     0.24609     -0.00296253    0.51498031   -0.00575270    0.20348755
  463   11    -2.71962     4.95798     1.54641     -0.00274878    0.51498031   -0.00533765    0.20476314
  464   11    -2.06966     4.54733     2.62401     -0.00259456    0.51498031   -0.00503818    0.19729879
  465   11    -0.89799     4.10034     3.04789     -0.00243156    0.51498031   -0.00472165    0.19282638
  466    5    -1.25854     4.71354    -1.30661     -0.00244890    0.50341943   -0.00486453    0.18830439
  467    5    -2.50002     4.95161    -0.53599     -0.00240538    0.50341943   -0.00477809    0.19825039
  468    5    -3.08502     4.87173     0.82166     -0.00290664    0.50341943   -0.00577380    0.20836777
  469    5    -2.77955     4.50586     2.22332     -0.00267845    0.50341943   -0.00532051    0.20156097
  470    5    -1.70580     4.00033     3.10836     -0.00226680    0.50341943   -0.00450281    0.19084933
  471    5    -0.57717     3.61775     3.26816     -0.00117006    0.28082644   -0.00416648    0.18635650
  472   14     1.37767     2.19819    -3.60375     -0.00111088    0.81152406   -0.00136888    0.15496384
  473   14     1.24872     3.34715    -3.25856     -0.00293252    1.62904886   -0.00180014    0.15573160
  474   14     1.36169     4.29219    -2.51692     -0.00100790    0.81152406   -0.00124199    0.15350857
  475    5    -0.21409     2.32573    -3.16142     -0.00230512    2.33063310   -0.00098905    0.15984921
  476    5    -0.22563     3.83794    -2.37655     -0.00305843    2.33063310   -0.00131227    0.16571929
  477   16     1.80409     3.35701     3.29084     -0.00342384    1.38596365   -0.00247037    0.16876465
  478    5     0.46810     2.64867     3.45760     -0.00404296    1.98730893   -0.00203439    0.17498042
  479    6     5.78530    -1.37197    -1.70670     -0.00024596    0.08539635   -0.00288025    0.14732520
  480    7     5.95446    -0.93189    -1.75463     -0.00022261    0.08539635   -0.00260677    0.14306576
  481   12     5.65346    -1.58729    -1.86168     -0.00031448    0.08539635   -0.00368259    0.14913802
  482    6     3.47575    -0.53787    -3.45828     -0.00022340    0.08539635   -0.00261603    0.15292384
  483    7     3.67554    -0.10885    -3.48297     -0.00019897    0.08539635   -0.00232998    0.14840382
  484   12     3.54514    -0.82586    -3.46065     -0.00023968    0.08539635   -0.00280672    0.15485105
  485    6     3.27053     0.69749     3.71005     -0.00023280    0.08437368   -0.00275912    0.15694620
  486    7     3.47269     1.11185     3.60048     -0.00013074    0.08437368   -0.00154950    0.15245745
  487   13     3.33384     0.42621     3.81340     -0.00031384    0.08437368   -0.00371965    0.15772162
  488    6     5.64348    -0.63738     2.49945     -0.00023511    0.08437368   -0.00278652    0.14677240
  489    7     5.81398    -0.20521     2.40604     -0.00022764    0.08437368   -0.00269794    0.14301301
  490   13     5.49979    -0.79222     2.70841     -0.00022482    0.08437368   -0.00266459    0.14866252
  491    6     2.97418     0.19123    -3.55225     -0.00015630    0.07953079   -0.00196523    0.15138619
  492    7     3.17594     0.60558    -3.66241     -0.00015204    0.07953079   -0.00191172    0.14879554
  493   14     3.12419     0.87851    -3.76613     -0.00015411    0.07953079   -0.00193775    0.14862029
  494    6     6.08350    -0.44790     1.95915     -0.00019933    0.09754002   -0.00204358    0.14233542
  495    7     6.31749    -0.03788     1.91646     -0.00020856    0.09754002   -0.00213823    0.14015971
  496   15     6.54901     0.05534     1.75640     -0.00018635    0.09754002   -0.00191051    0.13909887
  497    6     6.14480    -1.00183    -1.34423     -0.00022042    0.09754002   -0.00225980    0.14277620
  498    7     6.37958    -0.59890    -1.42917     -0.00013662    0.09754002   -0.00140068    0.13915666
  499   15     6.60574    -0.45718    -1.30001     -0.00023302    0.09754002   -0.00238900    0.13915783
  500    6     2.84317     1.38243     3.54103     -0.00019680    0.07682573   -0.00256161    0.15858458
  501    7     3.04320     1.81132     3.51759     -0.00013747    0.07682573   -0.00178936    0.15556523
  502   16     2.99603     2.10394     3.52547     -0.00019789    0.07682573   -0.00257585    0.15631015
  503    7     3.24971     1.58334     3.58586     -0.00034184    0.30103724   -0.00113554    0.15312067
  504    6     3.05402     0.93279     3.69173     -0.00040328    0.30103724   -0.00133962    0.15667767
  505    7     6.12514    -0.01962     2.21075     -0.00021033    0.22354965   -0.00094086    0.13927196
  506    6     5.87272    -0.65427     2.24470     -0.00024788    0.22354965   -0.00110884    0.14370892
  507    7     6.25905    -0.69041    -1.60848     -0.00006852    0.15489315   -0.00044238    0.13857871
  508    6     5.94246    -1.29200    -1.56094     -0.00018019    0.15489315   -0.00116334    0.14481214
  509    7     3.52365     0.30610    -3.62881     -0.00024889    0.34394392   -0.00072363    0.14602714
  510    6     3.12220    -0.24874    -3.54412     -0.00051947    0.34394392   -0.00151033    0.15230760
  511    6     2.74027    -4.44933    -0.26658     -0.00097423    0.30931679   -0.00314961    0.16726923
  512   10     1.89506    -4.92060    -0.43922     -0.00141910    0.30931679   -0.00458784    0.17316008
  513   12     2.82690    -4.44686    -0.55358     -0.00092800    0.30931679   -0.00300015    0.16793618
  514   10     1.35346    -5.34120     0.16511     -0.00553948    1.42062492   -0.00389932    0.17587307
  515    6     2.40775    -4.51324     0.79030     -0.00311636    2.02802781   -0.00153665    0.16287630
  516   12     5.61887    -2.10195    -1.75530     -0.00070763    0.24182957   -0.00292614    0.15095291
  517   12     5.42381    -2.94187    -1.05046     -0.00168071    0.53711420   -0.00312914    0.15302778
  518   12     4.57539    -3.85978    -0.54707     -0.00151912    0.53711420   -0.00282830    0.15548997
  519   12     3.56375    -4.32537    -0.53593     -0.00075134    0.24182957   -0.00310690    0.16123817
  520    6     5.71513    -2.17231    -1.17564     -0.00155322    0.52634502   -0.00295095    0.15127143
  521    6     5.16195    -3.30377    -0.34817     -0.00132225    0.52634502   -0.00251214    0.15135171
  522    6     3.91673    -4.11798    -0.10859     -0.00129111    0.52634502   -0.00245298    0.15728844
  523   12     2.41061    -1.66465    -3.51273     -0.00084244    0.25599232   -0.00329087    0.16383503
  524   12     3.22405    -1.24957    -3.55982     -0.00061117    0.25599232   -0.00238745    0.15800543
  525    6     2.64061    -1.10313    -3.46878     -0.00168351    0.55062334   -0.00305747    0.16239988
  526   13     3.01790     0.06776     4.02980     -0.00071513    0.24074909   -0.00297043    0.16016207
  527   13     2.07081    -0.50320     4.04085     -0.00155086    0.53355429   -0.00290666    0.16662562
  528    6     2.46725     0.20297     3.86441     -0.00149028    0.52512773   -0.00283794    0.16473474
  529    6     1.47511    -0.49926     3.83146     -0.00080707    0.29181708   -0.00276566    0.16799469
  530   13     2.84690    -3.84965     2.40023     -0.00069813    0.24075778   -0.00289974    0.15999079
  531   13     3.91893    -3.69194     2.17874     -0.00137340    0.53357754   -0.00257395    0.15510544
  532   13     5.00414    -2.90922     2.22103     -0.00155236    0.53357754   -0.00290934    0.15150072
  533   13     5.44291    -1.70793     2.61661     -0.00164776    0.53357754   -0.00308814    0.15160904
  534    6     3.16921    -3.92228     1.91064     -0.00125243    0.52514298   -0.00238492    0.15888000
  535    6     4.57347    -3.43105     1.74226     -0.00117729    0.52514298   -0.00224184    0.15087129
  536    6     5.47185    -2.26148     2.00038     -0.00139702    0.52514298   -0.00266026    0.14958246
  537    6     5.64612    -1.13874     2.43366     -0.00062191    0.29182761   -0.00213110    0.14820508
  538   14     2.68053     1.16788    -3.80968     -0.00173832    0.84951875   -0.00204624    0.15184959
  539    6     2.15462     0.22842    -3.50792     -0.00149846    1.19718801   -0.00125165    0.15618269
  540   15     6.80784    -0.06304     1.45044     -0.00104539    0.57484660   -0.00181855    0.13866795
  541   15     6.97722    -0.47005     0.28075     -0.00299406    1.16826971   -0.00256282    0.14161633
  542   15     6.85263    -0.46776    -0.96304     -0.00097779    0.57484660   -0.00170096    0.13851014
  543    6     6.26816    -1.06757     1.25337     -0.00224394    1.58646227   -0.00141443    0.14302711
  544    6     6.30012    -1.35636    -0.46878     -0.00225492    1.58646227   -0.00142135    0.14342267
  545   16     2.60376     2.36878     3.51143     -0.00095274    0.47326092   -0.00201313    0.16053247
  546    6     2.44993     1.27830     3.62171     -0.00062875    0.66774392   -0.00094161    0.16049249
  547    7     1.50303     4.66588    -1.45421     -0.00023028    0.24653975   -0.00093403    0.15580598
  548   11     0.61466     4.64204    -1.08216     -0.00106410    0.24653975   -0.00431615    0.17349796
  549   14     1.57301     4.58799    -1.73331     -0.00042577    0.24653975   -0.00172700    0.15484800
  550    7     1.89320     5.22050     0.27089     -0.00047911    0.29872789   -0.00160384    0.15842481
  551   11     0.94901     5.17960     0.46773     -0.00134312    0.29872789   -0.00449612    0.17753654
  552   16     1.90568     5.25581     0.56864     -0.00066715    0.29872789   -0.00223332    0.16071238
  553   11     0.29724     5.21098    -0.11933     -0.00611308    1.38032158   -0.00442873    0.18682582
  554    7     1.58924     5.07446    -0.76904     -0.00113823    1.96608294   -0.00057894    0.15473223
  555   12     3.92556    -1.07798    -3.42441     -0.00172115    0.68384729   -0.00251686    0.15417808
  556   12     5.07116    -1.46740    -2.64701     -0.00452477    1.39864644   -0.00323511    0.15423273
  557    7     4.71356    -0.19417    -3.20235     -0.00189960    1.87491383   -0.00101316    0.14170750
  558    7     5.91983    -0.65230    -2.20294     -0.00064506    0.96465849   -0.00066869    0.13815321
  559   13     5.27165    -0.70005     3.08860     -0.00167206    0.67663391   -0.00247114    0.14977438
  560   13     4.18297    -0.03830     3.71715     -0.00424501    1.38266029   -0.00307018    0.15662936
  561    7     5.30952     0.50215     3.02261     -0.00193018    1.85635973   -0.00103976    0.14104101
  562    7     3.98845     1.19969     3.62893     -0.00059143    0.95440055   -0.00061968    0.14598890
  563   14     2.18305     4.86509    -2.09908     -0.00041527    0.25208258   -0.00164737    0.14648571
  564   14     3.30020     5.11446    -2.26439     -0.00099488    0.56474082   -0.00176166    0.13636763
  565   14     4.54721     4.70863    -2.74492     -0.00105087    0.56474082   -0.00186079    0.12848961
  566   14     5.17561     3.62722    -3.36645     -0.00093320    0.56474082   -0.00165244    0.12621227
  567   14     4.90870     2.34642    -3.85529     -0.00101145    0.56474082   -0.00179100    0.13067942
  568   14     3.86401     1.43024    -3.99618     -0.00112601    0.56474082   -0.00199385    0.14160042
  569    7     2.62174     5.07974    -1.74411     -0.00072739    0.54429107   -0.00133641    0.14127544
  570    7     4.14079     5.10499    -2.10466     -0.00074767    0.54429107   -0.00137365    0.12829410
  571    7     5.25210     4.22369    -2.75770     -0.00067799    0.54429107   -0.00124564    0.12283913
  572    7     5.46631     2.82393    -3.41567     -0.00061273    0.54429107   -0.00112574    0.12399774
  573    7     4.68910     1.52207    -3.78884     -0.00076107    0.54429107   -0.00139829    0.13335529
  574    7     3.59513     0.87430    -3.80156     -0.00032884    0.30555465   -0.00107620    0.14407606
  575   15     6.90191    -0.07847    -1.50986     -0.00047671    0.23492173   -0.00202922    0.13525247
  576   15     7.03835     0.84682    -2.05674     -0.00090488    0.51860672   -0.00174482    0.12919254
  577   15     7.20065     2.14932    -2.07065     -0.00087323    0.51860672   -0.00168380    0.12301021
  578   15     7.30276     3.21318    -1.30855     -0.00086611    0.51860672   -0.00167006    0.12111017
  579   15     7.30539     3.62919    -0.06358     -0.00103658    0.51860672   -0.00199879    0.12144812
  580   15     7.20754     3.23732     1.18538     -0.00087192    0.51860672   -0.00168128    0.12263853
  581   15     7.04684     2.18832     1.95791     -0.00092396    0.51860672   -0.00178162    0.12675004
  582   15     6.88511     0.88568     1.95685     -0.00101917    0.51860672   -0.00196521    0.13416515
  583    7     6.61552     0.15520    -1.96183     -0.00079261    0.51427192   -0.00154123    0.13344957
  584    7     6.80516     1.53331    -2.43156     -0.00059035    0.51427192   -0.00114793    0.12356971
  585    7     6.96070     2.92538    -1.99141     -0.00058399    0.51427192   -0.00113556    0.11907548
  586    7     7.02231     3.79596    -0.81070     -0.00074873    0.51427192   -0.00145590    0.11870563
  587    7     6.96630     3.81016     0.65643     -0.00066897    0.51427192   -0.00130081    0.11945209
  588    7     6.81420     2.96253     1.84562     -0.00057398    0.51427192   -0.00111609    0.12212246
  589    7     6.62452     1.57911     2.29945     -0.00071539    0.51427192   -0.00139107    0.12913247
  590    7     6.48929     0.41774     2.07118     -0.00035999    0.28475361   -0.00126421    0.13626068
  591   16     3.31634     2.50041     3.62854     -0.00037695    0.23947634   -0.00157407    0.15144383
  592   16     4.29574     2.98923     3.49849     -0.00100986    0.53054306   -0.00190344    0.14129304
  593   16     5.05418     3.90856     2.89825     -0.00083643    0.53054306   -0.00157656    0.13170491
  594   16     5.03117     4.88489     1.98889     -0.00090397    0.53054306   -0.00170386    0.12951391
  595   16     4.23589     5.52924     1.13271     -0.00099777    0.53054306   -0.00188066    0.13386675
  596   16     2.98519     5.58488     0.67083     -0.00108415    0.53054306   -0.00204348    0.14517220
  597    7     3.85877     2.28887     3.53873     -0.00093074    0.52249314   -0.00178134    0.14682691
  598    7     5.03516     3.12300     3.15436     -0.00057353    0.52249314   -0.00109768    0.13184324
  599    7     5.46857     4.24017     2.26471     -0.00057333    0.52249314   -0.00109729    0.12540228
  600    7     4.98633     5.19528     1.22423     -0.00064891    0.52249314   -0.00124195    0.12644360
  601    7     3.78058     5.60780     0.44745     -0.00070037    0.52249314   -0.00134045    0.13409376
  602    7     2.60550     5.48051     0.17936     -0.00033960    0.29027435   -0.00116991    0.14538186
  603   12     2.90531    -4.63766    -0.99381     -0.00154416    0.96060838   -0.00160748    0.16312622
  604   12     2.55762    -4.33918    -2.13974     -0.00462160    1.92058504   -0.00240635    0.16652048
  605   10     1.52028    -5.34554    -1.26802     -0.00567500    1.92058504   -0.00295483    0.17259654
  606   10     1.12018    -4.95277    -2.36746     -0.00206624    0.96060838   -0.00215097    0.16766863
  607   14     1.44698     4.65577    -2.08285      0.00017171    0.38478348    0.00044626    0.15086654
  608   11     0.06797     4.87710    -1.16368     -0.00063953    0.38478348   -0.00166204    0.17597806
  609   16     1.84703     5.44446     0.99975     -0.00102399    0.86694308   -0.00118115    0.15935325
  610   16     1.70814     5.09365     2.14207     -0.00387870    1.73418563   -0.00223661    0.16605754
  611   16     1.59590     4.27382     3.01532     -0.00149844    0.86694308   -0.00172842    0.16676078
  612   11     0.42400     5.35729     1.28512     -0.00663475    1.73418563   -0.00382586    0.18581577
  613   11     0.26742     4.62739     2.54185     -0.00656610    1.73418563   -0.00378627    0.18711060
