COSMO Results from DMol3

Note: COSMO for ideal conductor limit (fepsi= 1.0000)
  Basic Grid Size                  =   1082
  Number of Segments on an Atom    =     92
  Number of Segments on Hydrogen   =     32
  Solvent Radius    [au]           =   2.46
  A - Matrix Cutoff [au]           =  13.23
  factor for Outlying Charge corr  =   0.85
  maximum segment or cutoff radius =   1.49
  total number of segments         =    644
  number of charge corr segments   =    279




$coordinates xyz [au]                         and cosmo atom analysis:   radius   charge    area  charge density  (srad)
N            -4.75792888940930    0.38706917977726   -0.25961031449174   3.4582  -0.0482    24.80    -0.00194    5.9148
C            -2.58411744869938    1.49664768205694   -0.97628119384926   3.7795  -0.1147    56.31    -0.00204    6.2361
N            -0.71932213087350    0.56653470675343    0.47632932170546   3.4582  -0.0048     3.64    -0.00133    5.9148
C            -1.74812252304640   -1.18399041809006    2.14431984167817   3.7795  -0.0449    48.02    -0.00093    6.2361
C            -4.28974963122571   -1.29322399962055    1.68633533279576   3.7795  -0.0739    61.37    -0.00120    6.2361
C             1.99079808165777    1.20109019808374    0.22837107950975   3.7795  -0.0327    23.55    -0.00139    6.2361
C             3.45096755462480   -0.75752749528424   -1.36538957719917   3.7795  -0.0335    36.73    -0.00091    6.2361
O             5.93145312016080    0.16914294704010   -1.82614522960415   3.2503   0.1586    56.83     0.00279    5.7070
H            -6.49035026034109    0.76723136343568   -1.03566671793956   2.4566  -0.1769    30.55    -0.00579    4.9133
H            -2.37312770325814    2.90662511073724   -2.44851566294557   2.4566  -0.1058    25.91    -0.00408    4.9133
H            -0.59469841947009   -2.17387651542991    3.51918624399377   2.4566  -0.0857    25.70    -0.00333    4.9133
H            -5.77541997748167   -2.39616887345147    2.56846313133474   2.4566  -0.0771    22.99    -0.00335    4.9133
H             2.77489694406479    1.35695149051414    2.14298801750733   2.4566  -0.0655    26.33    -0.00249    4.9133
H             2.12749792912596    3.06507562842533   -0.66922161591628   2.4566  -0.0628    23.87    -0.00263    4.9133
H             2.51849421501514   -0.97919967164774   -3.21260229734301   2.4566  -0.0451    23.79    -0.00189    4.9133
H             3.45275629378568   -2.61955388434657   -0.43406250199323   2.4566  -0.0491    24.58    -0.00200    4.9133
H             7.08597284537040   -0.51282744895337   -0.53849785724304   2.4566  -0.1376    33.15    -0.00415    4.9133
$end


$cosmo_energy               [Hartree atomic units]       [eV]     [kcal/mol]
  Total energy                 =       -380.631424
  Total energy + OC corr.      =       -380.628166
  Dielectric energy            =         -0.100966      -2.747      -63.36
  Diel. energy + OC corr.      =         -0.097709      -2.659      -61.31

  Surface area of cavity [au]  =           548.135
  Total Volume of cavity [au]  =           979.649


$screening_charge
  cosmo           =   -1.02329
  corrected total =   -0.99962


$segment information
    n  atom        position (X, Y, Z) [au]            charge       area [au]   charge/area    potential [au]

    1    1    -6.91488     2.06374     1.86064     -0.00066657    0.55557476   -0.00119978    0.17751973
    2    1    -6.15461     3.52405    -0.66924     -0.00043423    0.13889369   -0.00312634    0.20275382
    3    1    -5.92704    -1.49097    -2.91765     -0.00130097    0.97225583   -0.00133809    0.18233729
    4    1    -6.20840     3.51926    -0.04815     -0.00039115    0.41668107   -0.00093874    0.19205024
    5    1    -7.50066     1.74479     1.35071     -0.00073960    0.69446845   -0.00106498    0.19452471
    6    1    -6.94365     2.60517     1.24430     -0.00166619    0.97225583   -0.00171374    0.18301887
    7    1    -6.39919     3.30576     0.60449     -0.00089847    1.25004321   -0.00071875    0.18349523
    8    1    -5.56046     0.20831    -3.61864     -0.00071960    0.55557476   -0.00129523    0.20220434
    9    1    -5.48170    -0.79308    -3.42860     -0.00155224    1.11114952   -0.00139696    0.18517264
   10    1    -6.43331    -2.00821    -2.10751     -0.00085470    0.97225583   -0.00087909    0.18525829
   11    1    -7.09521    -1.88265    -1.41914     -0.00087865    0.27778738   -0.00316302    0.20059031
   12    1    -6.09238     2.59927     2.03921      0.00090493    0.69446845    0.00130306    0.16644002
   13    1    -5.23607     2.89159     2.07662      0.00007487    0.55557476    0.00013476    0.16414596
   14    1    -4.76394    -1.55250    -3.12268      0.00078791    0.97225583    0.00081039    0.17004045
   15    1    -5.42780    -2.17677    -2.48156     -0.00014561    0.97225583   -0.00014976    0.16996613
   16    1    -4.37209    -2.14197    -2.58645      0.00018995    0.69446845    0.00027351    0.16467079
   17    1    -5.98806     3.13617     1.43992     -0.00015566    0.97225583   -0.00016010    0.17007596
   18    2    -2.45702    -1.83099    -2.76368     -0.00051697    0.33179537   -0.00155809    0.16797870
   19    2    -4.04940     0.54757    -4.32834     -0.00135638    1.16128380   -0.00116800    0.18195427
   20    2    -4.98316     4.17279    -2.14554     -0.00247460    0.99538612   -0.00248607    0.19859807
   21    2    -2.82604     5.09535     0.15297     -0.00152195    1.32718149   -0.00114675    0.16838118
   22    2    -2.59168     5.27431    -0.85969     -0.00188686    1.16128380   -0.00162480    0.17810203
   23    2    -5.10115     3.61101    -2.84130     -0.00125772    0.49769306   -0.00252710    0.20776299
   24    2    -3.92132     1.60567    -4.50957     -0.00310044    1.32718149   -0.00233611    0.18994707
   25    2    -1.70830     0.90586    -4.60506     -0.00255057    1.32718149   -0.00192180    0.17597824
   26    2    -2.92548     0.29737    -4.54410     -0.00135731    1.32718149   -0.00102270    0.17280050
   27    2    -4.74998     1.65149    -4.06970     -0.00203449    0.82948843   -0.00245271    0.19992440
   28    2    -5.05381     3.16870    -3.29772     -0.00171376    0.33179537   -0.00516511    0.21013573
   29    2    -4.88878     4.48655    -1.15894     -0.00250444    1.49307918   -0.00167737    0.18647633
   30    2    -3.69964     5.07596    -0.49823     -0.00140934    1.16128380   -0.00121360    0.17359799
   31    2    -1.64487     5.02352     0.00524     -0.00121510    0.82948843   -0.00146488    0.17257170
   32    2    -2.02201    -1.71654    -2.88508     -0.00092554    0.49769306   -0.00185966    0.16776203
   33    2    -2.72990    -1.32573    -3.48567     -0.00095710    1.16128380   -0.00082418    0.16657371
   34    2    -3.50446    -0.61482    -3.97274     -0.00059116    1.16128380   -0.00050905    0.17077963
   35    2    -4.08139     3.88784     1.53863     -0.00045297    0.99538612   -0.00045507    0.16513181
   36    2    -3.62849     4.62782     0.86476     -0.00144833    1.65897686   -0.00087302    0.16527648
   37    2    -2.18373     4.72081     0.95475     -0.00147017    1.32718149   -0.00110773    0.16559673
   38    2    -1.94882     4.24067     1.54387     -0.00068046    0.82948843   -0.00082034    0.16473428
   39    2    -3.99168     4.97221    -1.44918     -0.00202260    0.99538612   -0.00203197    0.18491960
   40    2    -4.74602     2.57313    -3.88343     -0.00134550    0.49769306   -0.00270347    0.20550372
   41    2    -2.75073     1.26638    -4.74501     -0.00176586    0.99538612   -0.00177405    0.18118036
   42    2    -1.53315     5.12599    -0.88859     -0.00156641    0.66359074   -0.00236050    0.18190251
   43    2    -3.01593     3.81112     1.98027     -0.00239303    1.99077223   -0.00120206    0.16378878
   44    2    -2.27466    -0.53177    -4.15021     -0.00183741    1.49307918   -0.00123062    0.16763578
   45    2    -4.59699     4.54212     0.00243     -0.00125515    1.32718149   -0.00094572    0.17372559
   46    3    -1.37630     2.97764     2.86675     -0.00005141    0.13889369   -0.00037012    0.16162326
   47    3    -0.93727     3.45945     2.35854     -0.00013022    0.13889369   -0.00093756    0.16425143
   48    3    -0.89896     3.08218     2.84243      0.00010229    0.55557476    0.00018412    0.16182152
   49    4    -0.65987     1.07826     4.96956     -0.00022409    0.66359074   -0.00033770    0.15301613
   50    4    -2.78963    -1.22796     5.77716     -0.00004552    1.16128380   -0.00003919    0.14778279
   51    4    -2.15673    -4.63448     3.63145     -0.00132957    0.99538612   -0.00133573    0.15979130
   52    4    -0.51144    -4.67396     1.38596     -0.00040331    0.99538612   -0.00040518    0.15005869
   53    4    -0.29477    -4.66702     2.34592     -0.00048857    0.66359074   -0.00073625    0.15881913
   54    4    -2.44124    -4.10255     4.44343     -0.00062316    0.66359074   -0.00093907    0.16525661
   55    4    -1.90437    -1.43767     5.91200     -0.00102166    0.99538612   -0.00102640    0.15437947
   56    4    -0.08552     0.10451     5.28432     -0.00096387    0.82948843   -0.00116201    0.16088967
   57    4    -0.85751     0.56883     5.37209     -0.00021864    0.82948843   -0.00026358    0.15056798
   58    4    -1.94144    -0.23368     5.79722     -0.00005679    1.16128380   -0.00004891    0.14489876
   59    4    -2.62680    -2.30719     5.64441     -0.00058387    0.82948843   -0.00070389    0.15758310
   60    4    -2.78867    -3.44534     4.98824     -0.00078459    0.33179537   -0.00236469    0.16495191
   61    4    -2.01924    -4.89564     2.80354     -0.00047231    0.99538612   -0.00047450    0.15244251
   62    4    -1.13651    -4.91231     2.04444     -0.00013784    0.82948843   -0.00016618    0.14914895
   63    4    -1.07185     1.71468     4.47337     -0.00064349    1.16128380   -0.00055412    0.15260424
   64    4    -2.24578     1.99617     4.12498     -0.00010947    1.49307918   -0.00007332    0.14957530
   65    4    -2.79208     1.24869     4.84180      0.00066879    0.99538612    0.00067189    0.14145346
   66    4    -2.79815     0.18707     5.50613      0.00075422    1.16128380    0.00064947    0.13999182
   67    4    -1.28819    -4.45930     0.31532      0.00059700    1.65897686    0.00035986    0.14421873
   68    4    -1.19355    -4.84931     2.88070     -0.00079318    0.66359074   -0.00119528    0.15659119
   69    4    -2.52288    -3.03508     5.34705     -0.00115090    0.49769306   -0.00231247    0.16381903
   70    4    -0.99599    -0.38725     5.76145     -0.00096121    1.16128380   -0.00082772    0.15357632
   71    4    -1.40604    -3.74586    -0.61325      0.00029238    0.99538612    0.00029374    0.14960572
   72    4    -1.90626     1.02799     5.20475      0.00014908    1.65897686    0.00008986    0.14324875
   73    4    -1.66926    -4.88903     1.40213      0.00056718    1.16128380    0.00048841    0.14381480
   74    5    -6.25080    -3.54865    -0.62702     -0.00121939    1.49307918   -0.00081669    0.16426088
   75    5    -3.84673    -5.02131     2.12151     -0.00015337    1.16128380   -0.00013207    0.14900356
   76    5    -4.62333    -2.52143     5.24504     -0.00139757    0.99538612   -0.00140405    0.15855273
   77    5    -5.99513     0.39165     4.60815     -0.00031093    1.49307918   -0.00020825    0.14669255
   78    5    -6.72021    -0.50310     4.47070     -0.00131592    1.32718149   -0.00099152    0.15666066
   79    5    -4.39257    -3.31295     4.87919     -0.00041118    0.49769306   -0.00082617    0.16409887
   80    5    -4.76312    -5.00780     2.19830     -0.00103855    0.99538612   -0.00104336    0.15497293
   81    5    -6.77991    -3.77073     0.29157     -0.00121739    0.82948843   -0.00146764    0.16832008
   82    5    -8.06103    -1.06260     1.77793     -0.00235640    0.99538612   -0.00236732    0.19330765
   83    5    -7.23977    -2.95692     0.00891     -0.00177429    0.99538612   -0.00178252    0.18018369
   84    5    -5.59949    -4.36729    -0.07973     -0.00083188    1.82487455   -0.00045586    0.15289060
   85    5    -4.53441    -5.00364     1.01011     -0.00008639    1.16128380   -0.00007439    0.14590840
   86    5    -4.05584    -4.76433     3.16315     -0.00072590    0.99538612   -0.00072927    0.15797334
   87    5    -4.10263    -3.87213     4.44286     -0.00130987    0.66359074   -0.00197391    0.16535192
   88    5    -4.59734    -1.63532     5.43767     -0.00048459    1.16128380   -0.00041728    0.15053025
   89    5    -5.68926    -0.63186     5.13424     -0.00030373    1.16128380   -0.00026155    0.14754085
   90    5    -7.08373     0.33573     3.64191     -0.00090097    1.49307918   -0.00060343    0.16020156
   91    5    -7.66068     0.12395     2.64161     -0.00229500    1.32718149   -0.00172923    0.17721313
   92    5    -4.98716    -3.63607    -1.19621      0.00025870    1.65897686    0.00015594    0.15487173
   93    5    -3.62625    -3.53828    -1.28081     -0.00008144    1.65897686   -0.00004909    0.15189670
   94    5    -3.33902    -4.31281    -0.37828      0.00073595    0.99538612    0.00073936    0.14308174
   95    5    -3.54754    -4.88258     0.76439      0.00068900    1.32718149    0.00051914    0.14175676
   96    5    -4.85074     0.93663     4.68586      0.00079964    1.65897686    0.00048201    0.14159770
   97    5    -5.90411     1.27489     3.94082     -0.00027989    1.32718149   -0.00021089    0.14969922
   98    5    -5.79256     1.77114     3.30971     -0.00007403    0.66359074   -0.00011156    0.15544154
   99    5    -5.60492    -1.55696     5.21973     -0.00098485    0.82948843   -0.00118730    0.15482403
  100    5    -4.30206    -4.40318     3.83394     -0.00117955    0.49769306   -0.00237004    0.16404502
  101    5    -5.57453    -4.77382     0.96586     -0.00118427    1.32718149   -0.00089232    0.15462129
  102    5    -7.77687    -2.30764     0.63984     -0.00190123    0.82948843   -0.00229205    0.19209886
  103    5    -7.72170    -0.57424     3.09661     -0.00130703    0.66359074   -0.00196964    0.17512027
  104    5    -4.67874     1.86701     3.72244      0.00000910    1.49307918    0.00000609    0.14994188
  105    5    -4.29322    -4.52312    -0.27636      0.00003678    1.65897686    0.00002217    0.14459617
  106    5    -4.81232    -0.32795     5.30286      0.00055816    1.32718149    0.00042056    0.14215619
  107    5    -6.74331     1.14933     3.20228      0.00013453    0.82948843    0.00016219    0.16130813
  108    6     2.29795     4.61941     1.81113     -0.00075430    1.49307918   -0.00050520    0.14587589
  109    6     2.74809     4.12088     2.50559     -0.00071405    0.99538612   -0.00071736    0.14558550
  110    6     4.91711     3.17762     1.57538     -0.00042089    0.82948843   -0.00050740    0.13125320
  111    6     4.49703     3.97398     0.78903     -0.00059964    0.99538612   -0.00060242    0.12772538
  112    6     3.59411     4.36077     1.54377     -0.00051211    1.32718149   -0.00038586    0.13720889
  113    6     1.52143     4.11109     2.59394     -0.00060166    1.16128380   -0.00051810    0.15143560
  114    6     0.73121     3.47703     2.97024     -0.00071710    0.66359074   -0.00108063    0.15923301
  115    6     1.05512     4.67087     1.39863     -0.00109603    1.16128380   -0.00094381    0.15789031
  116    6     1.20200     3.26506     3.29466     -0.00112872    0.66359074   -0.00170093    0.16010915
  117    6     4.29415     3.79268     1.73258     -0.00050136    0.82948843   -0.00060442    0.13437489
  118    6     0.61718     4.17110     2.11955     -0.00110524    0.99538612   -0.00111037    0.15828712
  119    7     4.64188    -3.62121    -3.52528     -0.00017373    0.99538612   -0.00017453    0.10531480
  120    7     1.36119    -3.79987    -2.17848     -0.00018153    0.82948843   -0.00021885    0.14171106
  121    7     4.89034    -1.79927     1.97037     -0.00082523    0.66359074   -0.00124358    0.16624071
  122    7     1.20432    -3.40948    -2.84993     -0.00055565    0.99538612   -0.00055822    0.14163076
  123    7     3.87099    -3.29565    -4.13408     -0.00044609    1.32718149   -0.00033612    0.11159372
  124    7     3.97459     0.51608    -4.88504     -0.00000061    0.16589769   -0.00000369    0.10520580
  125    7     2.66095     1.60920    -4.20417     -0.00062841    0.49769306   -0.00126265    0.13742321
  126    7     3.31409     1.86580    -4.08268     -0.00051503    0.66359074   -0.00077612    0.12297033
  127    7     4.88532    -2.81074    -4.19577      0.00037592    0.99538612    0.00037766    0.09477894
  128    7     3.68826    -4.16244    -2.98847     -0.00020912    1.49307918   -0.00014006    0.11852154
  129    7     2.27549    -4.11595    -2.63950      0.00025959    1.16128380    0.00022354    0.13061224
  130    7     5.51677    -3.49512    -2.95352      0.00064358    1.16128380    0.00055420    0.09937992
  131    7     4.89199    -4.05801    -2.51185     -0.00045221    1.16128380   -0.00038940    0.11428832
  132    7     4.20881    -2.06488     2.09883     -0.00058659    0.33179537   -0.00176791    0.16801798
  133    7     2.83958    -3.86764    -3.42392     -0.00000837    1.16128380   -0.00000720    0.12266052
  134    7     4.65993    -2.06359    -4.69956     -0.00011270    0.66359074   -0.00016983    0.09493999
  135    7     3.49800     1.28014    -4.54814     -0.00024822    0.49769306   -0.00049874    0.11664331
  136    7     5.78089    -3.70966    -1.74025     -0.00023400    0.99538612   -0.00023508    0.11760397
  137    8     6.88290    -0.09771    -4.92261      0.00524298    1.22697929    0.00427308    0.03896031
  138    8     6.88766     2.87302    -3.35560      0.00481471    1.22697929    0.00392404    0.04397834
  139    8     9.08264     0.42685    -2.57988      0.00095690    0.98158343    0.00097485    0.07362579
  140    8     7.62837     2.29211    -0.04343      0.00189414    0.85888550    0.00220534    0.08846200
  141    8     7.77485    -2.34910    -2.73440      0.00301093    0.98158343    0.00306742    0.07645058
  142    8     5.23756     1.10760    -4.85969      0.00194365    0.73618757    0.00264015    0.06576026
  143    8     5.85487     0.46337    -5.06221      0.00421702    1.22697929    0.00343691    0.05260974
  144    8     5.09738     2.18149    -4.23848      0.00278408    0.98158343    0.00283632    0.06942639
  145    8     6.05396     2.49961    -4.08855      0.00307879    0.85888550    0.00358464    0.05050745
  146    8     7.07161     1.00615    -4.75258      0.00537752    1.34967722    0.00398430    0.03770952
  147    8     7.02734     2.06908    -4.22485      0.00518583    1.34967722    0.00384228    0.03994874
  148    8     6.19043     3.29721    -2.67036      0.00606265    1.22697929    0.00494112    0.05342267
  149    8     6.05774    -0.74587    -4.94245      0.00492584    1.22697929    0.00401460    0.05108446
  150    8     8.98032     1.29554    -1.81359     -0.00006338    0.85888550   -0.00007379    0.08190657
  151    8     8.42124     2.02434    -0.86503      0.00127309    1.10428136    0.00115287    0.08499305
  152    8     6.95314     2.20443     0.49299      0.00235412    0.85888550    0.00274091    0.09721360
  153    8     7.09070    -2.82229    -2.34780      0.00111890    0.49079171    0.00227978    0.08977275
  154    8     8.38282    -1.67974    -2.89245      0.00221365    0.85888550    0.00257735    0.07195088
  155    8     8.88889    -0.73942    -2.82243      0.00149529    1.10428136    0.00135408    0.07378523
  156    8     7.90614     0.16467    -4.40783      0.00533566    1.34967722    0.00395329    0.03770875
  157    8     8.68215     0.18335    -3.55760      0.00366630    1.34967722    0.00271643    0.05133659
  158    8     8.70809     1.44886    -2.92938      0.00358388    1.71777100    0.00208635    0.05597815
  159    8     7.91096     2.30281    -3.27304      0.00449884    1.34967722    0.00333327    0.04382441
  160    8     7.45190     3.00062    -2.31143      0.00554809    1.47237514    0.00376812    0.04882962
  161    8     7.53743     2.89579    -1.08402      0.00568426    1.59507307    0.00356364    0.06281600
  162    8     6.80961     2.91547    -0.32577      0.00406471    0.85888550    0.00473254    0.07272195
  163    8     6.98062    -2.51212    -3.33434      0.00382338    0.85888550    0.00445156    0.06448859
  164    8     7.58298    -1.89051    -3.72215      0.00465030    1.10428136    0.00421115    0.05202565
  165    8     7.34384    -1.05578    -4.48496      0.00630203    1.34967722    0.00466929    0.04021079
  166    8     6.00669     1.64815    -4.71949      0.00420402    1.22697929    0.00342632    0.05003237
  167    8     5.60697     2.91435    -3.53586      0.00341694    0.85888550    0.00397835    0.05959996
  168    8     8.01113     1.33377    -4.03591      0.00464970    1.34967722    0.00344505    0.03964059
  169    8     6.49760     3.34382    -1.41936      0.00596699    1.22697929    0.00486315    0.05909653
  170    8     6.57195    -1.79080    -4.33871      0.00548504    1.22697929    0.00447036    0.05074931
  171    8     8.40650     2.27307    -1.93629      0.00319791    1.47237514    0.00217194    0.06220923
  172    8     8.30240    -0.90999    -3.77001      0.00490541    1.34967722    0.00363451    0.04901062
  173    9    -8.68647     1.19478    -2.05026     -0.00761129    1.33174368   -0.00571528    0.21551331
  174    9    -8.51340     1.32974     0.23945     -0.00748787    1.40183545   -0.00534148    0.21336265
  175    9    -8.56479    -0.54843    -1.00558     -0.00837551    1.47192722   -0.00569017    0.21670182
  176    9    -7.43438    -0.37142    -2.99717     -0.00644243    1.40183545   -0.00459571    0.21152656
  177    9    -7.17964     1.86967    -3.12004     -0.00787245    1.47192722   -0.00534839    0.22075964
  178    9    -7.58452     2.96520    -1.11792     -0.00732749    1.47192722   -0.00497816    0.21490267
  179    9    -8.94665     0.78741    -0.99897     -0.00819332    1.47192722   -0.00556639    0.21526863
  180    9    -8.52718     0.01065    -2.18201     -0.00905383    1.61211077   -0.00561613    0.21443481
  181    9    -7.98331     0.89371    -2.98252     -0.00815847    1.47192722   -0.00554271    0.21574888
  182    9    -8.13215     2.15840    -2.22067     -0.00781067    1.40183545   -0.00557175    0.21704844
  183    9    -8.59529     2.03371    -1.05461     -0.00855777    1.54201899   -0.00554972    0.21421255
  184    9    -8.73855     0.29390    -0.16580     -0.00567757    1.05137659   -0.00540013    0.21689148
  185    9    -7.91576    -0.95439    -2.05518     -0.00607272    1.26165190   -0.00481331    0.21266307
  186    9    -6.97022     0.66489    -3.44283     -0.00697043    1.33174368   -0.00523406    0.21619603
  187    9    -7.27145     2.77492    -2.21640     -0.00696211    1.26165190   -0.00551825    0.22066764
  188    9    -8.07123     2.38869    -0.08344     -0.00613315    1.33174368   -0.00460536    0.21085914
  189   10    -2.22213     4.54012    -4.27719     -0.00851957    2.03266140   -0.00419134    0.19110877
  190   10    -3.60653     4.96160    -2.98783     -0.00424213    1.26165190   -0.00336237    0.19416161
  191   10    -3.72159     3.44994    -4.42882     -0.00478807    1.33174368   -0.00359534    0.19743594
  192   10    -1.79981     2.80318    -4.83510     -0.00442569    1.26165190   -0.00350785    0.19030197
  193   10    -1.65994     5.25681    -2.50407     -0.00476343    1.26165190   -0.00377555    0.19154460
  194   10    -3.64129     4.41173    -3.91873     -0.00661583    1.75229431   -0.00377553    0.19506572
  195   10    -2.72706     3.30378    -4.84688     -0.00649406    1.75229431   -0.00370603    0.19184335
  196   10    -1.02353     3.53561    -4.40253     -0.00864932    1.89247786   -0.00457037    0.19153900
  197   10    -1.22399     4.75197    -3.59279     -0.00714373    1.61211077   -0.00443129    0.19190186
  198   10    -2.63201     5.30933    -2.89018     -0.00679969    1.82238608   -0.00373120    0.19081109
  199   11     0.56602    -3.52174     5.21361     -0.00681141    1.89247786   -0.00359920    0.17322375
  200   11    -0.30887    -4.52451     4.17328     -0.00440798    1.54201899   -0.00285858    0.16957929
  201   11    -1.13074    -3.22771     5.67259     -0.00374729    1.26165190   -0.00297015    0.16902322
  202   11     0.22861    -1.59999     5.76150     -0.00414251    1.40183545   -0.00295506    0.17094539
  203   11    -0.68714    -4.05081     5.10147     -0.00543729    1.68220254   -0.00323224    0.16980756
  204   11    -0.36049    -2.57634     5.93130     -0.00528423    1.68220254   -0.00314126    0.16914498
  205   11     1.08249    -2.17574     5.31423     -0.00658382    1.75229431   -0.00375726    0.17658026
  206   11     1.52223    -3.04935     4.40648     -0.00799674    1.89247786   -0.00422554    0.18004816
  207   11     0.72516    -4.22836     3.78776     -0.00648541    1.75229431   -0.00370109    0.17364819
  208   12    -7.33770    -3.68414     3.95970     -0.00721391    1.96256963   -0.00367574    0.16943333
  209   12    -6.42587    -2.84696     4.89417     -0.00396535    1.40183545   -0.00282869    0.16673178
  210   12    -5.76189    -4.54867     3.75237     -0.00352252    1.19156013   -0.00295623    0.16788716
  211   12    -6.85671    -4.54442     2.06762     -0.00377652    1.33174368   -0.00283577    0.16891389
  212   12    -8.16046    -2.75723     2.10334     -0.00388790    1.26165190   -0.00308159    0.18064938
  213   12    -7.83164    -1.79193     3.76931     -0.00412609    1.47192722   -0.00280319    0.17270229
  214   12    -6.10541    -3.85861     4.51461     -0.00514805    1.61211077   -0.00319336    0.16796469
  215   12    -6.45761    -4.70684     3.04856     -0.00534700    1.68220254   -0.00317857    0.16757424
  216   12    -7.72292    -3.86697     2.84966     -0.00545348    1.54201899   -0.00353659    0.17179327
  217   12    -8.18523    -2.48070     3.03837     -0.00531720    1.68220254   -0.00316086    0.17579471
  218   12    -7.30287    -2.35660     4.49213     -0.00519905    1.61211077   -0.00322499    0.16827260
  219   12    -7.63347    -3.74215     1.69038     -0.00365179    1.26165190   -0.00289445    0.17550828
  220   13     3.85019     1.43422     4.35045     -0.00372076    1.40183545   -0.00265421    0.16008295
  221   13     4.33865     0.18649     3.63288     -0.00276448    0.98128481   -0.00281721    0.16575237
  222   13     2.05492     2.31882     4.28579     -0.00289774    1.12146836   -0.00258388    0.16367284
  223   13     3.44784     3.24871     3.55842     -0.00229657    1.12146836   -0.00204782    0.15152616
  224   13     4.89645     2.06059     3.16227     -0.00291641    1.12146836   -0.00260053    0.15153422
  225   13     3.61062     0.08640     4.07234     -0.00393974    1.40183545   -0.00281042    0.16922796
  226   13     2.79503     1.15939     4.59160     -0.00429408    1.40183545   -0.00306319    0.16670627
  227   13     3.11890     2.34278     4.36671     -0.00283685    1.12146836   -0.00252958    0.15820213
  228   13     4.15360     2.42578     3.87267     -0.00260564    1.05137659   -0.00247832    0.15319072
  229   13     4.68576     1.14112     3.67174     -0.00312165    1.19156013   -0.00261980    0.15843607
  230   13     2.49998     3.06528     3.88687     -0.00189011    0.98128481   -0.00192616    0.15719825
  231   13     4.38099     2.96895     3.06870     -0.00176353    0.98128481   -0.00179716    0.14805128
  232   14     2.54151     5.35653    -1.45207     -0.00346829    1.33174368   -0.00260433    0.15175659
  233   14     2.26522     3.94055    -2.96045     -0.00361912    1.19156013   -0.00303729    0.15726646
  234   14     3.48572     5.05204    -0.17709     -0.00306323    1.33174368   -0.00230017    0.14186296
  235   14     1.44384     5.33829    -0.03667     -0.00289727    1.19156013   -0.00243149    0.16167127
  236   14     1.86099     4.84761    -2.33854     -0.00327077    1.19156013   -0.00274495    0.16201166
  237   14     3.01571     4.62005    -2.35096     -0.00399874    1.40183545   -0.00285250    0.14584967
  238   14     3.59638     4.94912    -1.24177     -0.00418480    1.47192722   -0.00284308    0.13954562
  239   14     2.45325     5.41889    -0.04598     -0.00336605    1.54201899   -0.00218289    0.15113132
  240   14     1.43647     5.35750    -1.21906     -0.00436452    1.47192722   -0.00296518    0.16487040
  241   15     1.33199    -1.42022    -5.31803     -0.00280481    1.33174368   -0.00210612    0.14182969
  242   15     3.17914    -0.35719    -5.49555     -0.00198832    1.05137659   -0.00189116    0.12179883
  243   15     1.83470     0.48894    -5.05979     -0.00209321    0.84110127   -0.00248865    0.14474585
  244   15     1.07109    -2.78412    -4.03866     -0.00168800    1.19156013   -0.00141663    0.14383887
  245   15     2.92255    -2.37544    -5.19312     -0.00181321    1.19156013   -0.00152171    0.12342656
  246   15     2.14701    -0.35347    -5.55901     -0.00181174    0.98128481   -0.00184630    0.13514168
  247   15     1.21546    -0.50445    -5.24037     -0.00212958    0.98128481   -0.00217020    0.14742284
  248   15     0.83191    -2.05117    -4.64139     -0.00234937    1.12146836   -0.00209491    0.14706658
  249   15     1.83901    -2.37851    -5.11402     -0.00207364    1.12146836   -0.00184904    0.13416021
  250   15     2.51466    -1.31063    -5.64680     -0.00238462    1.19156013   -0.00200126    0.12857136
  251   15     2.61191     0.49781    -5.17344     -0.00102545    0.77100950   -0.00133001    0.13263103
  252   15     2.18612    -2.99779    -4.57273     -0.00099132    0.98128481   -0.00101022    0.13069453
  253   15     3.47151    -1.51564    -5.41242     -0.00183606    1.05137659   -0.00174634    0.11726938
  254   16     3.88754    -4.87292     0.44249     -0.00228680    1.12146836   -0.00203911    0.14733384
  255   16     4.78184    -3.65240     1.35532     -0.00198906    1.05137659   -0.00189186    0.15591741
  256   16     4.97220    -4.54958    -0.47108     -0.00211333    1.19156013   -0.00177358    0.13864508
  257   16     3.03414    -4.88007    -1.30000     -0.00161617    1.19156013   -0.00135635    0.13891085
  258   16     3.78268    -4.24683     1.37652     -0.00266322    1.19156013   -0.00223507    0.15600297
  259   16     4.92136    -4.32466     0.55130     -0.00307509    1.47192722   -0.00208916    0.14722311
  260   16     3.82193    -5.04818    -0.45646     -0.00223016    1.12146836   -0.00198861    0.14108861
  261   16     2.36038    -4.81740    -0.53985     -0.00331046    1.61211077   -0.00205349    0.14826477
  262   16     2.91934    -4.74761     0.67132     -0.00320306    1.26165190   -0.00253878    0.15397825
  263   16     4.07678    -3.29928     1.84271     -0.00193811    0.84110127   -0.00230425    0.16255836
  264   16     4.18415    -4.80484    -1.28530     -0.00148580    1.05137659   -0.00141320    0.13413139
  265   17     8.67436    -1.36026     1.13303     -0.00824748    1.61211077   -0.00511595    0.15883263
  266   17     8.71420     0.95700     0.56768     -0.00600910    1.61211077   -0.00372747    0.13490623
  267   17     9.50001    -0.69267    -0.95699     -0.00685933    1.61211077   -0.00425488    0.12892485
  268   17     8.33643    -2.58815    -0.94397     -0.00558656    1.54201899   -0.00362288    0.13465672
  269   17     7.33251    -2.20847     1.22194     -0.00607573    1.05137659   -0.00577883    0.16863645
  270   17     7.51287    -0.29806     1.87124     -0.00598981    1.26165190   -0.00474760    0.16270842
  271   17     9.31464    -0.39360     0.48812     -0.00798026    1.61211077   -0.00495019    0.14629301
  272   17     9.16607    -1.72637    -0.05314     -0.00859193    1.75229431   -0.00490325    0.14630928
  273   17     8.19971    -2.37846     0.60784     -0.00679061    1.40183545   -0.00484408    0.15828729
  274   17     7.45701    -1.33138     1.74787     -0.00817029    1.54201899   -0.00529844    0.16888246
  275   17     8.52617    -0.14453     1.41735     -0.00659993    1.40183545   -0.00470806    0.15448078
  276   17     9.35389     0.41813    -0.38054     -0.00598711    1.47192722   -0.00406753    0.12958239
  277   17     9.04324    -1.80160    -1.27552     -0.00465693    1.33174368   -0.00349687    0.12655113
  278   17     7.67323    -2.87377    -0.19774     -0.00540338    1.19156013   -0.00453471    0.15020775
  279   17     7.81542     0.88042     1.34882     -0.00571582    1.40183545   -0.00407739    0.14416984
  280    1    -4.58885     2.70498     2.32741     -0.00033727    0.17782018   -0.00189669    0.16593715
  281    2    -4.22433     2.90576     2.22644     -0.00035733    0.17782018   -0.00200952    0.16696535
  282    5    -4.50844     2.43994     2.66960     -0.00034573    0.17782018   -0.00194427    0.16351371
  283    1    -3.55425    -2.24132    -2.19264     -0.00033445    0.17782018   -0.00188080    0.16726049
  284    2    -3.18254    -2.07489    -2.32500     -0.00043586    0.17782018   -0.00245114    0.16898440
  285    5    -3.46697    -2.53919    -1.88046     -0.00032208    0.17782018   -0.00181124    0.16495770
  286    1    -5.62995     0.80807    -3.58469     -0.00066034    0.08041671   -0.00821151    0.21287513
  287    2    -5.27056     0.99636    -3.71861     -0.00070047    0.08041671   -0.00871054    0.20799905
  288    9    -5.93185     0.86834    -3.51630     -0.00066254    0.08041671   -0.00823878    0.21857752
  289    1    -6.15820     3.43597    -1.11827     -0.00070656    0.08041671   -0.00878623    0.21284758
  290    2    -5.80083     3.63430    -1.24276     -0.00070873    0.08041671   -0.00881327    0.20747017
  291    9    -6.42136     3.30351    -1.23076     -0.00064820    0.08041671   -0.00806052    0.21794994
  292    2    -3.31617    -1.63652    -2.94245     -0.00084380    0.68917125   -0.00122436    0.16902518
  293    2    -4.36994    -0.08025    -3.72926     -0.00371930    1.37871595   -0.00269766    0.18825204
  294    1    -4.24574    -1.29068    -3.06430     -0.00240317    1.38422882   -0.00173611    0.17532893
  295    1    -5.26528     0.31965    -3.66361     -0.00205198    0.65811960   -0.00311794    0.20106610
  296    2    -5.44616     3.94666    -0.75892     -0.00191015    0.67067987   -0.00284808    0.19413049
  297    2    -4.70072     3.66243     1.06213     -0.00231889    1.33966627   -0.00173095    0.17406806
  298    1    -5.67116     3.55509     0.11464     -0.00376770    1.34193367   -0.00280766    0.19091008
  299    1    -4.87797     3.11578     1.84044     -0.00057611    0.64045807   -0.00089953    0.16707788
  300    1    -7.83194     0.70516     1.30252     -0.00071122    0.07612641   -0.00934265    0.20720367
  301    5    -7.76488     0.42412     1.63331     -0.00065669    0.07612641   -0.00862636    0.19947459
  302    9    -7.98261     0.75360     1.02983     -0.00063595    0.07612641   -0.00835393    0.21312632
  303    1    -7.36527    -1.78216    -0.95756     -0.00067645    0.07612641   -0.00888588    0.20741872
  304    5    -7.29681    -2.07066    -0.63355     -0.00067475    0.07612641   -0.00886351    0.20017954
  305    9    -7.55045    -1.54985    -1.06317     -0.00062337    0.07612641   -0.00818858    0.21343977
  306    5    -5.17382     2.15805     2.92812     -0.00047367    0.71165610   -0.00066559    0.15947929
  307    5    -6.88602     1.14021     2.46116     -0.00355495    1.42411736   -0.00249625    0.17872341
  308    1    -5.94481     2.15728     2.27163     -0.00253730    1.42632947   -0.00177890    0.17042419
  309    1    -7.51554     1.05104     1.69429     -0.00248889    0.67950681   -0.00366278    0.19508324
  310    5    -6.84206    -2.58705    -0.76792     -0.00200311    0.73095701   -0.00274040    0.18595183
  311    5    -4.90784    -2.90574    -1.50846     -0.00208134    1.46525608   -0.00142046    0.16624468
  312    1    -6.19783    -2.30088    -1.51713     -0.00446322    1.47081478   -0.00303452    0.18700484
  313    1    -4.24111    -2.45855    -2.12404     -0.00050303    0.69793947   -0.00072074    0.16458127
  314    9    -8.08721     1.20310     0.78017     -0.00167171    0.27536243   -0.00607096    0.21413466
  315    9    -7.69260     2.25032     0.41221     -0.00368683    0.60064051   -0.00613817    0.21319969
  316    9    -7.06698     3.05031    -0.59254     -0.00399517    0.60064051   -0.00665152    0.21753042
  317    1    -7.66760     1.61168     1.01488     -0.00346907    0.59504490   -0.00582992    0.20846578
  318    1    -7.06001     2.84066     0.26051     -0.00338858    0.59504490   -0.00569467    0.20566866
  319    1    -6.49199     3.33935    -0.76326     -0.00177567    0.32198930   -0.00551467    0.21125329
  320    9    -6.33035     0.52425    -3.47426     -0.00155068    0.28138532   -0.00551086    0.21755149
  321    9    -6.75301    -0.51351    -3.03906     -0.00394262    0.61623092   -0.00639796    0.21430284
  322    9    -7.39799    -1.24504    -1.95755     -0.00393055    0.61623092   -0.00637838    0.21616917
  323    1    -6.06830    -0.04707    -3.36780     -0.00361671    0.60628162   -0.00596539    0.21148295
  324    1    -6.70844    -1.23838    -2.52229     -0.00361274    0.60628162   -0.00595886    0.20579656
  325    1    -7.28635    -1.65912    -1.43829     -0.00170848    0.32903204   -0.00519244    0.20838272
  326    2    -2.31442     2.98644     2.57818     -0.00046965    0.17968067   -0.00261378    0.16577851
  327    3    -1.99353     2.81570     2.80353     -0.00035443    0.17968067   -0.00197257    0.16389574
  328    4    -2.17494     2.53868     3.09743     -0.00040766    0.17968067   -0.00226883    0.16225648
  329    2    -1.10445     3.87997     1.70671     -0.00035267    0.16588677   -0.00212596    0.16783596
  330    3    -0.79325     3.71080     1.94564     -0.00047104    0.16588677   -0.00283955    0.16758758
  331    6    -0.33855     3.82736     1.90591     -0.00052426    0.16588677   -0.00316032    0.16685852
  332    3    -1.37236     3.41985     2.27759     -0.00092131    0.68596290   -0.00134308    0.16536634
  333    2    -2.01150     3.55792     2.12264     -0.00107751    0.71831808   -0.00150005    0.16596133
  334    2    -3.31767     2.63243     2.69368     -0.00090764    0.28896112   -0.00314103    0.16689982
  335    4    -3.18404     2.20792     3.23458     -0.00057777    0.28896112   -0.00199947    0.16072612
  336    5    -3.60584     2.18942     3.15833     -0.00050658    0.28896112   -0.00175311    0.16089459
  337    2    -2.29072    -2.30953    -1.82674     -0.00095574    0.28896112   -0.00330749    0.16994887
  338    4    -2.14771    -2.77925    -1.32718     -0.00051162    0.28896112   -0.00177055    0.16348809
  339    5    -2.56963    -2.79711    -1.40285     -0.00059466    0.28896112   -0.00205792    0.16347212
  340    2    -1.28884    -2.07985    -2.01779     -0.00191879    0.79361425   -0.00241778    0.16941497
  341    4    -1.14813    -2.53771    -1.49509     -0.00161692    0.79361425   -0.00203741    0.16566495
  342    7    -0.23444    -2.41044    -2.04645     -0.00191220    0.79361425   -0.00240948    0.16297919
  343    4    -2.56978     2.42311     3.31054     -0.00053498    0.62250994   -0.00085940    0.15839551
  344    2    -2.91368     3.02208     2.57493     -0.00091537    0.62250994   -0.00147044    0.16477896
  345    4    -1.80313    -2.81162    -1.39165     -0.00032546    0.28417141   -0.00114528    0.16211474
  346    2    -1.93475    -2.16114    -2.13987     -0.00052057    0.28417141   -0.00183188    0.16839177
  347    5    -4.08137     2.32707     3.06772     -0.00055637    0.61571703   -0.00090362    0.15930317
  348    2    -3.80956     3.01691     2.37714     -0.00092481    0.61571703   -0.00150201    0.16537698
  349    5    -3.14000    -2.79919    -1.70061     -0.00050682    0.60896719   -0.00083227    0.16128393
  350    2    -2.60279    -2.16048    -2.27476     -0.00090251    0.60896719   -0.00148204    0.16794860
  351    2    -0.44037     4.60306     0.31371     -0.00101100    0.23474934   -0.00430673    0.17630988
  352    6     0.31951     4.62442     0.53782     -0.00082146    0.23474934   -0.00349932    0.17309009
  353   14     0.45787     4.74430     0.30265     -0.00098482    0.23474934   -0.00419518    0.17388401
  354    6     0.07335     4.40367     1.19496     -0.00269129    1.39968773   -0.00192278    0.16770356
  355    2    -1.09351     4.33858     1.16126     -0.00241016    1.39968773   -0.00172193    0.16938517
  356    2    -0.75918    -1.81519    -2.68987     -0.00091072    0.35734490   -0.00254858    0.16552581
  357    7     0.21551    -2.30581    -2.80980     -0.00076410    0.35734490   -0.00213827    0.15955102
  358   15     0.24025    -2.20147    -3.09237     -0.00084698    0.35734490   -0.00237020    0.15962289
  359    7     0.08429    -2.57459    -2.60740     -0.00015014    0.32318588   -0.00046455    0.15602156
  360    2    -1.38493    -2.00188    -2.55774     -0.00020276    0.32318588   -0.00062739    0.16498423
  361    9    -6.57714     3.17532    -1.63002     -0.00436112    0.63126308   -0.00690856    0.22265681
  362    9    -6.41741     2.41314    -2.77375     -0.01048361    1.29030688   -0.00812490    0.23381169
  363    9    -6.18631     1.23107    -3.45480     -0.00433538    0.63126308   -0.00686778    0.22307565
  364    2    -5.61165     3.40256    -2.23696     -0.00817361    1.73389527   -0.00471402    0.21611085
  365    2    -5.33308     2.01677    -3.53760     -0.00828946    1.73389527   -0.00478083    0.21662838
  366    2    -0.82204     4.86892    -1.41367     -0.00127975    0.26099122   -0.00490342    0.19082999
  367   10    -0.88707     4.88412    -1.69844     -0.00142735    0.26099122   -0.00546895    0.19364728
  368   14     0.08009     4.84015    -1.31254     -0.00138021    0.26099122   -0.00528833    0.18329111
  369    2    -0.44931     1.66685    -4.15271     -0.00077482    0.18253033   -0.00424487    0.18360536
  370   10    -0.56201     1.93316    -4.16427     -0.00103018    0.18253033   -0.00564389    0.18777932
  371   15     0.49776     1.03423    -4.19976     -0.00071636    0.18253033   -0.00392462    0.16684071
  372   10    -1.18127     2.29408    -4.50674     -0.00149874    0.23616168   -0.00634625    0.19219572
  373   10    -2.26242     2.20758    -4.74453     -0.00261943    0.52645321   -0.00497562    0.19446222
  374   10    -3.52554     2.61403    -4.53631     -0.00274369    0.52645321   -0.00521164    0.20106707
  375   10    -4.26402     3.47529    -3.81734     -0.00298888    0.52645321   -0.00567738    0.20815597
  376   10    -4.17371     4.43666    -2.88372     -0.00287835    0.52645321   -0.00546745    0.20405561
  377   10    -3.29181     5.10220    -2.11995     -0.00268344    0.52645321   -0.00509721    0.19587436
  378   10    -1.98152     5.19782    -1.84059     -0.00268612    0.52645321   -0.00510230    0.19466072
  379    2    -1.54906     1.84133    -4.54672     -0.00262469    0.51180464   -0.00512830    0.19102102
  380    2    -3.04308     1.95391    -4.65302     -0.00244327    0.51180464   -0.00477383    0.19459513
  381    2    -4.22474     2.70232    -4.10564     -0.00269286    0.51180464   -0.00526150    0.20681701
  382    2    -4.60739     3.77832    -3.13002     -0.00296433    0.51180464   -0.00579191    0.20980823
  383    2    -4.03344     4.73879    -2.12795     -0.00244882    0.51180464   -0.00478467    0.19804089
  384    2    -2.73926     5.18815    -1.51212     -0.00239778    0.51180464   -0.00468495    0.19060849
  385    2    -1.52496     5.09894    -1.42352     -0.00132607    0.28625658   -0.00463244    0.19024447
  386   14     0.56339     5.00730    -0.60411     -0.00441387    1.25115522   -0.00352783    0.17691584
  387    2    -0.78214     4.90565    -0.36550     -0.00400074    1.77155224   -0.00225832    0.17850912
  388   15     0.18842    -2.13360    -3.56777     -0.00130531    0.83748107   -0.00155861    0.15562363
  389   15     0.25553    -1.26103    -4.38067     -0.00366269    1.67886508   -0.00218164    0.15712223
  390   15     0.74172     0.06253    -4.73665     -0.00371955    1.67886508   -0.00221551    0.15778956
  391    2    -1.38049    -1.37219    -3.48606     -0.00256012    2.43314025   -0.00105219    0.16378867
  392    2    -1.09226     0.03230    -4.38334     -0.00293075    2.43314025   -0.00120451    0.16667394
  393    2    -0.51898     1.28205    -4.45888     -0.00170770    1.22832047   -0.00139027    0.17306159
  394    3    -0.38553     2.48967     3.34707     -0.00048680    0.17043051   -0.00285630    0.16479454
  395    4    -0.55473     2.20133     3.63671     -0.00041326    0.17043051   -0.00242478    0.16285224
  396    6     0.07152     2.59892     3.31394     -0.00055489    0.17043051   -0.00325579    0.16623581
  397    4    -1.35605     2.23437     3.68011     -0.00075192    0.74975255   -0.00100289    0.15800759
  398    3    -1.35565     2.65735     3.13169     -0.00092409    0.71586776   -0.00129086    0.16183166
  399    6     0.12886     3.48554     2.55237     -0.00171803    0.92693868   -0.00185345    0.16422439
  400    3    -0.44391     3.06988     2.79465     -0.00160623    0.88470358   -0.00181555    0.16509876
  401    5    -2.71466    -3.47193    -0.96608     -0.00014042    0.63902464   -0.00021974    0.15246544
  402    5    -2.95597    -4.53578     0.62673      0.00014549    1.30428274    0.00011155    0.14391796
  403    5    -3.36975    -4.60931     2.94053     -0.00250157    1.30428274   -0.00191797    0.15991244
  404    5    -3.76122    -3.19037     4.77457     -0.00385537    1.30428274   -0.00295593    0.16864121
  405    5    -3.95637    -0.90966     5.31365     -0.00083971    1.30428274   -0.00064381    0.14843272
  406    5    -3.86846     1.21909     4.31816      0.00005966    1.30428274    0.00004574    0.14567037
  407    4    -2.19896    -3.89602    -0.27593      0.00002051    1.30428274    0.00001573    0.14788052
  408    4    -2.55214    -4.74818     1.88726     -0.00080053    1.30428274   -0.00061377    0.14945191
  409    4    -2.97919    -4.03467     4.08700     -0.00393009    1.30428274   -0.00301322    0.16884465
  410    4    -3.29030    -2.07262     5.34555     -0.00258999    1.30428274   -0.00198576    0.15960219
  411    4    -3.34717     0.26586     5.10349      0.00014461    1.30428274    0.00011087    0.14226920
  412    4    -3.20386     1.80127     3.94202     -0.00011550    0.63902464   -0.00018075    0.14989549
  413    4     0.14901     1.85781     3.92932     -0.00077171    0.23160710   -0.00333196    0.16607560
  414    6     0.76946     2.30810     3.67384     -0.00083648    0.23160710   -0.00361163    0.16930754
  415   13     1.02087     2.22490     3.81087     -0.00066269    0.23160710   -0.00286127    0.16956362
  416    6     0.41035     2.60604     3.52990     -0.00072452    0.53741944   -0.00134814    0.16402556
  417    4    -0.41090     1.97264     4.04673     -0.00053288    0.53741944   -0.00099155    0.15965846
  418    4     0.26339    -3.77430    -0.36986     -0.00069566    0.34506424   -0.00201604    0.15506529
  419    7     1.11582    -3.81301    -1.01096     -0.00069371    0.34506424   -0.00201037    0.15451037
  420   16     1.27706    -3.96510    -0.80555     -0.00075692    0.34506424   -0.00219355    0.15494138
  421    7     0.63214    -3.47285    -1.61061     -0.00244881    2.12197166   -0.00115403    0.15198844
  422    4    -0.79451    -3.36955    -0.96904     -0.00171980    2.12197166   -0.00081047    0.15518779
  423    4     0.87791    -0.26103     4.77918     -0.00110194    0.27121481   -0.00406299    0.17651892
  424   11     0.93803    -0.54208     4.83392     -0.00115301    0.27121481   -0.00425129    0.17858454
  425   13     1.63996     0.20773     4.45377     -0.00117328    0.27121481   -0.00432601    0.17522069
  426    4     0.80145    -4.07550     2.11868     -0.00092071    0.34054257   -0.00270367    0.16859704
  427   11     0.87556    -4.03003     2.39933     -0.00112944    0.34054257   -0.00331660    0.17190313
  428   16     1.73616    -4.00308     1.50959     -0.00100781    0.34054257   -0.00295944    0.16382499
  429   11     0.48298    -0.87708     5.30734     -0.00114253    0.22755548   -0.00502087    0.17525659
  430   11    -0.40108    -1.29075     5.75120     -0.00181644    0.50330338   -0.00360903    0.17018580
  431   11    -1.29400    -2.23173     5.82284     -0.00210121    0.50330338   -0.00417484    0.16937728
  432   11    -1.66484    -3.36876     5.31535     -0.00200753    0.50330338   -0.00398871    0.17276976
  433   11    -1.37158    -4.26638     4.42308     -0.00228333    0.50330338   -0.00453668    0.17265507
  434   11    -0.52653    -4.58085     3.48772     -0.00185324    0.50330338   -0.00368214    0.17068679
  435   11     0.35019    -4.35978     2.91136     -0.00107817    0.22755548   -0.00473803    0.17175293
  436    4    -0.03336    -0.65355     5.42343     -0.00178141    0.49687284   -0.00358525    0.17030368
  437    4    -1.18964    -1.43317     5.83219     -0.00164139    0.49687284   -0.00330345    0.16422893
  438    4    -1.93292    -2.65535     5.57585     -0.00182378    0.49687284   -0.00367052    0.16831150
  439    4    -1.97855    -3.85202     4.75258     -0.00217002    0.49687284   -0.00436736    0.17205685
  440    4    -1.30905    -4.56491     3.67766     -0.00178419    0.49687284   -0.00359084    0.16785028
  441    4    -0.18082    -4.52100     2.76275     -0.00172491    0.49687284   -0.00347153    0.16769711
  442   13     1.33130     1.96050     4.15574     -0.00259431    0.95362050   -0.00272048    0.16875054
  443   13     1.89224     0.96219     4.50190     -0.00285108    0.95362050   -0.00298974    0.17181109
  444    4     0.38490     0.87249     4.61868     -0.00520360    2.66445800   -0.00195297    0.16675192
  445   16     2.11627    -4.43278     0.90410     -0.00148510    0.78890474   -0.00188248    0.15797055
  446   16     1.61808    -4.38273    -0.12869     -0.00316819    1.58168852   -0.00200305    0.15553610
  447    4     0.45101    -4.40077     1.26886     -0.00210980    2.28293197   -0.00092416    0.15576373
  448    4    -0.09720    -4.24535     0.07651     -0.00047811    1.15198903   -0.00041503    0.14948144
  449    9    -7.85980    -1.31268    -0.91015     -0.00420902    0.59575368   -0.00706503    0.21729101
  450    9    -8.25436    -0.51577     0.01207     -0.00945003    1.21164565   -0.00779934    0.22553454
  451    9    -8.20440     0.52403     0.75877     -0.00403431    0.59575368   -0.00677178    0.21684909
  452    5    -7.75396    -1.77501     0.15948     -0.00681456    1.64230212   -0.00414940    0.20437727
  453    5    -7.99981    -0.46465     1.35013     -0.00673406    1.64230212   -0.00410038    0.20390097
  454   12    -7.27608    -1.28710     4.16812     -0.00080681    0.22734164   -0.00354889    0.17006223
  455   12    -7.81352    -1.30399     3.24188     -0.00192499    0.50267872   -0.00382946    0.18081075
  456   12    -8.07676    -1.86243     2.10036     -0.00240870    0.50267872   -0.00479173    0.19077770
  457   12    -7.78744    -2.86711     1.33150     -0.00225848    0.50267872   -0.00449288    0.18803731
  458   12    -7.05609    -3.93427     1.22899     -0.00202401    0.50267872   -0.00402645    0.17683376
  459   12    -6.16205    -4.65629     1.83197     -0.00190893    0.50267872   -0.00379751    0.16939763
  460   12    -5.44681    -4.75739     2.91013     -0.00207010    0.50267872   -0.00411814    0.16915996
  461   12    -5.18357    -4.19894     4.05165     -0.00214654    0.50267872   -0.00427020    0.17243158
  462   12    -5.47289    -3.19427     4.82051     -0.00224979    0.50267872   -0.00447560    0.17127776
  463   12    -6.20424    -2.12711     4.92302     -0.00186450    0.50267872   -0.00370914    0.16800836
  464   12    -6.93876    -1.45963     4.52050     -0.00080882    0.22734164   -0.00355773    0.16712403
  465    5    -7.36884    -0.88668     3.76707     -0.00169497    0.49655527   -0.00341345    0.17274351
  466    5    -7.94425    -1.15563     2.46174     -0.00211463    0.49655527   -0.00425859    0.18855236
  467    5    -7.92892    -2.07486     1.33830     -0.00246069    0.49655527   -0.00495553    0.19534025
  468    5    -7.32869    -3.29325     0.82587     -0.00198486    0.49655527   -0.00399726    0.18263414
  469    5    -6.37284    -4.34542     1.12019     -0.00172470    0.49655527   -0.00347333    0.16895134
  470    5    -5.42646    -4.82947     2.10882     -0.00168099    0.49655527   -0.00338530    0.16444515
  471    5    -4.85105    -4.56052     3.41415     -0.00187665    0.49655527   -0.00377934    0.16867092
  472    5    -4.86639    -3.64129     4.53759     -0.00210942    0.49655527   -0.00424811    0.17135489
  473    5    -5.46662    -2.42290     5.05002     -0.00177724    0.49655527   -0.00357913    0.16614115
  474    5    -6.42247    -1.37073     4.75570     -0.00164673    0.49655527   -0.00331631    0.16427730
  475    6     1.28412     2.34891    -3.34826     -0.00156873    0.41743724   -0.00375801    0.17328505
  476    7     1.53070     1.98311    -3.54706     -0.00136630    0.41743724   -0.00327307    0.16618627
  477   10     0.32675     2.56327    -3.51185     -0.00219634    0.41743724   -0.00526149    0.18785067
  478    6     3.00439    -1.51496     2.74965     -0.00164916    0.49378696   -0.00333982    0.17961468
  479    7     3.22637    -1.81920     2.44164     -0.00133225    0.49378696   -0.00269802    0.17629433
  480   11     2.25587    -2.00362     3.18140     -0.00204516    0.49378696   -0.00414179    0.18418158
  481    6     3.60227    -1.12347     2.74479     -0.00031414    0.08377267   -0.00374996    0.17569576
  482    7     3.83083    -1.42384     2.44559     -0.00035845    0.08377267   -0.00427882    0.17279345
  483   13     3.64663    -0.90142     2.93574     -0.00029915    0.08377267   -0.00357100    0.17610512
  484    6     1.98505     2.57872    -3.29906     -0.00035965    0.09246146   -0.00388970    0.16193731
  485    7     2.23351     2.23370    -3.52552     -0.00031457    0.09246146   -0.00340222    0.15311756
  486   14     2.02738     2.85558    -3.20342     -0.00046175    0.09246146   -0.00499394    0.16279220
  487    7     3.87976    -1.77089     2.31042     -0.00029889    0.11651240   -0.00256530    0.17052955
  488    6     3.50077    -1.33016     2.68499     -0.00021696    0.11651240   -0.00186209    0.17474647
  489    7     2.16751     1.91986    -3.79404     -0.00033957    0.15753868   -0.00215546    0.15039145
  490    6     1.86823     2.41181    -3.40938     -0.00036075    0.15753868   -0.00228992    0.16174844
  491    6     5.36478     2.16750     1.69704     -0.00030647    0.16149888   -0.00189764    0.13688819
  492    8     5.93909     1.90505     1.22109      0.00012754    0.16149888    0.00078973    0.12289849
  493   13     5.25844     2.09891     1.96521     -0.00052687    0.16149888   -0.00326238    0.14288913
  494    6     4.72926     3.77775    -0.41058     -0.00019867    0.21350192   -0.00093053    0.11730281
  495    8     5.34255     3.44519    -0.78440      0.00081323    0.21350192    0.00380900    0.09039232
  496   14     4.54689     3.94826    -0.57213     -0.00036986    0.21350192   -0.00173234    0.12205587
  497    8     5.98515     3.19093    -0.43727      0.00424133    1.12827046    0.00375914    0.07938505
  498    8     6.34197     2.29984     0.69471      0.00246827    1.12827046    0.00218766    0.10227065
  499    6     5.22470     3.06164     0.67362     -0.00024911    2.47918522   -0.00010048    0.11768444
  500    6     1.21874     2.85037    -3.16834     -0.00125348    0.31470651   -0.00398303    0.17744975
  501   10     0.27456     3.08149    -3.38669     -0.00188939    0.31470651   -0.00600366    0.19007362
  502   14     1.27288     3.13509    -3.09238     -0.00112514    0.31470651   -0.00357521    0.17693732
  503   10    -0.15959     3.07539    -3.81896     -0.00085494    0.14807833   -0.00577355    0.19106330
  504    6     1.20221     2.67405    -3.42422      0.00000835    0.21220662    0.00003937    0.17183213
  505    6     2.92701    -1.16875     3.10674     -0.00101796    0.30684164   -0.00331755    0.18088035
  506   11     2.19099    -1.66125     3.55290     -0.00152816    0.30684164   -0.00498030    0.18470268
  507   13     2.98485    -0.94948     3.30249     -0.00110907    0.30684164   -0.00361447    0.18047480
  508   11     1.99812    -2.21780     3.79883     -0.00051355    0.10172297   -0.00504855    0.18365831
  509    6     3.00887    -1.42230     3.09270      0.00012011    0.14569711    0.00082436    0.17663064
  510   13     3.49776    -0.73485     3.26160     -0.00035849    0.05621970   -0.00637652    0.17697564
  511    6     3.44248    -1.02110     2.94966     -0.00025565    0.06814509   -0.00375150    0.17705550
  512   13     4.93966     2.48791     2.40881     -0.00083203    0.24202665   -0.00343775    0.14675181
  513   13     4.16451     3.24686     2.66448     -0.00147366    0.53764717   -0.00274094    0.14881784
  514   13     2.93749     3.53581     3.14344     -0.00151080    0.53764717   -0.00281003    0.15455652
  515   13     1.82120     2.97082     3.64656     -0.00173283    0.53764717   -0.00322298    0.16424537
  516    6     4.70576     2.94215     2.10975     -0.00143035    0.52668591   -0.00271575    0.14343349
  517    6     3.48784     3.71747     2.54540     -0.00128737    0.52668591   -0.00244428    0.14800613
  518    6     2.10513     3.55458     3.12489     -0.00141482    0.52668591   -0.00268626    0.15743476
  519    6     1.21061     2.83292     3.54995     -0.00073801    0.29336564   -0.00251568    0.16488998
  520   14     1.06667     4.96905     0.46641     -0.00076644    0.23718912   -0.00323134    0.16596890
  521   14     2.12726     5.01984     0.73336     -0.00167258    0.52494951   -0.00318618    0.15614137
  522   14     3.39753     4.78360     0.43623     -0.00143218    0.52494951   -0.00272822    0.14515118
  523   14     4.15224     4.39522    -0.25536     -0.00072249    0.23718912   -0.00304603    0.13351759
  524    6     1.36149     4.81294     0.94867     -0.00136070    0.51794857   -0.00262709    0.16154231
  525    6     2.84014     4.74813     1.03924     -0.00120915    0.51794857   -0.00233450    0.14767199
  526    6     4.05957     4.31118     0.31754     -0.00133098    0.51794857   -0.00256971    0.13649892
  527   14     1.85345     3.17902    -3.13093     -0.00038912    0.06072349   -0.00640807    0.16643190
  528    6     1.74922     2.77562    -3.22295     -0.00031436    0.07360423   -0.00427089    0.16710968
  529    7     3.63938     2.43371    -3.45375     -0.00039003    0.32853628   -0.00118718    0.11931899
  530    8     4.09177     2.50008    -3.44994      0.00025532    0.32853628    0.00077714    0.10410113
  531   14     3.34500     2.98345    -3.07278     -0.00079751    0.32853628   -0.00242747    0.13302722
  532    7     4.53599    -0.82636    -4.98776     -0.00000298    0.03890069   -0.00007672    0.09325154
  533    8     4.95157    -0.65061    -4.93507      0.00011314    0.03890069    0.00290854    0.07909958
  534   15     4.25445    -0.86097    -5.07712     -0.00009035    0.03890069   -0.00232259    0.10172991
  535    7     4.09678     0.38717    -4.91169     -0.00003445    0.03890069   -0.00088569    0.10233806
  536    8     4.53062     0.51245    -4.86216      0.00010545    0.03890069    0.00271063    0.08757309
  537   15     3.85458     0.24386    -5.00786     -0.00007784    0.03890069   -0.00200095    0.10971221
  538    7     6.47495    -3.15897    -1.52574     -0.00011550    0.13520269   -0.00085428    0.11857424
  539    8     6.87148    -2.95040    -1.60562     -0.00015387    0.13520269   -0.00113807    0.11585433
  540   17     7.05251    -2.91605    -1.33606     -0.00038788    0.13520269   -0.00286887    0.12497863
  541    8     6.70242    -2.95896    -2.18743      0.00086620    0.61790612    0.00140183    0.09705322
  542    8     6.15160    -2.27068    -3.76850      0.00461551    1.29290417    0.00356988    0.06469251
  543    8     5.46911    -0.96962    -4.82603      0.00161032    0.61790612    0.00260609    0.06524292
  544    7     5.94442    -3.07512    -2.75235      0.00131242    1.32646322    0.00098941    0.09401426
  545    7     5.14618    -1.78756    -4.46014      0.00168710    1.32646322    0.00127188    0.08192835
  546    8     4.73799     1.03922    -4.72193      0.00079985    0.56145937    0.00142459    0.08025727
  547    8     4.48111     2.07290    -4.02596      0.00086237    0.56145937    0.00153594    0.08822161
  548    7     3.98502     1.37938    -4.34204     -0.00054243    1.20545274   -0.00044998    0.10550558
  549    7     1.51171     1.47605    -3.90095     -0.00116207    0.46390562   -0.00250497    0.16189218
  550   10     0.29822     2.00607    -3.75069     -0.00219656    0.46390562   -0.00473494    0.18227669
  551   15     1.41684     1.25084    -4.08170     -0.00124697    0.46390562   -0.00268798    0.16126207
  552   10    -0.15972     2.78402    -3.97897     -0.00087566    0.26731809   -0.00327573    0.18726452
  553    7     1.60335     1.84957    -4.01230      0.00015895    0.40727762    0.00039028    0.15568914
  554    7     3.32854    -2.26615     2.22043     -0.00098554    0.41188659   -0.00239274    0.17391272
  555   11     2.31507    -2.42987     2.89942     -0.00154231    0.41188659   -0.00374450    0.18008021
  556   16     3.29605    -2.56102     2.15637     -0.00107813    0.41188659   -0.00261753    0.17271036
  557   11     2.06227    -2.44312     3.63651     -0.00042970    0.11573784   -0.00371266    0.18115541
  558    7     3.47060    -2.13395     2.51046      0.00016640    0.17267006    0.00096366    0.16957791
  559    7     5.21295    -0.89561     2.02024     -0.00150922    0.46474392   -0.00324742    0.16856745
  560   13     4.89894    -0.37269     2.44133     -0.00153919    0.46474392   -0.00331190    0.16731265
  561   17     5.84204    -0.78493     1.86847     -0.00226553    0.46474392   -0.00487480    0.17029361
  562   13     4.02455    -0.59199     3.02929     -0.00262710    0.77977526   -0.00336905    0.17369804
  563    7     4.56525    -1.25856     2.30861     -0.00177019    1.09902409   -0.00161069    0.16785858
  564   14     2.61070     3.22199    -3.09585     -0.00226104    0.74519826   -0.00303414    0.15214455
  565    7     2.78135     2.28663    -3.66119     -0.00140500    1.05090092   -0.00133695    0.13931916
  566   15     2.13874     1.04793    -4.54916     -0.00071737    0.24066083   -0.00298085    0.14590592
  567   15     3.05516     0.58759    -4.95651     -0.00129002    0.53288179   -0.00242083    0.12850537
  568    7     2.71220     1.17028    -4.47859     -0.00127999    0.52541835   -0.00243614    0.13712752
  569    7     3.68354     0.57617    -4.89761     -0.00046846    0.29171010   -0.00160592    0.11358637
  570   15     3.94751    -1.26036    -5.18518     -0.00046505    0.26756124   -0.00173813    0.11024469
  571   15     3.55660    -2.36562    -4.85521     -0.00147972    0.60697187   -0.00243787    0.11942353
  572   15     2.48599    -3.14226    -4.22158     -0.00124523    0.60697187   -0.00205155    0.13097937
  573   15     1.18131    -2.92024    -3.58965     -0.00112523    0.60697187   -0.00185383    0.14626224
  574    7     4.19091    -1.74187    -4.87553     -0.00101596    0.57130238   -0.00177833    0.10716533
  575    7     3.36582    -3.03729    -4.30358     -0.00108661    0.57130238   -0.00190198    0.12108152
  576    7     1.94917    -3.36807    -3.54878     -0.00099469    0.57130238   -0.00174109    0.13593525
  577    7     0.81198    -2.88582    -3.03263     -0.00068973    0.32431666   -0.00212673    0.14997985
  578    7     6.03073    -3.45281    -0.67021     -0.00040150    0.13009857   -0.00308612    0.13889731
  579   16     5.82721    -3.60936    -0.51870     -0.00031913    0.13009857   -0.00245301    0.14108243
  580   17     6.58449    -3.13019    -0.54252     -0.00065885    0.13009857   -0.00506424    0.14407122
  581    7     5.50537    -2.44708     1.34163     -0.00058749    0.13009857   -0.00451576    0.16610661
  582   16     5.35193    -2.69950     1.30136     -0.00049853    0.13009857   -0.00383194    0.16380418
  583   17     6.11634    -2.23396     1.25027     -0.00093256    0.13009857   -0.00716807    0.17036801
  584   16     4.84140    -2.88716     1.57561     -0.00068903    0.24218771   -0.00284501    0.16313734
  585   16     4.08196    -2.70572     1.93983     -0.00068622    0.24218771   -0.00283342    0.16753620
  586    7     4.57163    -2.40655     1.79275     -0.00151431    0.52825268   -0.00286663    0.16768077
  587   16     1.83666    -4.29248    -1.22831     -0.00055901    0.23938158   -0.00233523    0.14805913
  588   16     2.78502    -4.53865    -1.72232     -0.00107503    0.52932953   -0.00203093    0.13956294
  589   16     4.11376    -4.53891    -1.72542     -0.00112103    0.52932953   -0.00211782    0.13300781
  590   16     5.18297    -4.18519    -1.02028     -0.00136414    0.52932953   -0.00257712    0.13616666
  591    7     2.03812    -4.19238    -1.77284     -0.00100088    0.52330994   -0.00191259    0.14296550
  592    7     3.44832    -4.40110    -2.19288     -0.00083766    0.52330994   -0.00160070    0.13050138
  593    7     4.86055    -4.19294    -1.77942     -0.00104208    0.52330994   -0.00199132    0.12729362
  594    7     5.67475    -3.79404    -0.98346     -0.00061235    0.29015950   -0.00211041    0.13366811
  595   17     6.40045    -1.46653     1.67693     -0.00486209    0.87660022   -0.00554653    0.17484720
  596    7     5.53296    -1.87786     1.65306     -0.00298840    1.06254572   -0.00281249    0.16852976
  597   17     7.07155    -3.04738    -0.80543     -0.00147085    0.52357345   -0.00280925    0.13810846
  598    7     6.27919    -3.39116    -1.17952     -0.00051849    0.63463449   -0.00081698    0.12661532
  599    8     6.40887     1.58458     1.13614      0.00009994    0.34082566    0.00029322    0.12434373
  600   13     5.60597     1.68672     1.76641     -0.00041491    0.34082566   -0.00121736    0.13855081
  601   17     6.60050     1.33990     1.24486     -0.00062237    0.34082566   -0.00182606    0.13260583
  602   13     5.32818     2.08359     2.21562     -0.00010368    0.11320828   -0.00091586    0.14185711
  603    8     6.39220     1.87252     1.19557      0.00017651    0.14212868    0.00124191    0.11821122
  604   14     4.46831     4.18915    -0.93096     -0.00102143    0.78450655   -0.00130200    0.12137207
  605   14     4.03397     4.06013    -2.03611     -0.00302656    1.57684658   -0.00191938    0.12574283
  606   14     3.38571     3.55481    -2.90274     -0.00132299    0.78450655   -0.00168639    0.13337905
  607    8     5.50704     3.53229    -1.72854      0.00559149    1.94010659    0.00288205    0.07582792
  608    8     4.76723     3.09881    -3.07597      0.00386841    1.94010659    0.00199392    0.08507658
  609   15     3.89779    -0.22691    -5.16243     -0.00143535    0.94135677   -0.00152477    0.10962521
  610    8     4.97999    -0.09727    -5.00917      0.00178997    1.14856961    0.00155844    0.07611426
  611   17     7.58839    -2.75106    -1.41304     -0.00097595    0.30607351   -0.00318862    0.12418671
  612   17     8.48700    -1.96927    -1.80471     -0.00207020    0.66316566   -0.00312170    0.11553994
  613   17     9.16770    -0.61460    -1.69758     -0.00283839    0.66316566   -0.00428006    0.11611351
  614   17     9.09929     0.70094    -0.93953     -0.00282067    0.66316566   -0.00425334    0.12031557
  615   17     8.31098     1.41557     0.14576     -0.00239212    0.66316566   -0.00360712    0.12385182
  616   17     7.37268     1.39702     0.97723     -0.00087323    0.30607351   -0.00285302    0.13045695
  617    8     7.72509    -2.45724    -1.99264     -0.00065532    0.65427578   -0.00100160    0.10437710
  618    8     8.76352    -1.21899    -2.26793     -0.00108354    0.65427578   -0.00165610    0.09673726
  619    8     9.11290     0.30468    -1.77424     -0.00203013    0.65427578   -0.00310287    0.10283343
  620    8     8.62403     1.46313    -0.72239     -0.00177884    0.65427578   -0.00271879    0.10584994
  621    8     7.50568     1.76167     0.43845     -0.00093305    0.65427578   -0.00142608    0.11268991
  622   14     1.28860     3.60177    -3.15313     -0.00181411    0.89418274   -0.00202879    0.17100568
  623   14     1.00496     4.53673    -2.51893     -0.00491666    1.78753670   -0.00275052    0.17409383
  624   14     0.60932     5.07797    -1.56639     -0.00169226    0.89418274   -0.00189252    0.17362059
  625   10    -0.19813     3.92958    -3.48307     -0.00677091    1.78753670   -0.00378784    0.19055705
  626   10    -0.62186     4.85043    -2.49326     -0.00633072    1.78753670   -0.00354159    0.19043925
  627   15     1.18715     1.05318    -4.58587     -0.00065190    0.90648847   -0.00071914    0.15417449
  628   10    -0.33630     2.39367    -4.28625     -0.00168740    0.90648847   -0.00186147    0.18189986
  629   13     2.28420     0.25222     4.55382     -0.00152087    0.89081116   -0.00170728    0.17013794
  630   13     2.86899    -0.52231     3.99850     -0.00395822    1.78006671   -0.00222364    0.17467796
  631   11     1.47883    -1.14356     4.79292     -0.00518994    1.78006671   -0.00291559    0.17816756
  632   11     2.01020    -1.89717     4.16050     -0.00230974    0.89081116   -0.00259285    0.17982622
  633   16     3.32194    -3.05972     2.26728     -0.00097619    1.05423893   -0.00092597    0.16529867
  634   16     2.73008    -3.96741     1.76364     -0.00358564    2.10456967   -0.00170374    0.16199169
  635   11     1.83279    -3.29003     3.34469     -0.00517000    2.10456967   -0.00245656    0.17639407
  636   11     1.18651    -4.11906     2.77647     -0.00149608    1.05423893   -0.00141911    0.16799989
  637   17     6.80263     1.08537     1.64042     -0.00116559    1.07031956   -0.00108901    0.13876741
  638   17     6.52920    -0.08007     2.01346     -0.00598477    2.13794496   -0.00279931    0.16066324
  639   13     5.36919     1.22763     2.65530     -0.00371461    2.13794496   -0.00173747    0.15167200
  640   13     5.02632     0.05185     2.92391     -0.00143360    1.07031956   -0.00133941    0.16042534
  641   17     6.55695    -2.42873     1.17685     -0.00273694    0.75887446   -0.00360658    0.16667431
  642   17     6.83504    -2.95596     0.21551     -0.00583151    1.51823469   -0.00384098    0.15715929
  643   16     5.56946    -3.29268     0.85702     -0.00354549    1.51823469   -0.00233527    0.15639480
  644   16     5.80549    -3.74967    -0.15041     -0.00122509    0.75887446   -0.00161435    0.14274979
