COSMO Results from DMol3

Note: COSMO for ideal conductor limit (fepsi= 1.0000)
  Basic Grid Size                  =   1082
  Number of Segments on an Atom    =     92
  Number of Segments on Hydrogen   =     32
  Solvent Radius    [au]           =   2.46
  A - Matrix Cutoff [au]           =  13.23
  factor for Outlying Charge corr  =   0.85
  maximum segment or cutoff radius =   1.46
  total number of segments         =    442
  number of charge corr segments   =    220




$coordinates xyz [au]                         and cosmo atom analysis:   radius   charge    area  charge density  (srad)
N            -2.45416478921431    0.90873156701706    0.20595350248594   3.4582  -0.0526    24.60    -0.00214    5.9148
C            -2.09947324700627   -1.68445701327999    0.20553730731444   3.7795  -0.0860    60.61    -0.00142    6.2361
C             0.45287423023698   -2.09286164142577    0.11398545471905   3.7795  -0.0731    56.60    -0.00129    6.2361
N             1.55169976945652    0.28256772012904    0.02789056425481   3.4582  -0.0232     8.49    -0.00274    5.9148
C            -0.21425445330232    2.10549864064554    0.10742199747049   3.7795  -0.1480    63.08    -0.00235    6.2361
O             4.11492297392789    0.77709104172934    0.15783548175427   3.2503   0.0329    60.99     0.00054    5.7070
H            -4.16659061463876    1.81218395733681    0.28047040758921   2.4566  -0.1819    30.65    -0.00594    4.9133
H            -3.66652777444209   -3.00502405724536    0.27782556013275   2.4566  -0.0801    23.00    -0.00348    4.9133
H             1.57869572224595   -3.80614085771964    0.11211018877837   2.4566  -0.0890    24.97    -0.00356    4.9133
H             0.14157902394689    4.12454109219928    0.10866922994107   2.4566  -0.1041    24.47    -0.00425    4.9133
H             4.76123915878957    0.57786955061368   -1.59769969444043   2.4566  -0.1944    33.12    -0.00587    4.9133
$end


$cosmo_energy               [Hartree atomic units]       [eV]     [kcal/mol]
  Total energy                 =       -301.938185
  Total energy + OC corr.      =       -301.935111
  Dielectric energy            =         -0.103361      -2.813      -64.86
  Diel. energy + OC corr.      =         -0.100287      -2.729      -62.93

  Surface area of cavity [au]  =           410.565
  Total Volume of cavity [au]  =           677.571


$screening_charge
  cosmo           =   -1.01787
  corrected total =   -0.99953


$segment information
    n  atom        position (X, Y, Z) [au]            charge       area [au]   charge/area    potential [au]

    1    1    -4.08551     0.58918     3.23839     -0.00068411    0.55557476   -0.00123135    0.18351189
    2    1    -4.17181     1.63134    -2.70723     -0.00147101    0.97225583   -0.00151299    0.19193204
    3    1    -3.33282     2.94520     2.85923     -0.00053437    0.41668107   -0.00128244    0.19848927
    4    1    -4.76280     0.77176     2.77704     -0.00089774    0.69446845   -0.00129271    0.20137489
    5    1    -4.08257     1.40974     3.21533     -0.00181744    0.97225583   -0.00186930    0.18923306
    6    1    -3.49282     2.33046     3.18236     -0.00106622    1.25004321   -0.00085295    0.18965079
    7    1    -3.59538     3.28311    -2.03438     -0.00067995    0.55557476   -0.00122387    0.21148423
    8    1    -3.66735     2.46018    -2.63664     -0.00178618    1.11114952   -0.00160750    0.19487599
    9    1    -4.67700     0.70873    -2.43565     -0.00087440    0.97225583   -0.00089935    0.19475974
   10    1    -5.23904     0.31880    -1.75758     -0.00094420    0.27778738   -0.00339899    0.21002985
   11    1    -3.17167     0.78609     3.58667      0.00076251    0.69446845    0.00109798    0.17211649
   12    1    -2.27896     0.91970     3.65969      0.00000654    0.55557476    0.00001177    0.16934134
   13    1    -3.06068     1.68872    -3.10810      0.00072354    0.97225583    0.00074419    0.18067700
   14    1    -3.75469     0.82412    -2.99726     -0.00033209    0.97225583   -0.00034157    0.18018845
   15    1    -2.72314     0.87828    -3.24164      0.00003208    0.69446845    0.00004619    0.17614856
   16    1    -3.03725     1.58523     3.54683     -0.00026530    0.97225583   -0.00027287    0.17557512
   17    2    -4.61898    -1.39353    -2.59654     -0.00142936    1.49307918   -0.00095732    0.17319233
   18    2    -2.26372    -4.53221    -2.27386     -0.00032543    1.16128380   -0.00028023    0.15684536
   19    2    -2.31484    -5.12355     1.75810     -0.00147261    0.99538612   -0.00147944    0.16420529
   20    2    -3.21960    -2.62865     3.68952     -0.00054513    1.49307918   -0.00036511    0.15172776
   21    2    -4.09658    -3.09257     3.08878     -0.00134525    1.32718149   -0.00101361    0.16251261
   22    2    -2.28181    -5.41402     0.78973     -0.00103305    0.66359074   -0.00155676    0.17078126
   23    2    -3.15349    -4.53498    -2.04117     -0.00120783    0.99538612   -0.00121343    0.16249119
   24    2    -5.09292    -2.19575    -2.04435     -0.00127356    0.82948843   -0.00153535    0.17679567
   25    2    -5.73969    -1.46405     1.19777     -0.00218837    0.82948843   -0.00263821    0.20038304
   26    2    -5.43034    -1.41759    -1.56033     -0.00205436    0.99538612   -0.00206389    0.18887992
   27    2    -4.07060    -2.37992    -2.94329     -0.00113124    1.82487455   -0.00061990    0.16151502
   28    2    -3.03597    -3.66515    -2.87406     -0.00028659    1.16128380   -0.00024679    0.15421741
   29    2    -2.41733    -5.11290    -1.35294     -0.00089785    0.82948843   -0.00108241    0.16536143
   30    2    -2.09978    -5.45044    -0.11304     -0.00074445    0.33179537   -0.00224371    0.17123433
   31    2    -2.22109    -4.61902     2.58416     -0.00080115    1.16128380   -0.00068988    0.15530412
   32    2    -3.04713    -3.72006     3.24570     -0.00054659    1.16128380   -0.00047067    0.15263335
   33    2    -4.38464    -1.89867     3.20828     -0.00127982    1.49307918   -0.00085717    0.16629855
   34    2    -5.07748    -1.27329     2.49611     -0.00269102    1.32718149   -0.00202762    0.18426607
   35    2    -3.44575    -1.09349    -3.27619      0.00008528    1.65897686    0.00005141    0.16476734
   36    2    -2.10153    -1.03198    -3.51715     -0.00039868    1.65897686   -0.00024032    0.16341832
   37    2    -1.87063    -2.23345    -3.52680      0.00048209    0.99538612    0.00048432    0.15378644
   38    2    -2.11573    -3.40534    -3.15934      0.00045923    1.16128380    0.00039545    0.15081979
   39    2    -1.99654    -2.37609     3.91975      0.00054908    1.65897686    0.00033097    0.14577166
   40    2    -3.03951    -1.54654     3.86364     -0.00051449    1.32718149   -0.00038766    0.15474975
   41    2    -2.90225    -0.75216     3.77916     -0.00007056    0.66359074   -0.00010633    0.16036869
   42    2    -3.11502    -4.40883     2.62022     -0.00084504    0.82948843   -0.00101875    0.16033402
   43    2    -2.44957    -5.36039    -0.60011     -0.00129643    0.49769306   -0.00260488    0.17093280
   44    2    -4.02105    -3.42707    -2.54308     -0.00130469    1.32718149   -0.00098306    0.16269848
   45    2    -5.78900    -1.42145    -0.57065     -0.00196812    0.82948843   -0.00237269    0.20076652
   46    2    -5.21569    -2.07562     2.30803     -0.00098971    0.66359074   -0.00149144    0.18208668
   47    2    -1.75573    -1.04743     3.91504     -0.00022527    1.49307918   -0.00015087    0.15416950
   48    2    -2.83354    -2.40329    -3.43157     -0.00020649    1.65897686   -0.00012447    0.15404386
   49    2    -2.08109    -3.60240     3.46214      0.00031572    1.16128380    0.00027187    0.14623873
   50    2    -3.95118    -1.04386     3.43744      0.00006265    0.82948843    0.00007553    0.16731911
   51    3     2.75617    -2.68042     3.05233     -0.00101045    1.16128380   -0.00087012    0.14828598
   52    3    -0.31121    -4.56816     2.86597     -0.00018141    0.99538612   -0.00018225    0.14894926
   53    3    -0.67217    -5.47526    -1.14218     -0.00084331    0.66359074   -0.00127083    0.16609349
   54    3     1.23427    -3.47442    -3.31601     -0.00058853    1.49307918   -0.00039418    0.15959934
   55    3     1.84948    -4.18071    -2.70994     -0.00121661    1.16128380   -0.00104764    0.16628431
   56    3    -0.32000    -5.70452    -0.68782     -0.00140524    0.82948843   -0.00169411    0.16963710
   57    3     0.37002    -5.15425     2.32879     -0.00174142    1.49307918   -0.00116633    0.15723156
   58    3     3.03384    -3.43602     2.52621     -0.00229371    1.16128380   -0.00197515    0.15574444
   59    3     1.99397    -3.18385     3.38798     -0.00068512    1.32718149   -0.00051622    0.14518257
   60    3     0.82353    -4.19520     3.23282     -0.00054215    1.32718149   -0.00040850    0.14565818
   61    3    -0.56011    -5.38185     1.67628     -0.00076515    0.82948843   -0.00092243    0.16260970
   62    3    -0.61382    -5.71161     0.34026     -0.00147342    0.66359074   -0.00222037    0.17041129
   63    3    -0.34056    -5.12054    -2.00448     -0.00123825    1.32718149   -0.00093299    0.15967735
   64    3     0.69620    -4.32782    -2.92410     -0.00047085    1.16128380   -0.00040545    0.15641816
   65    3     2.45182    -3.09020    -2.93456     -0.00109448    1.16128380   -0.00094247    0.17418427
   66    3     1.90300    -1.86402     3.59667     -0.00109170    1.32718149   -0.00082257    0.14682932
   67    3     0.67890    -1.36534     3.81587     -0.00063890    1.49307918   -0.00042791    0.14954572
   68    3     0.10276    -2.38346     3.86596      0.00049086    0.99538612    0.00049313    0.14249404
   69    3    -0.05570    -3.62331     3.53209      0.00054864    1.32718149    0.00041339    0.14191356
   70    3     0.11865    -2.96432    -3.54840      0.00064602    1.82487455    0.00035401    0.15435094
   71    3     1.50252    -2.44272    -3.49987     -0.00092350    1.32718149   -0.00069583    0.16821488
   72    3     1.36625    -1.65950    -3.52773     -0.00066883    0.82948843   -0.00080631    0.17531137
   73    3     0.65928    -5.04889    -2.23197     -0.00117080    0.99538612   -0.00117622    0.16276675
   74    3    -0.25178    -5.67583     1.08873     -0.00122488    0.49769306   -0.00246111    0.16798245
   75    3     1.70821    -4.22066     2.97421     -0.00108558    1.16128380   -0.00093481    0.15113275
   76    3     3.00879    -3.56523    -2.24896     -0.00158140    0.82948843   -0.00190648    0.18011975
   77    3     0.27922    -1.55406    -3.62282     -0.00034503    1.49307918   -0.00023109    0.16677643
   78    3     0.97690    -2.82438     3.78477     -0.00023439    1.65897686   -0.00014129    0.14172702
   79    3    -0.39934    -4.28562    -2.84402      0.00061328    1.49307918    0.00041075    0.15278405
   80    4     1.84397     0.83401    -3.37353     -0.00027388    0.27778738   -0.00098593    0.20202509
   81    4     1.72443     0.11007    -3.42169     -0.00070385    0.55557476   -0.00126689    0.19771804
   82    4     1.61856     0.19404     3.48430     -0.00013839    0.13889369   -0.00099635    0.15983183
   83    4     2.09627     0.86239     3.39335     -0.00016306    0.13889369   -0.00117400    0.15820888
   84    4     2.17049     0.23577     3.42994     -0.00067834    0.69446845   -0.00097677    0.15579765
   85    4     1.22609     0.07307    -3.40858     -0.00018665    0.13889369   -0.00134381    0.19195512
   86    5    -0.76532     1.16598    -3.51170     -0.00127582    0.82948843   -0.00153808    0.18175032
   87    5     1.38097     3.60647    -2.97263     -0.00167267    1.16128380   -0.00144036    0.18624681
   88    5    -2.22459     4.10510    -2.39147     -0.00190619    1.16128380   -0.00164145    0.19339216
   89    5    -2.14436     4.91628     1.73787     -0.00285683    0.99538612   -0.00287007    0.20313065
   90    5     0.33016     3.67242     3.50338     -0.00177004    1.32718149   -0.00133368    0.16737316
   91    5     0.51076     4.52917     2.91533     -0.00216920    1.16128380   -0.00186793    0.17677347
   92    5    -2.42460     5.09591     0.78267     -0.00229690    0.66359074   -0.00346133    0.21359695
   93    5    -1.70513     4.91910    -1.92855     -0.00374465    1.49307918   -0.00250800    0.19775887
   94    5     1.17709     4.45305    -2.50745     -0.00210584    0.82948843   -0.00253873    0.18954264
   95    5     2.02227     4.15404    -2.14775     -0.00220308    0.82948843   -0.00265596    0.19072303
   96    5     0.45399     3.77187    -3.21839     -0.00166538    1.32718149   -0.00125483    0.18183647
   97    5    -1.04092     4.18648    -2.93732     -0.00204086    1.49307918   -0.00136688    0.18386855
   98    5    -2.55619     4.65743    -1.40492     -0.00206075    0.82948843   -0.00248436    0.20761781
   99    5    -2.65115     4.98665    -0.10400     -0.00171966    0.33179537   -0.00518288    0.21733710
  100    5    -1.91127     4.38404     2.59991     -0.00292485    1.49307918   -0.00195894    0.19039576
  101    5    -0.58131     4.20337     3.22965     -0.00163487    1.16128380   -0.00140782    0.17515583
  102    5     1.55253     3.67508     3.05684     -0.00228340    1.32718149   -0.00172049    0.16610574
  103    5     0.87290     2.43516    -3.49727     -0.00208018    1.49307918   -0.00139321    0.18501911
  104    5     0.04061     1.61383    -3.63126     -0.00169414    1.32718149   -0.00127649    0.18237030
  105    5    -1.11225     2.19636    -3.56269     -0.00128416    1.32718149   -0.00096759    0.17855124
  106    5    -1.76149     3.12810    -3.18570     -0.00122767    1.65897686   -0.00074002    0.18214325
  107    5    -1.08229     1.95399     3.78270     -0.00058253    1.16128380   -0.00050163    0.16883778
  108    5    -0.48594     2.88635     3.79532     -0.00178311    1.65897686   -0.00107483    0.16680724
  109    5     1.04202     2.76190     3.61100     -0.00225214    1.49307918   -0.00150838    0.16270782
  110    5     1.13844     2.00992     3.63520     -0.00113015    0.82948843   -0.00136247    0.16247306
  111    5    -0.96463     4.86199     2.58185     -0.00221503    0.99538612   -0.00222530    0.18784268
  112    5    -2.36072     5.13088    -0.61640     -0.00139020    0.49769306   -0.00279330    0.21246755
  113    5    -0.17570     4.60342    -2.72864     -0.00230660    1.16128380   -0.00198625    0.18719742
  114    5     1.82538     4.35983     2.35288     -0.00224645    0.99538612   -0.00225687    0.17525683
  115    5     0.04821     1.47197     3.82413     -0.00311440    1.99077223   -0.00156442    0.16562200
  116    5    -0.37249     3.04517    -3.54995     -0.00192904    1.65897686   -0.00116279    0.17868922
  117    5    -1.52020     3.53681     3.35241     -0.00156647    1.32718149   -0.00118030    0.17702860
  118    6     3.69508     1.27773     3.34182      0.00018966    0.61348964    0.00030915    0.12831781
  119    6     5.02340     3.47690     1.72323      0.00272409    1.10428136    0.00246685    0.11062369
  120    6     6.29694     0.51557     2.55264      0.00226606    1.22697929    0.00184686    0.09993650
  121    6     7.05130     2.07693    -0.34505     -0.00194525    0.98158343   -0.00198175    0.14814665
  122    6     6.57990    -1.32643    -0.09463      0.00024939    1.10428136    0.00022584    0.14156856
  123    6     4.55497     3.55222    -1.47611      0.00107996    0.85888550    0.00125740    0.15920940
  124    6     3.98237     2.22701     3.06383      0.00140827    0.98158343    0.00143469    0.12216309
  125    6     4.46136     2.91503     2.58145      0.00218341    0.98158343    0.00222438    0.11437190
  126    6     4.43503     1.07589     3.37854      0.00125347    0.98158343    0.00127699    0.11365826
  127    6     5.37956     0.85913     3.15093      0.00230229    1.22697929    0.00187639    0.10209047
  128    6     3.97077     0.16193     3.34616      0.00064207    0.85888550    0.00074756    0.12357193
  129    6     5.65049     2.74191     2.24261      0.00277899    1.34967722    0.00205901    0.10360014
  130    6     6.08449     1.68846     2.57753      0.00237865    1.34967722    0.00176239    0.10054599
  131    6     5.75306    -0.40071     2.70616      0.00380789    1.59507307    0.00238728    0.10123123
  132    6     5.12250    -1.29286     2.45233      0.00357282    1.34967722    0.00264717    0.11066071
  133    6     4.34363     3.70152     1.55788      0.00200106    0.73618757    0.00271814    0.12123090
  134    6     7.33189     0.95069    -0.27314     -0.00233316    0.85888550   -0.00271650    0.15324477
  135    6     7.14789    -0.33548    -0.19993     -0.00110732    0.98158343   -0.00112809    0.14967017
  136    6     5.81330    -1.92506    -0.45740      0.00104438    0.98158343    0.00106398    0.15246614
  137    6     5.44242     3.43727    -1.15593      0.00020110    0.73618757    0.00027317    0.14994316
  138    6     6.34550     2.91588    -0.84959     -0.00074666    1.10428136   -0.00067615    0.15088433
  139    6     5.97643     3.24453     1.16348      0.00244502    1.34967722    0.00181156    0.11069367
  140    6     6.62987     2.83048     0.31083      0.00028682    1.34967722    0.00021251    0.12607525
  141    6     7.21597     1.59889     0.68029     -0.00093665    1.71777100   -0.00054527    0.12688453
  142    6     6.92882     1.09854     1.75264      0.00117731    1.34967722    0.00087229    0.10856700
  143    6     6.80545    -0.16869     1.71709      0.00217497    1.47237514    0.00147718    0.10768848
  144    6     6.77051    -0.94911     0.88774      0.00188402    1.34967722    0.00139591    0.11956022
  145    6     5.90743    -1.90027     0.58593      0.00292170    1.10428136    0.00264579    0.12663448
  146    6     5.54322    -1.82221     1.48758      0.00272174    0.85888550    0.00316892    0.11590402
  147    6     4.71661     3.91311    -0.44888      0.00304929    1.10428136    0.00276134    0.13520275
  148    6     4.94273     3.89011     0.59217      0.00364323    1.22697929    0.00296927    0.11990460
  149    6     5.01008     2.01789     3.02555      0.00216254    1.22697929    0.00176249    0.10599409
  150    6     4.66657    -0.32320     3.16610      0.00224119    1.22697929    0.00182659    0.11176220
  151    6     6.59917     2.28326     1.61548      0.00142108    1.34967722    0.00105291    0.10845691
  152    6     6.13506    -1.20714     1.75362      0.00245125    0.98158343    0.00249724    0.10730376
  153    6     7.28926     0.27605     0.64497     -0.00071574    1.47237514   -0.00048611    0.12862134
  154    6     5.79270     3.54913    -0.09834      0.00193968    1.34967722    0.00143714    0.12688474
  155    7    -6.33608     2.96347     0.33519     -0.00817746    1.40183545   -0.00583339    0.22207730
  156    7    -5.93447     1.34900     1.92218     -0.00766456    1.40183545   -0.00546752    0.22007397
  157    7    -6.41883     0.96894    -0.22094     -0.00799933    1.40183545   -0.00570632    0.22425276
  158    7    -5.48617     2.45556    -1.68926     -0.00736804    1.54201899   -0.00477818    0.21935108
  159    7    -4.86150     4.12392    -0.17574     -0.00829601    1.54201899   -0.00537997    0.22804556
  160    7    -4.90715     3.36236     2.03653     -0.00687565    1.40183545   -0.00490475    0.22113663
  161    7    -6.56972     1.90677     0.78163     -0.00833469    1.47192722   -0.00566244    0.22186629
  162    7    -6.40202     2.25411    -0.63749     -0.00877237    1.54201899   -0.00568888    0.22145700
  163    7    -5.79799     3.38974    -0.66025     -0.00831310    1.47192722   -0.00564776    0.22277078
  164    7    -5.58920     3.74554     0.80344     -0.00830753    1.47192722   -0.00564398    0.22377855
  165    7    -6.02180     2.77875     1.56855     -0.00872563    1.54201899   -0.00565858    0.22050719
  166    7    -6.36779     0.95207     0.95132     -0.00584063    1.05137659   -0.00555522    0.22399306
  167    7    -6.02238     1.38979    -1.27281     -0.00663286    1.33174368   -0.00498059    0.22101825
  168    7    -4.88664     3.52705    -1.32447     -0.00711538    1.33174368   -0.00534290    0.22406838
  169    7    -4.63132     4.03511     1.21740     -0.00674679    1.12146836   -0.00601603    0.22756155
  170    7    -5.35456     2.28549     2.37807     -0.00634290    1.33174368   -0.00476286    0.21733040
  171    8    -5.29379    -4.82199     0.57080     -0.00744451    1.96256963   -0.00379324    0.17527654
  172    8    -4.17124    -4.99507     1.62696     -0.00411418    1.40183545   -0.00293485    0.17243559
  173    8    -3.91465    -5.32669    -0.48601     -0.00353004    1.19156013   -0.00296254    0.17421030
  174    8    -5.14059    -4.02484    -1.40214     -0.00393140    1.33174368   -0.00295207    0.17592934
  175    8    -6.11036    -2.78685     0.15416     -0.00399784    1.26165190   -0.00316874    0.18775833
  176    8    -5.47159    -3.38602     1.90010     -0.00428022    1.47192722   -0.00290790    0.17897039
  177    8    -4.06447    -5.40977     0.58445     -0.00560342    1.61211077   -0.00347583    0.17380909
  178    8    -4.68802    -4.87859    -0.93932     -0.00556709    1.68220254   -0.00330940    0.17400128
  179    8    -5.80355    -4.10540    -0.22960     -0.00568617    1.54201899   -0.00368748    0.17815766
  180    8    -6.00263    -3.29105     0.98212     -0.00555690    1.68220254   -0.00330334    0.18223587
  181    8    -4.98407    -4.32553     1.87643     -0.00533567    1.61211077   -0.00330974    0.17406065
  182    8    -5.79941    -3.16902    -0.93009     -0.00375349    1.26165190   -0.00297506    0.18276262
  183    9     2.71148    -5.97900    -0.06296     -0.00766901    1.96256963   -0.00390764    0.17222588
  184    9     1.50184    -5.90719    -1.15867     -0.00415400    1.40183545   -0.00296326    0.17256085
  185    9     1.12718    -6.08032     0.92416     -0.00390089    1.26165190   -0.00309189    0.17110027
  186    9     2.64240    -5.15638     1.86724     -0.00352615    1.19156013   -0.00295927    0.16677787
  187    9     3.86764    -4.55656     0.59450     -0.00314022    0.91119304   -0.00344627    0.17285668
  188    9     3.22833    -4.74169    -1.44949     -0.00480725    1.54201899   -0.00311751    0.17826547
  189    9     1.36198    -6.24083    -0.13394     -0.00582984    1.68220254   -0.00346560    0.17215688
  190    9     2.01804    -5.84540     1.40963     -0.00575731    1.68220254   -0.00342248    0.16857916
  191    9     3.25721    -5.42729     0.87995     -0.00512288    1.40183545   -0.00365441    0.17045362
  192    9     3.74030    -4.84040    -0.42909     -0.00694710    1.75229431   -0.00396457    0.17605232
  193    9     2.47296    -5.50662    -1.41885     -0.00538173    1.61211077   -0.00333831    0.17401589
  194    9     3.50463    -4.45983     1.48999     -0.00334837    0.98128481   -0.00341223    0.16901306
  195   10     0.23970     6.56848     0.33807     -0.00859388    1.96256963   -0.00437889    0.19388682
  196   10    -0.66005     6.00625     1.46940     -0.00511206    1.40183545   -0.00364669    0.19694023
  197   10    -1.20776     6.04618    -0.61359     -0.00448236    1.19156013   -0.00376176    0.20312755
  198   10     0.50409     5.81232    -1.63923     -0.00487864    1.33174368   -0.00366335    0.19570845
  199   10     2.00532     5.67393    -0.29260     -0.00533630    1.26165190   -0.00422961    0.19173546
  200   10     1.38386     5.61256     1.61784     -0.00560559    1.47192722   -0.00380833    0.18837367
  201   10    -1.07614     6.23123     0.44643     -0.00632307    1.61211077   -0.00392223    0.20084777
  202   10    -0.35897     6.18778    -1.12730     -0.00659031    1.68220254   -0.00391767    0.19756625
  203   10     1.00578     6.33994    -0.50800     -0.00616343    1.47192722   -0.00418732    0.19295978
  204   10     1.73724     5.89932     0.69102     -0.00665118    1.47192722   -0.00451869    0.18967885
  205   10     0.40711     6.01990     1.64884     -0.00611789    1.61211077   -0.00379496    0.19102367
  206   10     1.54960     5.57905    -1.28311     -0.00427216    1.12146836   -0.00380944    0.19467973
  207   11     5.53279     0.49750    -3.92866     -0.01108067    1.82238608   -0.00608031    0.21155723
  208   11     6.74945    -0.77921    -2.08808     -0.00909951    1.75229431   -0.00519291    0.19346737
  209   11     6.83654     1.68863    -2.30094     -0.00923587    1.68220254   -0.00549034    0.19287381
  210   11     4.74696     2.46834    -3.16648     -0.00882863    1.61211077   -0.00547644    0.20446445
  211   11     3.97793     0.69881    -3.92297     -0.00764337    1.26165190   -0.00605822    0.22124264
  212   11     5.05883    -1.27255    -3.18591     -0.00744452    1.26165190   -0.00590061    0.21226276
  213   11     6.71114     0.36175    -3.07632     -0.01051008    1.75229431   -0.00599790    0.20172570
  214   11     5.97781     1.61271    -3.46431     -0.01112342    1.89247786   -0.00587770    0.20427983
  215   11     4.48911     1.56637    -3.83017     -0.00907299    1.47192722   -0.00616402    0.21428837
  216   11     4.47959    -0.35909    -3.85111     -0.01101295    1.82238608   -0.00604315    0.21897122
  217   11     5.97992    -0.70733    -3.30009     -0.00985351    1.68220254   -0.00585750    0.20707254
  218   11     7.18939     0.47987    -1.95777     -0.00878192    1.61211077   -0.00544747    0.19159512
  219   11     5.87329     2.51437    -2.62166     -0.00665239    1.47192722   -0.00451951    0.19389014
  220   11     5.77557    -1.57697    -2.20008     -0.00750985    1.40183545   -0.00535715    0.19866627
  221    1    -1.91226     0.51256    -3.20600     -0.00042729    0.17731844   -0.00240973    0.18016413
  222    2    -1.84832     0.07688    -3.22832     -0.00039496    0.17731844   -0.00222738    0.17791357
  223    5    -1.53412     0.70872    -3.24581     -0.00045385    0.17731844   -0.00255950    0.18194056
  224    1    -1.63409     0.54957     3.56608     -0.00042730    0.17731844   -0.00240980    0.17122064
  225    2    -1.56834     0.11413     3.58784     -0.00037585    0.17731844   -0.00211962    0.16831306
  226    5    -1.25405     0.74598     3.57261     -0.00049281    0.17731844   -0.00277922    0.17221711
  227    1    -5.26991     0.10890     2.05624     -0.00073010    0.07722145   -0.00945460    0.21455820
  228    2    -5.22112    -0.32826     2.06182     -0.00071030    0.07722145   -0.00919817    0.20715664
  229    7    -5.43608     0.34876     1.93586     -0.00067361    0.07722145   -0.00872307    0.22069340
  230    1    -5.43001     0.08752    -1.36301     -0.00073894    0.07722145   -0.00956904    0.21666281
  231    2    -5.38170    -0.34970    -1.36767     -0.00070879    0.07722145   -0.00917871    0.20900036
  232    7    -5.58435     0.32896    -1.23063     -0.00061328    0.07722145   -0.00794183    0.22186185
  233    2    -5.03492    -0.61838    -1.90867     -0.00210489    0.72353201   -0.00290919    0.19480488
  234    2    -3.27465    -0.37746    -2.97780     -0.00241208    1.44922623   -0.00166439    0.17701127
  235    1    -4.42913     0.09785    -2.31474     -0.00471015    1.45304530   -0.00324157    0.19664033
  236    1    -2.60950     0.34686    -3.18697     -0.00070569    0.69084261   -0.00102149    0.17644310
  237    2    -2.24582    -0.23777     3.68660     -0.00064541    0.71630002   -0.00090103    0.16463668
  238    2    -4.15303    -0.49851     2.96726     -0.00395081    1.43383648   -0.00275541    0.18555864
  239    1    -3.06814     0.28313     3.39493     -0.00285603    1.43641761   -0.00198830    0.17649969
  240    1    -4.86148     0.03798     2.50956     -0.00270563    0.68393601   -0.00395597    0.20240257
  241    1    -3.57192     3.64911    -1.59290     -0.00074514    0.08178275   -0.00911125    0.22213805
  242    5    -3.20246     3.86167    -1.61634     -0.00073003    0.08178275   -0.00892646    0.21636590
  243    7    -3.85101     3.65501    -1.44537     -0.00069147    0.08178275   -0.00845501    0.22719082
  244    1    -3.41062     3.65073     2.09315     -0.00072000    0.08178275   -0.00880383    0.21882081
  245    5    -3.04053     3.86330     2.08404     -0.00079595    0.08178275   -0.00973251    0.21406671
  246    7    -3.70152     3.65652     1.97056     -0.00073524    0.08178275   -0.00899010    0.22505251
  247    5    -1.65087     1.45841    -3.32003     -0.00099083    0.67879461   -0.00145969    0.18145215
  248    5    -2.49986     3.11091    -2.54908     -0.00392840    1.35681768   -0.00289531    0.19822794
  249    1    -2.51372     1.80856    -2.98236     -0.00276982    1.36070509   -0.00203557    0.18675292
  250    1    -3.30282     3.36165    -2.05744     -0.00221264    0.64821094   -0.00341346    0.21036046
  251    5    -2.59060     3.70193     2.56556     -0.00226462    0.67189224   -0.00337050    0.20009504
  252    5    -1.71563     2.13574     3.43353     -0.00274819    1.34227207   -0.00204742    0.17897710
  253    1    -2.78438     2.80041     2.91074     -0.00419608    1.34496130   -0.00311985    0.19696003
  254    1    -1.89821     1.19802     3.59344     -0.00073917    0.64161833   -0.00115204    0.17210877
  255    7    -4.29310     3.40947    -1.58220     -0.00159268    0.27637455   -0.00576275    0.22600545
  256    7    -4.83041     2.42052    -1.93961     -0.00386918    0.60301520   -0.00641640    0.22288467
  257    7    -5.47167     1.17919    -1.62624     -0.00414972    0.60301520   -0.00688162    0.22466185
  258    1    -4.11789     2.93683    -1.96355     -0.00370595    0.59713631   -0.00620621    0.22038751
  259    1    -4.85139     1.55956    -2.12161     -0.00362986    0.59713631   -0.00607877    0.21471832
  260    1    -5.37778     0.51914    -1.60422     -0.00163866    0.32317280   -0.00507054    0.21693510
  261    7    -5.48781     0.84030     2.11048     -0.00170738    0.27413600   -0.00622823    0.22122616
  262    7    -4.96458     1.79655     2.54087     -0.00376947    0.59725971   -0.00631127    0.21994925
  263    7    -4.31561     3.04390     2.33160     -0.00416565    0.59725971   -0.00697460    0.22431507
  264    1    -4.98666     0.92331     2.48252     -0.00356589    0.59294165   -0.00601390    0.21563200
  265    1    -4.26167     2.27561     2.74784     -0.00354956    0.59294165   -0.00598636    0.21244958
  266    1    -3.71992     3.33760     2.32191     -0.00195640    0.32055519   -0.00610316    0.21771515
  267    2    -0.94380    -0.50068    -3.26202     -0.00071629    0.29211031   -0.00245210    0.17808273
  268    3    -0.52012    -0.56854    -3.27682     -0.00075843    0.29211031   -0.00259638    0.17952587
  269    5    -0.62927     0.13194    -3.24656     -0.00111571    0.29211031   -0.00381950    0.18558649
  270    2    -0.69094    -0.44979     3.56004     -0.00065714    0.29211031   -0.00224964    0.16546945
  271    3    -0.26728    -0.51766     3.54445     -0.00073672    0.29211031   -0.00252205    0.16461183
  272    5    -0.37876     0.18236     3.51192     -0.00112633    0.29211031   -0.00385583    0.17139405
  273    3    -0.29344    -1.31571     3.73352     -0.00031392    0.64056868   -0.00049007    0.15278721
  274    3    -0.60571    -3.20138     3.44004     -0.00024853    1.30759222   -0.00019006    0.14560566
  275    3    -0.94226    -4.96205     1.91216     -0.00297325    1.30759222   -0.00227384    0.16460432
  276    3    -1.09110    -5.37337    -0.40220     -0.00421571    1.30759222   -0.00322402    0.17520877
  277    3    -0.98584    -4.25188    -2.47072     -0.00132490    1.30759222   -0.00101324    0.15800038
  278    3    -0.67343    -2.09781    -3.37074     -0.00039654    1.30759222   -0.00030326    0.16039225
  279    2    -1.01613    -1.94866     3.69389     -0.00040594    1.30759222   -0.00031045    0.14983171
  280    2    -1.39311    -4.11572     2.85167     -0.00128143    1.30759222   -0.00097999    0.15330438
  281    2    -1.65059    -5.26785     0.81355     -0.00435297    1.30759222   -0.00332900    0.17489420
  282    2    -1.67371    -4.89114    -1.51136     -0.00289448    1.30759222   -0.00221359    0.16768529
  283    2    -1.45215    -3.15362    -3.08602     -0.00027826    1.30759222   -0.00021281    0.15418638
  284    2    -1.16350    -1.27270    -3.42987     -0.00039599    0.64056868   -0.00061819    0.16565058
  285    5    -0.96193     0.58415    -3.38336     -0.00103977    0.63241016   -0.00164414    0.18225669
  286    2    -1.54555    -0.24938    -3.35713     -0.00073693    0.63241016   -0.00116528    0.17458385
  287    5    -0.81894     0.69578     3.67354     -0.00105693    0.60610973   -0.00174379    0.16946653
  288    2    -1.13743    -0.26988     3.69035     -0.00072439    0.60610973   -0.00119515    0.16388556
  289    7    -5.83816     0.38708    -0.89803     -0.00432166    0.60218287   -0.00717666    0.22574508
  290    7    -6.01411     0.25575     0.37673     -0.00982942    1.22523850   -0.00802246    0.23384567
  291    7    -5.71989     0.40287     1.62773     -0.00421340    0.60218287   -0.00699688    0.22445568
  292    2    -5.71516    -0.72032    -0.53407     -0.00731370    1.65930442   -0.00440769    0.21306875
  293    2    -5.63079    -0.70906     1.26771     -0.00741275    1.65930442   -0.00446738    0.21213832
  294    8    -3.21684    -5.33306     0.92511     -0.00104586    0.22753488   -0.00459646    0.17582016
  295    8    -3.57692    -4.85708     1.81471     -0.00196152    0.50307217   -0.00389908    0.17483323
  296    8    -4.30942    -3.95610     2.39498     -0.00215205    0.50307217   -0.00427781    0.17489246
  297    8    -5.14034    -2.98172     2.18243     -0.00181391    0.50307217   -0.00360566    0.18290553
  298    8    -5.75231    -2.30612     1.25826     -0.00257192    0.50307217   -0.00511242    0.19534691
  299    8    -5.91156    -2.18736    -0.02453     -0.00243702    0.50307217   -0.00484427    0.19890564
  300    8    -5.55727    -2.67079    -1.17597     -0.00212743    0.50307217   -0.00422888    0.18927350
  301    8    -4.82477    -3.57177    -1.75623     -0.00195822    0.50307217   -0.00389252    0.17909936
  302    8    -3.99385    -4.54615    -1.54368     -0.00221574    0.50307217   -0.00440442    0.17587855
  303    8    -3.38188    -5.22175    -0.61951     -0.00199070    0.50307217   -0.00395709    0.17822972
  304    8    -3.17596    -5.40950     0.41488     -0.00105469    0.22753488   -0.00463527    0.17679549
  305    2    -2.94878    -5.12714     1.38967     -0.00211479    0.49701994   -0.00425494    0.17471848
  306    2    -3.58789    -4.31301     2.40803     -0.00177855    0.49701994   -0.00357843    0.16990493
  307    2    -4.50730    -3.21016     2.62427     -0.00175546    0.49701994   -0.00353196    0.17442932
  308    2    -5.35582    -2.23986     1.95580     -0.00194032    0.49701994   -0.00390391    0.18916208
  309    2    -5.80935    -1.77271     0.65795     -0.00259895    0.49701994   -0.00522906    0.20334758
  310    2    -5.69466    -1.98717    -0.77355     -0.00222869    0.49701994   -0.00448411    0.19723241
  311    2    -5.05555    -2.80130    -1.79192     -0.00195243    0.49701994   -0.00392828    0.18150516
  312    2    -4.13614    -3.90415    -2.00816     -0.00176226    0.49701994   -0.00354566    0.17281281
  313    2    -3.28762    -4.87445    -1.33969     -0.00198734    0.49701994   -0.00399850    0.17389539
  314    2    -2.83409    -5.34160    -0.04183     -0.00224753    0.49701994   -0.00452202    0.17813191
  315    3     0.40799    -0.30792    -3.31731     -0.00061863    0.17650746   -0.00350486    0.18584881
  316    4     0.59879     0.08974    -3.31045     -0.00061583    0.17650746   -0.00348897    0.18964668
  317    5     0.29674     0.39206    -3.31959     -0.00057024    0.17650746   -0.00323067    0.18901496
  318    3     0.78794    -0.23686     3.49110     -0.00051609    0.17650746   -0.00292389    0.16387092
  319    4     0.97634     0.16035     3.45479     -0.00064576    0.17650746   -0.00365852    0.16605555
  320    5     0.67683     0.46315     3.49118     -0.00067495    0.17650746   -0.00382390    0.16831228
  321    3     2.51759    -0.97513     3.21288     -0.00059435    0.16053419   -0.00370231    0.15298012
  322    4     2.69641    -0.57304     3.18985     -0.00063659    0.16053419   -0.00396546    0.15260993
  323    6     3.14281    -0.46749     3.13482     -0.00043517    0.16053419   -0.00271077    0.14526532
  324    3     2.14118    -0.98157    -3.24082     -0.00097468    0.24491244   -0.00397971    0.19851220
  325    4     2.32125    -0.57894    -3.25478     -0.00154152    0.24491244   -0.00629419    0.20704866
  326   11     2.97362    -0.45563    -3.31891     -0.00242644    0.24491244   -0.00990737    0.22045676
  327    4     1.51094    -0.41237    -3.33457     -0.00184432    0.74041246   -0.00249094    0.19429003
  328    3     0.98848    -0.86525    -3.40240     -0.00131977    0.77543829   -0.00170196    0.18331247
  329    4     1.66773    -0.24051     3.40649     -0.00181292    0.80636413   -0.00224826    0.16045238
  330    3     1.69515    -0.94333     3.46080     -0.00149293    0.84449218   -0.00176784    0.15554427
  331    5    -0.10339     0.47707    -3.41956     -0.00108503    0.54202253   -0.00200182    0.18535974
  332    3    -0.07222    -0.54134    -3.41029     -0.00069068    0.54202253   -0.00127426    0.17856179
  333    5     0.08337     0.51783     3.63561     -0.00122839    0.65370877   -0.00187910    0.16783205
  334    3     0.39575    -0.45592     3.63175     -0.00095611    0.65370877   -0.00146260    0.16088459
  335    3     3.85943    -3.11389     1.47207     -0.00063728    0.16758976   -0.00380263    0.16274509
  336    6     4.37932    -2.50119     1.39427     -0.00018363    0.16758976   -0.00109571    0.14518468
  337    9     3.82464    -3.37151     1.34204     -0.00079179    0.16758976   -0.00472456    0.16702297
  338    6     3.60440    -0.72857     3.11017     -0.00028582    0.89705824   -0.00031861    0.13483930
  339    6     4.39290    -1.72164     2.25522      0.00096415    1.80682830    0.00053361    0.12864684
  340    3     3.04936    -1.88468     2.92338     -0.00344239    1.97339300   -0.00174440    0.14905317
  341    3     3.82466    -2.85883     1.93269     -0.00167857    0.99250830   -0.00169124    0.15314098
  342    3     3.80505    -3.05399    -1.43486     -0.00081214    0.14596276   -0.00556399    0.18846781
  343    9     3.76312    -3.30269    -1.29250     -0.00073448    0.14596276   -0.00503200    0.18717108
  344   11     4.39150    -2.28715    -1.62379     -0.00098758    0.14596276   -0.00676597    0.19245726
  345    9     3.53340    -3.93413     1.59224     -0.00101721    0.24015586   -0.00423562    0.16993851
  346    9     2.70237    -4.48080     2.12273     -0.00235774    0.53721940   -0.00438879    0.16902710
  347    9     1.56537    -5.22786     2.04576     -0.00249942    0.53721940   -0.00465250    0.16950333
  348    9     0.70912    -5.78952     1.14678     -0.00215233    0.53721940   -0.00400642    0.17502016
  349    9     0.49740    -5.92716    -0.19225     -0.00268721    0.53721940   -0.00500208    0.17818199
  350    9     1.02017    -5.58229    -1.40245     -0.00215552    0.53721940   -0.00401236    0.17606204
  351    9     2.05532    -4.90145    -1.96963     -0.00237288    0.53721940   -0.00441697    0.17781347
  352    9     3.16306    -4.17389    -1.65283     -0.00207813    0.53721940   -0.00386831    0.18539104
  353    3     3.16590    -3.79213     2.03071     -0.00204576    0.51876581   -0.00394352    0.16741986
  354    3     1.94078    -4.59764     2.44511     -0.00198166    0.51876581   -0.00381995    0.16413080
  355    3     0.76204    -5.37157     1.86797     -0.00204954    0.51876581   -0.00395079    0.16870109
  356    3     0.13048    -5.78511     0.54449     -0.00241214    0.51876581   -0.00464976    0.17650824
  357    3     0.31442    -5.66256    -0.96304     -0.00228728    0.51876581   -0.00440908    0.17544698
  358    3     1.23573    -5.05599    -2.01412     -0.00190767    0.51876581   -0.00367732    0.17252822
  359    3     2.50296    -4.22311    -2.16219     -0.00199688    0.51876581   -0.00384929    0.17964067
  360    3     3.44167    -3.60685    -1.63764     -0.00133572    0.29109801   -0.00458856    0.18648454
  361   11     4.74891    -1.89894    -2.25334     -0.00511679    0.95548815   -0.00535516    0.20370447
  362   11     3.88359    -1.09384    -3.17520     -0.01393252    1.93271347   -0.00720879    0.22434903
  363    3     3.36133    -2.58382    -2.40918     -0.00750107    2.68580942   -0.00279285    0.19128432
  364    3     2.35366    -1.55070    -3.33355     -0.00268800    1.36624019   -0.00196744    0.18967236
  365    4     2.32596     1.40319     3.22038     -0.00073300    0.16171201   -0.00453277    0.15931660
  366    5     2.03472     1.71450     3.24588     -0.00054596    0.16171201   -0.00337610    0.16163719
  367    6     2.77940     1.47435     3.16707     -0.00055697    0.16171201   -0.00344423    0.15111924
  368    4     2.13560     1.36106    -3.22236     -0.00118915    0.20182637   -0.00589196    0.20813003
  369    5     1.84164     1.67003    -3.20446     -0.00099001    0.20182637   -0.00490527    0.20200564
  370   11     2.79906     1.34549    -3.28315     -0.00176916    0.20182637   -0.00876574    0.21866065
  371    5     0.94960     1.38241    -3.37414     -0.00195455    0.84838439   -0.00230385    0.19276619
  372    4     1.13924     0.71712    -3.33084     -0.00197996    0.81020574   -0.00244377    0.19538205
  373    5     1.07476     1.20316     3.51435     -0.00175627    0.79011032   -0.00222282    0.16656405
  374    4     1.70244     0.97004     3.37824     -0.00193596    0.75453935   -0.00256575    0.16383792
  375    6     3.25415     0.73089     3.24009     -0.00124118    0.91994484   -0.00134919    0.14171992
  376    4     2.66817     0.27498     3.25420     -0.00233074    0.94999637   -0.00245342    0.15372346
  377   11     3.31456     0.34017    -3.53145     -0.00879171    1.05876380   -0.00830375    0.23098317
  378    4     2.33274     0.56125    -3.35032     -0.00583643    1.36199850   -0.00428520    0.21271316
  379    5     2.60743     4.36274    -1.07844     -0.00074036    0.14591136   -0.00507404    0.18961807
  380    6     3.28830     3.98223    -0.99432     -0.00032260    0.14591136   -0.00221091    0.17152680
  381   10     2.46179     4.58617    -0.96369     -0.00096619    0.14591136   -0.00662173    0.19297972
  382    5     2.58015     4.36604     1.35017     -0.00088116    0.14591136   -0.00603903    0.17672264
  383    6     3.26273     3.98533     1.28241     -0.00028531    0.14591136   -0.00195534    0.15357273
  384   10     2.43714     4.58916     1.23158     -0.00080075    0.14591136   -0.00548789    0.18265079
  385    5     2.87871     3.25910    -2.17841     -0.00103554    0.21660399   -0.00478082    0.19205141
  386    6     3.63175     3.03716    -2.17143     -0.00073816    0.21660399   -0.00340789    0.19104205
  387   11     3.77735     2.84523    -2.39950     -0.00096640    0.21660399   -0.00446159    0.19839000
  388    6     3.66045     3.47749    -1.72863     -0.00089342    1.11016557   -0.00080476    0.17586223
  389    5     2.66492     4.05231    -1.61524     -0.00302397    1.22638034   -0.00246577    0.18716552
  390    6     3.67874     3.66990     1.76882      0.00074307    0.95410422    0.00077881    0.13628902
  391    6     3.29060     2.44475     2.81748     -0.00171794    1.92740668   -0.00089132    0.14113083
  392    5     2.49534     3.64772     2.28468     -0.00506428    2.09467117   -0.00241770    0.16554879
  393    5     2.06693     2.28842     3.25634     -0.00211844    1.05404089   -0.00200983    0.15931604
  394    7    -3.91531     3.87431     1.63548     -0.00442105    0.63981143   -0.00690993    0.22977696
  395    7    -3.99894     4.19672     0.27210     -0.01107932    1.30904144   -0.00846369    0.24190946
  396    7    -4.03471     3.87310    -1.09309     -0.00454836    0.63981143   -0.00710890    0.23145245
  397    5    -2.99306     4.43733     1.20208     -0.00901728    1.75608339   -0.00513488    0.22349476
  398    5    -3.07815     4.43647    -0.74240     -0.00886525    1.75608339   -0.00504831    0.22493371
  399   10     2.01288     4.99268    -1.22516     -0.00144148    0.23395746   -0.00616129    0.19759415
  400   10     1.11218     5.15180    -1.83628     -0.00275438    0.52034672   -0.00529336    0.20059386
  401   10    -0.19674     5.38252    -1.91200     -0.00282383    0.52034672   -0.00542683    0.20203370
  402   10    -1.28647     5.57412    -1.17173     -0.00281326    0.52034672   -0.00540651    0.20908113
  403   10    -1.71711     5.64924     0.08570     -0.00323884    0.52034672   -0.00622438    0.21446608
  404   10    -1.31482     5.57756     1.35269     -0.00296846    0.52034672   -0.00570477    0.20795810
  405   10    -0.24200     5.38801     2.11776     -0.00282993    0.52034672   -0.00543854    0.19726421
  406   10     1.06828     5.15712     2.07208     -0.00256299    0.52034672   -0.00492554    0.19182329
  407   10     1.98247     4.99636     1.48179     -0.00145421    0.23395746   -0.00621570    0.18841311
  408    5     1.78350     4.70752    -1.67779     -0.00273598    0.50814639   -0.00538423    0.19950179
  409    5     0.42203     4.94780    -2.23030     -0.00250865    0.50814639   -0.00493687    0.19846508
  410    5    -0.99253     5.19686    -1.83840     -0.00257318    0.50814639   -0.00506385    0.20338475
  411    5    -1.88915     5.35415    -0.66029     -0.00292981    0.50814639   -0.00576569    0.21483620
  412    5    -1.90587     5.35618     0.82844     -0.00302006    0.50814639   -0.00594328    0.21491474
  413    5    -1.03594     5.20212     2.02681     -0.00252499    0.50814639   -0.00496903    0.20075102
  414    5     0.36945     4.95417     2.45107     -0.00252029    0.50814639   -0.00495977    0.19029141
  415    5     1.74298     4.71243     1.92993     -0.00244138    0.50814639   -0.00480448    0.18734716
  416   11     3.28938     1.69673    -3.38621     -0.00599273    0.95152174   -0.00629805    0.21730346
  417   11     3.74680     2.58467    -2.84697     -0.00444794    0.95152174   -0.00467456    0.20510340
  418    5     2.16685     2.71687    -2.91914     -0.00729137    2.68805945   -0.00271250    0.19691169
  419    6     4.82550    -2.19514    -1.10618     -0.00087405    0.31033303   -0.00281650    0.18102846
  420    9     4.12148    -2.93996    -0.99121     -0.00147649    0.31033303   -0.00475775    0.18336423
  421   11     4.88552    -2.05365    -1.40141     -0.00145754    0.31033303   -0.00469670    0.18949101
  422    9     4.09338    -3.66082    -0.64128     -0.00289401    0.86170900   -0.00335846    0.17824687
  423    9     4.09235    -3.67258     0.59405     -0.00584431    1.73056410   -0.00337711    0.17186973
  424    6     5.03002    -2.49217    -0.18333     -0.00031767    2.14929539   -0.00014780    0.15528646
  425    6     4.92802    -2.44915     1.16155      0.00115155    1.08239766    0.00106389    0.13481971
  426   10     2.50754     4.89453     0.95636     -0.00288258    0.82181236   -0.00350758    0.18041068
  427   10     2.55437     4.93264    -0.23287     -0.00642419    1.64994800   -0.00389357    0.18792667
  428    6     3.80686     4.15524     0.55408      0.00126245    2.04813436    0.00061639    0.14308757
  429    6     3.78942     4.11543    -0.74550      0.00068347    1.03111206    0.00066285    0.15502841
  430   11     4.48285     2.84569    -2.49969     -0.00161888    0.30781146   -0.00525932    0.19754611
  431   11     5.64269     2.74771    -2.06157     -0.00365324    0.66449715   -0.00549775    0.19081864
  432   11     6.76355     1.87743    -1.55016     -0.00482513    0.66449715   -0.00726133    0.19021126
  433   11     7.12025     0.44167    -1.25590     -0.00469663    0.66449715   -0.00706795    0.18985764
  434   11     6.56374    -0.95955    -1.30177     -0.00422979    0.66449715   -0.00636540    0.18802625
  435   11     5.61816    -1.72398    -1.56315     -0.00149642    0.30781146   -0.00486147    0.19080798
  436    6     4.78600     3.07079    -1.95102     -0.00257511    0.65975628   -0.00390313    0.18270835
  437    6     6.23215     2.60837    -1.36613     -0.00341309    0.65975628   -0.00517325    0.17555214
  438    6     7.07425     1.29410    -0.90696     -0.00438796    0.65975628   -0.00665087    0.17819677
  439    6     6.96038    -0.32277    -0.76540     -0.00373687    0.65975628   -0.00566402    0.17442284
  440    6     5.93812    -1.56653    -1.00061     -0.00276544    0.65975628   -0.00419161    0.17621777
  441   11     5.01150    -2.17188    -1.72974     -0.00016958    0.37435839   -0.00045300    0.18638675
  442    9     3.97968    -3.55794    -1.23508     -0.00037123    0.37435839   -0.00099165    0.17871235
