COSMO Results from DMol3

Note: COSMO for ideal conductor limit (fepsi= 1.0000)
  Basic Grid Size                  =   1082
  Number of Segments on an Atom    =     92
  Number of Segments on Hydrogen   =     32
  Solvent Radius    [au]           =   2.46
  A - Matrix Cutoff [au]           =  13.23
  factor for Outlying Charge corr  =   0.85
  maximum segment or cutoff radius =   1.46
  total number of segments         =    554
  number of charge corr segments   =    254




$coordinates xyz [au]                         and cosmo atom analysis:   radius   charge    area  charge density  (srad)
N            -3.45337618123401    1.06095291825335   -0.30543818346911   3.4582  -0.0460    24.65    -0.00187    5.9148
C            -3.56351806718538   -1.53271167271622    0.00594498390292   3.7795  -0.0713    61.22    -0.00116    6.2361
C            -1.11497651332451   -2.35316248605272    0.13780893151039   3.7795  -0.0513    52.97    -0.00097    6.2361
N             0.42441202490919   -0.23920596228474   -0.08971784693492   3.4582  -0.0117     7.10    -0.00165    5.9148
C            -1.02722297622529    1.82211427928602   -0.36813240257549   3.7795  -0.1081    57.71    -0.00187    6.2361
C             3.27983786933599   -0.21983076662108   -0.17754149287338   3.7795  -0.0798    39.28    -0.00203    6.2361
O             4.20186462151297    2.21667424093734    0.18910551693773   3.2503   0.0908    49.07     0.00185    5.7070
H            -4.97541144194067    2.24816715986861   -0.45568710269184   2.4566  -0.1754    30.55    -0.00574    4.9133
H            -5.33856812381947   -2.55273909639151    0.11974038508613   2.4566  -0.0761    23.00    -0.00331    4.9133
H            -0.35130178819971   -4.24043262281878    0.38193954477829   2.4566  -0.0838    24.68    -0.00340    4.9133
H            -0.34254747507840    3.73938415654733   -0.59513305292171   2.4566  -0.0794    21.21    -0.00375    4.9133
H             3.82061456031891   -0.84272542888684   -2.08115030943052   2.4566  -0.0726    25.88    -0.00281    4.9133
H             3.91891845538150   -1.60242077251708    1.23413654381051   2.4566  -0.0758    25.04    -0.00303    4.9133
H             4.52127503554888    2.49593605339633    2.00412448487095   2.4566  -0.1589    32.72    -0.00486    4.9133
$end


$cosmo_energy               [Hartree atomic units]       [eV]     [kcal/mol]
  Total energy                 =       -341.313827
  Total energy + OC corr.      =       -341.310582
  Dielectric energy            =         -0.098404      -2.678      -61.75
  Diel. energy + OC corr.      =         -0.095159      -2.589      -59.71

  Surface area of cavity [au]  =           475.075
  Total Volume of cavity [au]  =           820.459


$screening_charge
  cosmo           =   -1.02055
  corrected total =   -0.99952


$segment information
    n  atom        position (X, Y, Z) [au]            charge       area [au]   charge/area    potential [au]

    1    1    -5.27366     1.39552     2.61581     -0.00059309    0.55557476   -0.00106752    0.17575584
    2    1    -4.85625     1.71348    -3.39822     -0.00124406    0.97225583   -0.00127956    0.17773789
    3    1    -4.08990     3.52299     2.03814     -0.00050469    0.41668107   -0.00121121    0.18970438
    4    1    -5.88162     1.63549     2.08885     -0.00070513    0.69446845   -0.00101536    0.19228115
    5    1    -5.12174     2.19439     2.50365     -0.00157260    0.97225583   -0.00161748    0.18115453
    6    1    -4.37488     2.98858     2.41379     -0.00079396    1.25004321   -0.00063514    0.18154088
    7    1    -4.02812     3.30959    -2.86913     -0.00069625    0.55557476   -0.00125320    0.19651706
    8    1    -4.21519     2.44505    -3.38165     -0.00145317    1.11114952   -0.00130781    0.17990939
    9    1    -5.53301     0.93154    -3.06541     -0.00078841    0.97225583   -0.00081091    0.18124809
   10    1    -6.19116     0.72910    -2.39193     -0.00093877    0.27778738   -0.00337945    0.19724990
   11    1    -4.35901     1.47203     3.00665      0.00076028    0.69446845    0.00109476    0.16556757
   12    1    -3.46197     1.45717     3.12998      0.00006610    0.55557476    0.00011897    0.16391072
   13    1    -3.73334     1.52930    -3.72032      0.00076165    0.97225583    0.00078338    0.16489020
   14    1    -4.57661     0.81736    -3.56705     -0.00006568    0.97225583   -0.00006755    0.16546692
   15    1    -3.54073     0.66264    -3.73951      0.00022054    0.69446845    0.00031757    0.15974431
   16    1    -4.08093     2.22522     2.88984     -0.00001455    0.97225583   -0.00001497    0.16878520
   17    2    -5.85316    -1.17657    -2.97983     -0.00114744    1.49307918   -0.00076851    0.16078659
   18    2    -4.10070    -4.59994    -2.13594     -0.00011669    1.16128380   -0.00010048    0.14627432
   19    2    -4.45179    -4.66593     1.92379     -0.00129058    0.99538612   -0.00129656    0.15751503
   20    2    -5.00064    -1.83332     3.48857     -0.00025903    1.49307918   -0.00017348    0.14641727
   21    2    -5.91463    -2.21527     2.88530     -0.00119630    1.32718149   -0.00090138    0.15582657
   22    2    -4.40054    -5.04938     1.10896     -0.00046898    0.49769306   -0.00094232    0.16269863
   23    2    -4.98761    -4.42464    -1.96708     -0.00106954    0.99538612   -0.00107450    0.15232835
   24    2    -6.48636    -1.81278    -2.37371     -0.00120592    0.82948843   -0.00145381    0.16531994
   25    2    -7.15354    -0.58390     0.71009     -0.00220943    0.82948843   -0.00266360    0.19029132
   26    2    -6.70605    -0.93483    -2.00682     -0.00168762    0.99538612   -0.00169544    0.17709434
   27    2    -5.46909    -2.27631    -3.17210     -0.00074686    1.82487455   -0.00040926    0.14956303
   28    2    -4.67937    -3.69772    -2.88399     -0.00003675    1.16128380   -0.00003164    0.14281551
   29    2    -4.31399    -5.04794    -1.16198     -0.00068811    0.99538612   -0.00069130    0.15570002
   30    2    -4.22887    -5.23373     0.38530     -0.00120499    0.66359074   -0.00181586    0.16371842
   31    2    -4.21889    -4.16163     2.64101     -0.00045494    1.16128380   -0.00039176    0.14995204
   32    2    -4.99981    -2.98497     3.18593     -0.00024422    1.16128380   -0.00021030    0.14704426
   33    2    -5.99535    -0.98456     2.84674     -0.00085920    1.49307918   -0.00057545    0.15921962
   34    2    -6.53263    -0.34598     2.02099     -0.00219283    1.32718149   -0.00165225    0.17558858
   35    2    -4.61370    -1.16443    -3.60593      0.00026359    1.65897686    0.00015889    0.15093182
   36    2    -3.26921    -1.35938    -3.75803      0.00006998    1.65897686    0.00004218    0.14752751
   37    2    -3.25142    -2.57421    -3.61372      0.00071489    0.99538612    0.00071821    0.13934714
   38    2    -3.67845    -3.68238    -3.10047      0.00073859    1.32718149    0.00055651    0.13838381
   39    2    -3.76504    -1.76228     3.77305      0.00085691    1.65897686    0.00051653    0.14219995
   40    2    -4.64315    -0.78346     3.54959     -0.00023089    1.32718149   -0.00017397    0.14958950
   41    2    -4.36534    -0.04013     3.38436     -0.00000651    0.66359074   -0.00000982    0.15517072
   42    2    -5.15618    -3.72533     2.64036     -0.00096406    0.82948843   -0.00116224    0.15402233
   43    2    -4.51007    -5.16963    -0.39533     -0.00124575    0.49769306   -0.00250306    0.16216006
   44    2    -5.62278    -3.25866    -2.65199     -0.00114688    1.32718149   -0.00086415    0.15164424
   45    2    -7.10793    -0.75493    -1.05066     -0.00197074    0.82948843   -0.00237585    0.18935794
   46    2    -6.79940    -1.13098     1.91697     -0.00125979    0.66359074   -0.00189844    0.17354303
   47    2    -3.29604    -0.50382     3.63282      0.00006225    1.49307918    0.00004169    0.15087868
   48    2    -4.23268    -2.56723    -3.56702      0.00011567    1.65897686    0.00006972    0.14095079
   49    2    -4.08937    -3.08362     3.41219      0.00063931    1.32718149    0.00048171    0.14212832
   50    2    -5.43107    -0.19252     3.00604      0.00014631    0.82948843    0.00017638    0.16049142
   51    3     0.49162    -2.73428     3.53750     -0.00021877    0.66359074   -0.00032968    0.16174960
   52    3    -2.40900    -4.54999     2.92777     -0.00007107    1.16128380   -0.00006120    0.14856488
   53    3    -2.47928    -5.69487    -0.98290     -0.00126412    0.99538612   -0.00126998    0.15723776
   54    3    -0.59655    -4.23176    -3.10044     -0.00013316    1.16128380   -0.00011467    0.14498735
   55    3    -0.00215    -4.95835    -2.36395     -0.00099920    1.16128380   -0.00086043    0.15569807
   56    3    -2.68403    -5.78890     0.00322     -0.00061765    0.66359074   -0.00093077    0.16357073
   57    3    -1.61642    -4.99642     2.79226     -0.00096761    0.99538612   -0.00097209    0.15512524
   58    3     0.64042    -3.88692     3.11278     -0.00108810    0.99538612   -0.00109315    0.16586401
   59    3    -0.08378    -3.36068     3.63150     -0.00022697    0.99538612   -0.00022802    0.15430049
   60    3    -1.34471    -4.05631     3.50395      0.00001404    1.16128380    0.00001209    0.14675480
   61    3    -2.50941    -5.26679     2.10013     -0.00063170    0.82948843   -0.00076155    0.15763111
   62    3    -2.89805    -5.60189     0.87996     -0.00076421    0.33179537   -0.00230327    0.16395072
   63    3    -2.29142    -5.33385    -1.86612     -0.00042634    1.16128380   -0.00036713    0.14868419
   64    3    -1.11382    -5.02594    -2.53436     -0.00018503    1.16128380   -0.00015933    0.14642870
   65    3     0.47041    -3.99522    -2.87455     -0.00059435    1.16128380   -0.00051180    0.15535785
   66    3     0.07958    -1.99828     3.70592     -0.00054145    1.16128380   -0.00046625    0.15893996
   67    3    -0.95766    -1.29134     3.76164      0.00002502    1.49307918    0.00001676    0.15377465
   68    3    -1.72543    -2.16955     3.86313      0.00077542    0.99538612    0.00077902    0.14391603
   69    3    -2.04543    -3.36301     3.65901      0.00073840    1.16128380    0.00063585    0.14172120
   70    3    -1.38109    -3.46742    -3.46383      0.00095999    1.65897686    0.00057866    0.14021147
   71    3    -0.11723    -3.00504    -3.44879     -0.00070970    1.49307918   -0.00047533    0.15060101
   72    3    -1.40300    -5.56636    -1.83111     -0.00089323    0.82948843   -0.00107685    0.15368540
   73    3    -2.56697    -5.61098     1.38790     -0.00118770    0.49769306   -0.00238641    0.16330109
   74    3    -0.46705    -4.36381     3.27179     -0.00091673    1.16128380   -0.00078941    0.15591139
   75    3     0.96108    -4.56647    -2.11505     -0.00098244    0.66359074   -0.00148049    0.16596380
   76    3    -0.96896    -2.19303    -3.63541     -0.00008351    1.49307918   -0.00005593    0.14883731
   77    3    -0.95245    -2.77526     3.89011      0.00019885    1.65897686    0.00011987    0.14670772
   78    3    -1.90151    -4.51113    -2.86365      0.00067600    1.16128380    0.00058211    0.14003624
   79    4     0.63395    -0.55374    -3.52721     -0.00009764    0.13889369   -0.00070299    0.16682503
   80    4     0.21468     0.07517     3.34776     -0.00002564    0.13889369   -0.00018460    0.17082484
   81    4     0.79844     0.64867     3.23155     -0.00020676    0.13889369   -0.00148859    0.17766935
   82    4     0.70338     0.05195     3.34488     -0.00010746    0.55557476   -0.00019342    0.17415813
   83    4     0.33039    -0.80491    -3.50005     -0.00010049    0.13889369   -0.00072351    0.16511924
   84    5    -1.40741     0.49120    -3.88502     -0.00088533    0.66359074   -0.00133415    0.16180912
   85    5     0.70565     2.57880    -3.64059     -0.00095339    0.82948843   -0.00114937    0.16037938
   86    5    -2.52617     3.74510    -3.25597     -0.00135386    1.16128380   -0.00116583    0.17631571
   87    5    -2.55734     5.09912     0.72919     -0.00238133    0.99538612   -0.00239236    0.19280562
   88    5    -0.43259     3.74068     2.83338     -0.00123985    1.32718149   -0.00093420    0.16827916
   89    5    -0.07780     4.46857     2.15754     -0.00195011    1.16128380   -0.00167927    0.17370128
   90    5    -2.74677     5.18601    -0.26064     -0.00200525    0.66359074   -0.00302181    0.20120385
   91    5    -1.90719     4.52408    -2.85999     -0.00325775    1.49307918   -0.00218190    0.18029831
   92    5     0.68919     3.52048    -3.27569     -0.00190616    0.82948843   -0.00229800    0.16396667
   93    5     0.02687     2.88014    -3.84000     -0.00107684    0.99538612   -0.00108183    0.15969555
   94    5    -1.31516     3.56367    -3.71005     -0.00162042    1.49307918   -0.00108528    0.16508405
   95    5    -2.81940     4.47409    -2.37796     -0.00187134    0.82948843   -0.00225602    0.19182542
   96    5    -2.93535     4.99150    -1.14158     -0.00142534    0.33179537   -0.00429583    0.20352662
   97    5    -2.46731     4.66188     1.66804     -0.00245369    1.49307918   -0.00164337    0.18260250
   98    5    -1.22547     4.36452     2.42131     -0.00138535    1.16128380   -0.00119294    0.17140082
   99    5    -0.00108     1.46323    -3.98789     -0.00170451    1.32718149   -0.00128431    0.15987121
  100    5    -0.67443     0.72122    -3.96646     -0.00126677    1.16128380   -0.00109083    0.16082364
  101    5    -1.68319     1.45331    -4.07192     -0.00090357    1.16128380   -0.00077808    0.15974659
  102    5    -2.08035     2.56158    -3.92179     -0.00102405    1.65897686   -0.00061728    0.16329506
  103    5    -2.06462     2.28203     3.23692     -0.00040413    0.99538612   -0.00040600    0.16609969
  104    5    -1.38367     3.14025     3.15601     -0.00129988    1.65897686   -0.00078354    0.16612247
  105    5    -0.18754     2.51470     3.25118     -0.00154734    1.32718149   -0.00116588    0.16913877
  106    5    -1.45510     4.97861     1.66598     -0.00194058    0.99538612   -0.00194958    0.18022047
  107    5    -2.59516     5.01596    -1.64295     -0.00119224    0.49769306   -0.00239553    0.19729686
  108    5    -0.40666     3.86495    -3.48680     -0.00199202    1.16128380   -0.00171536    0.16653347
  109    5    -1.09429     1.67759     3.40794     -0.00217740    1.99077223   -0.00109375    0.16713044
  110    5    -0.84016     2.32682    -4.10908     -0.00147721    1.49307918   -0.00098937    0.15873978
  111    5    -2.26755     3.87667     2.55154     -0.00125545    1.32718149   -0.00094595    0.17216424
  112    6     2.38985     0.39524     3.44376     -0.00071804    0.33179537   -0.00216410    0.19323308
  113    6     6.88588    -1.28477    -0.56059     -0.00139987    1.16128380   -0.00120545    0.13781918
  114    6     4.20571    -3.86093    -0.58908     -0.00176918    1.32718149   -0.00133304    0.16696827
  115    6     3.05133    -0.30423     3.59405     -0.00111013    0.66359074   -0.00167291    0.19141340
  116    6     2.29544    -0.09125     3.46919     -0.00055672    0.33179537   -0.00167790    0.18902186
  117    6     4.63323    -3.48466    -1.51674     -0.00051698    0.66359074   -0.00077906    0.15993901
  118    6     6.53380    -1.51667    -1.59680     -0.00219007    1.32718149   -0.00165016    0.14199046
  119    6     4.61693     1.38875    -3.32540     -0.00021995    0.16589769   -0.00132583    0.13601269
  120    6     2.58226     1.01549    -3.68063     -0.00013348    0.49769306   -0.00026820    0.16158672
  121    6     2.99327     1.65799    -3.44495     -0.00042187    0.16589769   -0.00254294    0.15162411
  122    6     6.88749    -0.34218    -1.29748     -0.00101301    1.32718149   -0.00076328    0.12717974
  123    6     6.36401    -2.31136    -0.80813     -0.00124234    1.16128380   -0.00106980    0.14594490
  124    6     5.28350    -3.39482    -0.61225     -0.00134365    1.16128380   -0.00115704    0.15688932
  125    6     3.71817    -3.72492    -1.52156     -0.00158521    0.82948843   -0.00191107    0.16834570
  126    6     7.03559    -0.52442     0.11563     -0.00087771    1.49307918   -0.00058785    0.13238341
  127    6     6.70653    -1.67234     0.47999     -0.00224931    1.32718149   -0.00169480    0.14804894
  128    6     2.50062    -0.65750     3.49472     -0.00056801    0.16589769   -0.00342384    0.18812900
  129    6     3.18430    -3.51102    -2.03310     -0.00069615    0.33179537   -0.00209813    0.17362700
  130    6     5.70494    -2.88712    -1.31274     -0.00112837    0.99538612   -0.00113360    0.15141948
  131    6     6.47727     0.08749    -2.16912     -0.00104103    0.82948843   -0.00125502    0.12798670
  132    6     3.44910     1.43047    -3.57345     -0.00097622    0.49769306   -0.00196150    0.14902334
  133    6     6.64321    -0.68447     1.48263     -0.00166549    1.16128380   -0.00143418    0.15135403
  134    6     6.12235    -2.70859    -0.07505     -0.00078448    0.82948843   -0.00094574    0.15303478
  135    7     6.59913     3.02358    -1.85212      0.00442882    1.22697929    0.00360953    0.07366795
  136    7     3.85164     4.87227    -1.65203      0.00429405    1.10428136    0.00388855    0.09205663
  137    7     6.08682     4.78364     0.83901      0.00017620    0.98158343    0.00017951    0.11380257
  138    7     3.02575     4.83745     1.70998      0.00035386    0.49079171    0.00072099    0.14807065
  139    7     7.27821     1.79524     1.14992      0.00138937    0.61348964    0.00226471    0.11407222
  140    7     4.75776     2.72828    -2.97219      0.00145006    0.73618757    0.00196969    0.10133083
  141    7     5.78203     2.65269    -2.61758      0.00368161    1.22697929    0.00300055    0.08677789
  142    7     3.74579     3.20454    -2.87368      0.00178381    0.85888550    0.00207689    0.10951549
  143    7     3.83005     4.06230    -2.46043      0.00410687    1.22697929    0.00334714    0.09610190
  144    7     5.88675     3.88527    -2.03385      0.00455469    1.34967722    0.00337465    0.07414359
  145    7     4.88024     4.51495    -2.00688      0.00431224    1.34967722    0.00319502    0.08046354
  146    7     6.69627     1.99401    -1.88282      0.00397153    1.22697929    0.00323683    0.08376729
  147    7     5.04262     5.21881     1.10839     -0.00071384    0.85888550   -0.00083112    0.12565882
  148    7     3.82468     5.24912     1.29669      0.00072028    0.85888550    0.00083862    0.13291675
  149    7     7.03074     1.12015     1.35519      0.00086185    0.49079171    0.00175603    0.12697159
  150    7     7.27292     2.81771     1.06778      0.00153157    0.98158343    0.00156031    0.11020659
  151    7     6.87759     3.88314     0.98165      0.00053534    1.10428136    0.00048478    0.11215786
  152    7     6.67058     3.90714    -1.08069      0.00436490    1.34967722    0.00323403    0.07421869
  153    7     6.58430     4.41465    -0.05092      0.00265991    1.34967722    0.00197078    0.08950254
  154    7     5.51716     5.18204    -0.01424      0.00231514    1.47237514    0.00157238    0.09673300
  155    7     4.65353     5.23636    -0.92543      0.00371546    1.34967722    0.00275285    0.08844125
  156    7     3.74459     5.37163    -0.44483      0.00322771    1.10428136    0.00292291    0.10183149
  157    7     3.45241     5.35849     0.55247      0.00157644    0.61348964    0.00256963    0.11869445
  158    7     7.31913     1.34214     0.47621      0.00232187    0.73618757    0.00315391    0.10246378
  159    7     7.45039     2.28174     0.27543      0.00308798    0.98158343    0.00314592    0.09092905
  160    7     7.23599     2.60803    -0.90885      0.00622271    1.59507307    0.00390121    0.07602964
  161    7     4.90155     3.52547    -2.70262      0.00342460    1.22697929    0.00279108    0.08705784
  162    7     5.75970     4.73220    -1.15623      0.00378308    1.34967722    0.00280295    0.07876375
  163    7     7.27374     1.55349    -0.64057      0.00451446    1.10428136    0.00408814    0.08717622
  164    7     4.45528     5.44857     0.42442      0.00146899    1.22697929    0.00119724    0.11016680
  165    7     7.21474     3.42286     0.00930      0.00379603    1.34967722    0.00281254    0.08584199
  166    8    -6.91599     3.73390    -0.70448     -0.00756262    1.33174368   -0.00567873    0.21246048
  167    8    -6.88213     2.29846     1.09256     -0.00740581    1.40183545   -0.00528294    0.21085182
  168    8    -7.30857     1.76737    -1.05601     -0.00826794    1.47192722   -0.00561708    0.21367982
  169    8    -6.02762     2.92711    -2.56921     -0.00640969    1.40183545   -0.00457235    0.20756932
  170    8    -5.21476     4.56353    -1.24110     -0.00778689    1.47192722   -0.00529027    0.21656334
  171    8    -5.47900     4.14410     1.02316     -0.00729606    1.47192722   -0.00495681    0.21201579
  172    8    -7.34530     2.81620    -0.14556     -0.00813227    1.47192722   -0.00552492    0.21250294
  173    8    -7.04732     2.92833    -1.58693     -0.00899159    1.61211077   -0.00557752    0.21119123
  174    8    -6.24390     3.95898    -1.68008     -0.00811027    1.47192722   -0.00550997    0.21211572
  175    8    -6.12834     4.40959    -0.27096     -0.00776623    1.40183545   -0.00554004    0.21382232
  176    8    -6.69166     3.66867     0.57960     -0.00849483    1.54201899   -0.00550890    0.21152326
  177    8    -7.32790     1.86845     0.14164     -0.00564828    1.05137659   -0.00537227    0.21416423
  178    8    -6.70631     2.00600    -2.18209     -0.00604931    1.26165190   -0.00479475    0.20915563
  179    8    -5.28890     3.85577    -2.28664     -0.00691105    1.33174368   -0.00518947    0.21174976
  180    8    -5.14394     4.64910     0.03644     -0.00688630    1.26165190   -0.00545816    0.21698949
  181    8    -6.16795     3.16862     1.48487     -0.00607124    1.33174368   -0.00455887    0.20840239
  182    9    -7.26991    -4.02169     0.50351     -0.00719019    1.96256963   -0.00366366    0.16772341
  183    9    -6.24543    -4.25161     1.64506     -0.00394776    1.40183545   -0.00281614    0.16539911
  184    9    -5.95218    -4.87496    -0.39598     -0.00345083    1.19156013   -0.00289606    0.16587892
  185    9    -6.88783    -3.50641    -1.53117     -0.00374208    1.33174368   -0.00280991    0.16653390
  186    9    -7.69828    -1.94398    -0.19060     -0.00390877    1.26165190   -0.00309814    0.17852844
  187    9    -7.25625    -2.42601     1.64994     -0.00405709    1.47192722   -0.00275631    0.17117138
  188    9    -6.16407    -4.80147     0.66464     -0.00511802    1.61211077   -0.00317473    0.16632685
  189    9    -6.61340    -4.36161    -0.94703     -0.00530622    1.68220254   -0.00315433    0.16540896
  190    9    -7.60876    -3.33194    -0.40393     -0.00541097    1.54201899   -0.00350901    0.16977997
  191    9    -7.71905    -2.35509     0.69365     -0.00540309    1.68220254   -0.00321192    0.17398593
  192    9    -6.93966    -3.42989     1.76358     -0.00500986    1.61211077   -0.00310764    0.16685147
  193    9    -7.40848    -2.50136    -1.20237     -0.00358125    1.26165190   -0.00283854    0.17315684
  194   10     0.45438    -6.54224     0.67811     -0.00713754    1.96256963   -0.00363683    0.17188681
  195   10    -0.82964    -6.39309    -0.70082     -0.00341958    1.26165190   -0.00271040    0.16652537
  196   10    -1.29276    -6.29887     1.33669     -0.00393411    1.33174368   -0.00295410    0.16830989
  197   10     0.43299    -5.50702     2.33532     -0.00401513    1.40183545   -0.00286419    0.17195948
  198   10     1.15043    -5.66643    -0.93963     -0.00449909    1.54201899   -0.00291766    0.17475276
  199   10    -0.95771    -6.62083     0.34888     -0.00574333    1.75229431   -0.00327761    0.16806064
  200   10    -0.36307    -6.17935     1.89042     -0.00555440    1.75229431   -0.00316979    0.16906116
  201   10     1.18597    -5.73264     1.58411     -0.00588050    1.61211077   -0.00364770    0.17675658
  202   10     1.51498    -5.83234     0.24777     -0.00654908    1.68220254   -0.00389316    0.17829597
  203   10     0.21992    -6.29728    -0.83389     -0.00598154    1.89247786   -0.00316069    0.16911474
  204   11    -0.10937     6.13890    -1.06749     -0.00571855    1.40183545   -0.00407933    0.17946505
  205   11    -0.97301     5.84962     0.49324     -0.00393186    1.19156013   -0.00329976    0.18629543
  206   11    -1.25658     5.75223    -1.66663     -0.00464327    1.33174368   -0.00348661    0.18672434
  207   11     0.54331     5.00019    -2.50845     -0.00455377    1.12146836   -0.00406054    0.17355055
  208   11     0.16999     5.56762     0.96373     -0.00519266    1.33174368   -0.00389915    0.18037067
  209   11    -1.26136     6.01762    -0.57125     -0.00534489    1.47192722   -0.00363122    0.18777802
  210   11    -0.41856     5.50827    -2.29819     -0.00501286    1.47192722   -0.00340564    0.17949470
  211   11     0.76073     5.66406    -1.65042     -0.00581169    1.40183545   -0.00414577    0.17277518
  212   11     0.80175     5.88667    -0.25609     -0.00476328    1.19156013   -0.00399752    0.17433068
  213   11    -0.06034     6.08537     0.07712     -0.00368348    0.98128481   -0.00375373    0.18026859
  214   12     4.32650    -1.58781    -4.36674     -0.00330591    1.19156013   -0.00277444    0.15453130
  215   12     4.95018     0.27267    -3.95599     -0.00327199    1.19156013   -0.00274597    0.14572760
  216   12     2.95708    -0.35609    -4.32893     -0.00340226    1.19156013   -0.00285530    0.16150302
  217   12     3.00103    -2.21743    -3.94487     -0.00265860    1.05137659   -0.00252868    0.16498082
  218   12     4.67807    -2.95352    -3.00003     -0.00272492    1.19156013   -0.00228685    0.15849407
  219   12     5.93553    -1.42118    -3.18910     -0.00306800    1.26165190   -0.00243173    0.14741486
  220   12     4.17173    -0.61260    -4.50164     -0.00337560    1.26165190   -0.00267554    0.15311829
  221   12     2.94305    -1.34744    -4.31949     -0.00381146    1.40183545   -0.00271891    0.16261579
  222   12     4.04864    -2.42987    -3.94233     -0.00322944    1.19156013   -0.00271026    0.15856688
  223   12     5.15404    -2.10127    -3.71609     -0.00319158    1.19156013   -0.00267849    0.15230797
  224   12     5.25989    -0.84241    -4.07200     -0.00344983    1.26165190   -0.00273437    0.14808940
  225   12     3.84544     0.33434    -4.23730     -0.00216116    1.12146836   -0.00192708    0.15355673
  226   12     3.66156    -3.00913    -3.22850     -0.00266332    0.98128481   -0.00271412    0.16496881
  227   12     5.61225    -2.36235    -2.79933     -0.00211484    0.98128481   -0.00215518    0.15246148
  228   12     5.85230    -0.37707    -3.38132     -0.00237869    1.05137659   -0.00226245    0.14325569
  229   13     4.90126    -3.03591     2.97058     -0.00448710    1.54201899   -0.00290988    0.17057920
  230   13     4.34057    -1.61214     3.65431     -0.00331650    1.26165190   -0.00262870    0.17944964
  231   13     6.00430    -1.92385     2.49228     -0.00292193    1.19156013   -0.00245219    0.16661821
  232   13     5.43830    -3.53137     1.15859     -0.00272036    1.19156013   -0.00228302    0.16502800
  233   13     3.76736    -2.75377     3.39899     -0.00400273    1.33174368   -0.00300563    0.17751891
  234   13     5.32228    -1.85622     3.23445     -0.00430710    1.61211077   -0.00267172    0.17235682
  235   13     5.63050    -3.08212     2.19125     -0.00319366    1.12146836   -0.00284775    0.16548532
  236   13     4.57909    -3.85300     1.96501     -0.00360402    1.26165190   -0.00285659    0.17131297
  237   13     3.84488    -3.58618     2.68134     -0.00403345    1.19156013   -0.00338502    0.17686756
  238   13     3.35909    -1.88967     3.60885     -0.00278696    0.98128481   -0.00284011    0.18271269
  239   13     6.13659    -2.60706     1.56229     -0.00219512    1.05137659   -0.00208785    0.16230912
  240   13     4.43636    -3.99519     1.02906     -0.00269683    0.98128481   -0.00274827    0.17274815
  241   14     4.90769     2.89434     4.39723     -0.00878694    1.61211077   -0.00545058    0.19079100
  242   14     3.63346     4.47145     3.16349     -0.00851944    1.89247786   -0.00450174    0.17875954
  243   14     6.13422     4.16113     2.81685     -0.00850029    1.75229431   -0.00485095    0.16548855
  244   14     6.73905     2.06850     2.97048     -0.00654036    1.54201899   -0.00424143    0.16844635
  245   14     4.82282     1.38870     4.17626     -0.00737817    1.19156013   -0.00619203    0.19883439
  246   14     3.26006     2.30459     4.10360     -0.00680605    1.19156013   -0.00571188    0.20014599
  247   14     4.92812     4.07563     3.84098     -0.01058355    1.96256963   -0.00539270    0.18217503
  248   14     6.06972     3.10450     3.81160     -0.00934408    1.75229431   -0.00533248    0.17954026
  249   14     5.71483     1.85410     4.05315     -0.00704912    1.33174368   -0.00529315    0.18879557
  250   14     4.08989     2.05090     4.38129     -0.00699270    1.26165190   -0.00554249    0.19917420
  251   14     3.46744     3.46990     3.99808     -0.01007326    1.96256963   -0.00513269    0.19125866
  252   14     4.94445     4.78471     2.78989     -0.00718163    1.61211077   -0.00445480    0.16899404
  253   14     6.78078     3.14629     2.71596     -0.00543242    1.33174368   -0.00407918    0.16137754
  254   14     6.20989     1.31914     3.34532     -0.00532342    1.05137659   -0.00506329    0.18187198
  255    1    -2.81168     0.16744    -3.60442     -0.00029599    0.17773009   -0.00166536    0.16207149
  256    2    -2.82472    -0.27178    -3.57416     -0.00030425    0.17773009   -0.00171186    0.16015657
  257    5    -2.40195     0.28736    -3.63757     -0.00040051    0.17773009   -0.00225349    0.16353922
  258    1    -2.89230     0.97888     3.12558     -0.00033878    0.17773009   -0.00190617    0.16639248
  259    2    -2.90587     0.54502     3.20026     -0.00032352    0.17773009   -0.00182030    0.16406065
  260    5    -2.48313     1.10442     3.13895     -0.00034733    0.17773009   -0.00195424    0.16777740
  261    1    -6.46566     0.98167     1.40071     -0.00070151    0.07633708   -0.00918965    0.20492622
  262    2    -6.49535     0.54699     1.45797     -0.00065457    0.07633708   -0.00857474    0.19748249
  263    8    -6.57864     1.23069     1.24370     -0.00061556    0.07633708   -0.00806377    0.21058885
  264    1    -6.44915     0.57589    -1.97313     -0.00066634    0.07633708   -0.00872893    0.20386666
  265    2    -6.47879     0.14000    -1.92597     -0.00065966    0.07633708   -0.00864140    0.19664546
  266    8    -6.56335     0.85491    -1.88073     -0.00060527    0.07633708   -0.00792886    0.20974219
  267    2    -3.64096     0.32922     3.28571     -0.00043089    0.71698474   -0.00060097    0.15946431
  268    2    -5.52496     0.30962     2.45604     -0.00348319    1.43538497   -0.00242666    0.17724381
  269    1    -4.34230     0.94180     2.87696     -0.00233236    1.43836334   -0.00162154    0.16933665
  270    1    -6.10206     0.89792     1.88899     -0.00246991    0.68459382   -0.00360784    0.19309273
  271    2    -6.15830    -0.24765    -2.40952     -0.00194115    0.72576498   -0.00267463    0.18231472
  272    2    -4.32545    -0.44157    -3.37628     -0.00192874    1.45409463   -0.00132642    0.16196391
  273    1    -5.41339     0.29959    -2.85083     -0.00423470    1.45859157   -0.00290328    0.18278516
  274    1    -3.53003     0.12754    -3.61761     -0.00045848    0.69297906   -0.00066161    0.15987624
  275    1    -3.95276     3.73045    -2.45454     -0.00070281    0.08083381   -0.00869451    0.20755114
  276    5    -3.54936     3.86986    -2.47350     -0.00070351    0.08083381   -0.00870321    0.20179679
  277    8    -4.23403     3.80083    -2.33042     -0.00062532    0.08083381   -0.00773583    0.21273510
  278    1    -3.98865     4.14416     1.17832     -0.00071165    0.08083381   -0.00880387    0.20894803
  279    5    -3.58539     4.28517     1.17331     -0.00070844    0.08083381   -0.00876413    0.20343632
  280    8    -4.26729     4.18421     1.03608     -0.00066207    0.08083381   -0.00819051    0.21439507
  281    5    -3.19900     4.10877     1.70329     -0.00189740    0.67451043   -0.00281301    0.19063793
  282    5    -2.67479     2.52897     2.80938     -0.00224106    1.34772723   -0.00166284    0.17337014
  283    1    -3.57409     3.30411     2.13386     -0.00367240    1.35066338   -0.00271896    0.18838594
  284    1    -3.03542     1.66345     3.06032     -0.00047604    0.64411685   -0.00073906    0.16670552
  285    5    -2.37663     1.03396    -3.80095     -0.00077141    0.68291100   -0.00112960    0.16308395
  286    5    -2.94799     2.89879    -3.27161     -0.00345874    1.36545553   -0.00253303    0.18144134
  287    1    -3.17815     1.57250    -3.56561     -0.00223719    1.36986044   -0.00163315    0.16964511
  288    1    -3.71679     3.34698    -2.86690     -0.00193350    0.65214041   -0.00296485    0.19491428
  289    8    -6.54991     1.74214     1.36133     -0.00165216    0.27615538   -0.00598271    0.21170484
  290    8    -5.88163     2.64510     1.72614     -0.00366674    0.60266227   -0.00608423    0.21082587
  291    8    -5.00229     3.73414     1.42321     -0.00397634    0.60266227   -0.00659796    0.21463924
  292    1    -6.06113     1.78412     1.75947     -0.00345041    0.59654639   -0.00578397    0.20623742
  293    1    -5.11237     3.02187     1.92835     -0.00335971    0.59654639   -0.00563193    0.20329801
  294    1    -4.36184     3.91979     1.42010     -0.00183168    0.32291651   -0.00567230    0.20788307
  295    8    -4.70637     3.62018    -2.47534     -0.00149859    0.27888761   -0.00537344    0.21233622
  296    8    -5.39873     2.69536    -2.76900     -0.00386109    0.60972291   -0.00633253    0.20979916
  297    8    -6.27638     1.62128    -2.36492     -0.00386166    0.60972291   -0.00633346    0.21228258
  298    1    -4.60102     3.08013    -2.79187     -0.00352697    0.60164904   -0.00586216    0.20622779
  299    1    -5.56944     1.83040    -2.85626     -0.00349914    0.60164904   -0.00581591    0.20135756
  300    1    -6.30719     0.96008    -2.25937     -0.00158523    0.32611140   -0.00486101    0.20440212
  301    2    -2.05115    -0.98480    -3.48350     -0.00051285    0.28965312   -0.00177057    0.15873840
  302    3    -1.64472    -1.12097    -3.46198     -0.00049854    0.28965312   -0.00172115    0.15912396
  303    5    -1.62943    -0.42120    -3.51542     -0.00091758    0.28965312   -0.00316787    0.16493564
  304    2    -2.14039    -0.16078     3.30085     -0.00039545    0.28965312   -0.00136526    0.16232683
  305    3    -1.73396    -0.29686     3.32309     -0.00057191    0.28965312   -0.00197445    0.16338940
  306    5    -1.71786     0.39541     3.20788     -0.00085786    0.28965312   -0.00296167    0.16914808
  307    3    -1.90625    -1.04870     3.59253     -0.00006661    0.63945315   -0.00010417    0.15246618
  308    3    -2.51347    -2.87857     3.48199      0.00023816    1.30517583    0.00018247    0.14345935
  309    3    -3.06067    -4.72801     2.13524     -0.00248976    1.30517583   -0.00190761    0.15909997
  310    3    -3.15819    -5.38185    -0.12232     -0.00389840    1.30517583   -0.00298687    0.16714045
  311    3    -2.76265    -4.54927    -2.28656     -0.00073188    1.30517583   -0.00056075    0.14642548
  312    3    -2.04998    -2.60058    -3.39486      0.00015132    1.30517583    0.00011594    0.14399771
  313    2    -2.72120    -1.55672     3.57039      0.00011816    1.30517583    0.00009054    0.14708418
  314    2    -3.41103    -3.71626     2.94263     -0.00078403    1.30517583   -0.00060071    0.14848000
  315    2    -3.75296    -5.04389     1.03106     -0.00381473    1.30517583   -0.00292277    0.16740856
  316    2    -3.59490    -4.94909    -1.31406     -0.00243255    1.30517583   -0.00186378    0.15742197
  317    2    -3.00716    -3.47403    -3.04967      0.00022187    1.30517583    0.00016999    0.14040267
  318    2    -2.39152    -1.72190    -3.57920     -0.00011403    0.63945315   -0.00017832    0.14836542
  319    5    -2.06898     0.99081     3.27711     -0.00085523    0.60740784   -0.00140800    0.16694525
  320    2    -2.55535     0.10639     3.37661     -0.00051967    0.60740784   -0.00085556    0.16059664
  321    5    -1.86355     0.05515    -3.72061     -0.00084133    0.61594821   -0.00136591    0.16251053
  322    2    -2.58462    -0.65453    -3.64523     -0.00048041    0.61594821   -0.00077995    0.15660459
  323    8    -6.81671     0.99640    -1.57794     -0.00416296    0.59692194   -0.00697404    0.21385667
  324    8    -7.07501     1.05326    -0.32224     -0.00936845    1.21410518   -0.00771634    0.22261746
  325    8    -6.82890     1.29606     0.91356     -0.00401106    0.59692194   -0.00671957    0.21438326
  326    2    -6.91060    -0.06286    -1.08882     -0.00670591    1.64539909   -0.00407555    0.20128571
  327    2    -6.91930     0.15091     0.68866     -0.00680367    1.64539909   -0.00413496    0.20165494
  328    9    -7.42974    -1.26812     0.25249     -0.00101488    0.22749583   -0.00446108    0.18735749
  329    9    -7.33500    -1.54782    -0.77721     -0.00224661    0.50299265   -0.00446648    0.18656274
  330    9    -6.91907    -2.37324    -1.68856     -0.00199899    0.50299265   -0.00397419    0.17534696
  331    9    -6.28917    -3.49118    -1.88423     -0.00181219    0.50299265   -0.00360282    0.16705204
  332    9    -5.68590    -4.47464    -1.28947     -0.00206797    0.50299265   -0.00411133    0.16660175
  333    9    -5.33968    -4.94796    -0.13147     -0.00204949    0.50299265   -0.00407460    0.17029048
  334    9    -5.38276    -4.73036     1.14745     -0.00224767    0.50299265   -0.00446860    0.17011603
  335    9    -5.79869    -3.90494     2.05880     -0.00178138    0.50299265   -0.00354157    0.16685802
  336    9    -6.42859    -2.78700     2.25447     -0.00193778    0.50299265   -0.00385251    0.16895072
  337    9    -7.03186    -1.80354     1.65971     -0.00174306    0.50299265   -0.00346539    0.17777671
  338    9    -7.36620    -1.32172     0.76329     -0.00103874    0.22749583   -0.00456596    0.18505015
  339    2    -7.25436    -0.97986    -0.21243     -0.00254013    0.49692602   -0.00511169    0.19338695
  340    2    -6.98443    -1.59323    -1.50047     -0.00202501    0.49692602   -0.00407508    0.18161965
  341    2    -6.36941    -2.73606    -2.15148     -0.00173763    0.49692602   -0.00349677    0.16710981
  342    2    -5.64421    -3.97184    -1.91678     -0.00163449    0.49692602   -0.00328921    0.16167849
  343    2    -5.08584    -4.82853    -0.88604     -0.00187046    0.49692602   -0.00376406    0.16591888
  344    2    -4.90757    -4.97891     0.54705     -0.00208700    0.49692602   -0.00419981    0.16981678
  345    2    -5.17750    -4.36554     1.83509     -0.00180000    0.49692602   -0.00362226    0.16545985
  346    2    -5.79253    -3.22270     2.48609     -0.00164942    0.49692602   -0.00331924    0.16307299
  347    2    -6.51772    -1.98693     2.25140     -0.00167950    0.49692602   -0.00337977    0.17011069
  348    2    -7.07610    -1.13024     1.22066     -0.00204981    0.49692602   -0.00412499    0.18516076
  349    3    -0.54959    -1.02936    -3.45092     -0.00039024    0.17867255   -0.00218412    0.16260386
  350    4    -0.28682    -0.67398    -3.46628     -0.00043665    0.17867255   -0.00244385    0.16536972
  351    5    -0.53487    -0.33358    -3.53656     -0.00044164    0.17867255   -0.00247180    0.16559668
  352    3    -0.67931    -0.20567     3.32367     -0.00033409    0.17867255   -0.00186983    0.16719049
  353    4    -0.41567     0.14425     3.26336     -0.00036593    0.17867255   -0.00204803    0.17022904
  354    5    -0.66464     0.49043     3.24064     -0.00043491    0.17867255   -0.00243413    0.17085142
  355    3     0.81387    -1.20675     3.31451     -0.00042578    0.17310036   -0.00245974    0.17395315
  356    4     1.06818    -0.84859     3.26672     -0.00052480    0.17310036   -0.00303174    0.17831663
  357    6     1.54995    -0.84936     3.25794     -0.00065131    0.17310036   -0.00376260    0.18345667
  358    3     0.57705    -1.68591    -3.34025     -0.00064142    0.28908781   -0.00221877    0.16556414
  359    4     0.83160    -1.32548    -3.37853     -0.00087714    0.28908781   -0.00303417    0.16871422
  360   12     1.56148    -1.38210    -3.51037     -0.00120270    0.28908781   -0.00416032    0.17164895
  361    4     0.15536    -0.34589     3.33157     -0.00089170    0.74473978   -0.00119733    0.17048032
  362    3     0.02277    -1.01637     3.46587     -0.00075938    0.77997976   -0.00097359    0.16572229
  363    4     0.22573    -1.12708    -3.44961     -0.00062058    0.42453341   -0.00146179    0.16443501
  364    3    -0.27563    -1.54763    -3.48826     -0.00048575    0.44465602   -0.00109243    0.15899728
  365    5    -1.22657     0.65871     3.32793     -0.00087462    0.61412911   -0.00142416    0.16834132
  366    3    -1.09958    -0.33633     3.45239     -0.00049414    0.61412911   -0.00080462    0.16262708
  367    5    -0.96129    -0.19599    -3.67900     -0.00094467    0.64892209   -0.00145575    0.16327018
  368    3    -1.13840    -1.18530    -3.56006     -0.00064856    0.64892209   -0.00099944    0.15797306
  369    3     1.73347    -4.39756    -1.36196     -0.00092274    0.20515113   -0.00449787    0.18078479
  370    6     2.43045    -3.96800    -1.36859     -0.00118547    0.20515113   -0.00577851    0.18018965
  371   10     1.68242    -4.61328    -1.17255     -0.00083651    0.20515113   -0.00407754    0.18226561
  372    3     1.94777    -3.62983    -2.15673     -0.00099504    0.18052562   -0.00551193    0.17556835
  373    6     2.70888    -3.35088    -2.26890     -0.00079216    0.18052562   -0.00438807    0.17661158
  374   12     2.84278    -3.21545    -2.49650     -0.00070229    0.18052562   -0.00389028    0.17588531
  375    3     1.39473    -1.81845     3.21751     -0.00098216    0.23825007   -0.00412239    0.17936914
  376    6     2.13435    -1.46727     3.24826     -0.00093475    0.23825007   -0.00392341    0.18731168
  377   13     2.34117    -1.68242     3.26251     -0.00093676    0.23825007   -0.00393182    0.18834889
  378    6     1.87201    -1.06808     3.38550     -0.00114353    0.55537209   -0.00205904    0.18292500
  379    3     0.87202    -1.68111     3.45399     -0.00058420    0.55537209   -0.00105191    0.17017709
  380    6     2.78812    -3.72869    -1.84620     -0.00158847    0.72819879   -0.00218137    0.17427662
  381    3     1.69558    -4.16879    -1.89754     -0.00160661    0.72819879   -0.00220628    0.17291152
  382    3     1.48686    -4.04935     2.38411     -0.00109763    0.27231208   -0.00403076    0.18143801
  383   10     1.46765    -4.30063     2.23499     -0.00113003    0.27231208   -0.00414975    0.18256112
  384   13     2.36720    -3.67850     2.35128     -0.00135379    0.27231208   -0.00497147    0.18358002
  385   10     0.91021    -4.74552     2.42981     -0.00107180    0.22811795   -0.00469846    0.17761621
  386   10    -0.07956    -5.12330     2.60566     -0.00181707    0.50463438   -0.00360076    0.17180317
  387   10    -1.19134    -5.63092     2.15932     -0.00212825    0.50463438   -0.00421741    0.16961872
  388   10    -1.81207    -6.02113     1.08442     -0.00197632    0.50463438   -0.00391634    0.17193922
  389   10    -1.70342    -6.14411    -0.20633     -0.00230312    0.50463438   -0.00456393    0.17073986
  390   10    -0.90710    -5.95264    -1.21736     -0.00179384    0.50463438   -0.00355473    0.16752783
  391   10     0.27113    -5.52024    -1.56050     -0.00202771    0.50463438   -0.00401817    0.17094277
  392   10     1.22393    -5.10061    -1.29710     -0.00075977    0.22811795   -0.00333058    0.17725721
  393    3     0.46310    -4.53917     2.72707     -0.00179198    0.49803266   -0.00359812    0.17331949
  394    3    -0.88261    -5.09079     2.67250     -0.00166024    0.49803266   -0.00333359    0.16538888
  395    3    -1.90171    -5.61892     1.77768     -0.00183594    0.49803266   -0.00368639    0.16801545
  396    3    -2.20293    -5.92079     0.38616     -0.00214244    0.49803266   -0.00430181    0.17055229
  397    3    -1.67061    -5.88050    -0.96780     -0.00177125    0.49803266   -0.00355649    0.16542290
  398    3    -0.50913    -5.51352    -1.76436     -0.00163820    0.49803266   -0.00328934    0.16367115
  399    3     0.83556    -4.96075    -1.69767     -0.00181505    0.49803266   -0.00364443    0.17326449
  400   12     2.81049    -3.07537    -2.92718     -0.00228023    0.83250539   -0.00273900    0.17096924
  401   12     2.23823    -2.13442    -3.55956     -0.00540049    1.67390918   -0.00322627    0.17190161
  402    3     1.23649    -3.38774    -2.85536     -0.00385510    2.37185958   -0.00162535    0.16448983
  403    3     0.60202    -2.23719    -3.48342     -0.00101971    1.20029159   -0.00084955    0.15918503
  404   13     2.54699    -2.17222     3.30837     -0.00302994    0.94906032   -0.00319257    0.18484022
  405   13     2.80578    -3.23515     2.84797     -0.00332481    0.94906032   -0.00350327    0.18287268
  406    3     1.31736    -3.02816     3.06337     -0.00540205    2.65385360   -0.00203555    0.17504337
  407    4     0.94528    -0.03238    -3.52344     -0.00068852    0.23459852   -0.00293490    0.16916409
  408    5     0.70519     0.31795    -3.56363     -0.00069861    0.23459852   -0.00297792    0.16788766
  409   12     1.66666    -0.16913    -3.63738     -0.00106322    0.23459852   -0.00453209    0.17118098
  410    4     1.14239     1.24395     3.04773     -0.00122819    0.47670608   -0.00257641    0.18380360
  411    5     0.90481     1.60402     3.02859     -0.00098574    0.47670608   -0.00206781    0.18055211
  412   14     2.02488     1.76114     3.18087     -0.00214913    0.47670608   -0.00450830    0.19336561
  413    5    -0.22833     1.10521     3.25009     -0.00093751    0.66469699   -0.00141043    0.17204197
  414    4     0.32595     0.74289     3.21164     -0.00085935    0.63475117   -0.00135384    0.17468531
  415    5    -0.04629     0.29425    -3.70307     -0.00082472    0.49821587   -0.00165534    0.16453141
  416    4     0.14288    -0.29899    -3.54751     -0.00077005    0.47575112   -0.00161860    0.16585344
  417    4     1.60767     0.88738     3.14206     -0.00094294    0.23445145   -0.00402188    0.18901076
  418    6     2.07881     0.91501     3.23936     -0.00120349    0.23445145   -0.00513321    0.19470446
  419   14     2.46217     1.41866     3.36869     -0.00155341    0.23445145   -0.00662573    0.20091617
  420    6     1.87599     0.13747     3.31233     -0.00210375    0.80820355   -0.00260300    0.18867658
  421    4     1.18952    -0.14557     3.27226     -0.00151925    0.77120190   -0.00196998    0.18072382
  422   12     2.02861    -0.93094    -3.84835     -0.00240393    0.69958830   -0.00343620    0.17052044
  423    4     1.00789    -0.60271    -3.58824     -0.00146322    0.90162737   -0.00162286    0.16756352
  424   14     2.54331     1.78545     3.60462     -0.00082824    0.20285004   -0.00408304    0.19764645
  425    4     1.30549     0.98651     3.29741      0.00000401    0.26897811    0.00001491    0.18143937
  426    5     1.88753     2.61656    -2.96819     -0.00121179    0.36894518   -0.00328446    0.15741657
  427    6     2.62170     2.30162    -2.99538     -0.00107423    0.36894518   -0.00291161    0.14988326
  428    7     2.80054     2.67909    -2.83270     -0.00028710    0.36894518   -0.00077817    0.13942431
  429    5     1.16381     0.72023    -3.57882     -0.00024363    0.05865972   -0.00415335    0.16582087
  430    6     1.87986     0.38176    -3.65573     -0.00035783    0.05865972   -0.00610005    0.16897850
  431   12     2.09589     0.20249    -3.74686     -0.00035699    0.05865972   -0.00608572    0.16931256
  432    6     2.07161     1.16291    -3.51434     -0.00488115    1.84078685   -0.00265166    0.16527582
  433    5     1.19929     1.98768    -3.45381     -0.00400531    1.84078685   -0.00217587    0.16405221
  434    5     1.42056     3.82604    -2.55812     -0.00090311    0.28051954   -0.00321941    0.16332496
  435    7     2.31278     3.80502    -2.32108      0.00007220    0.28051954    0.00025738    0.13632821
  436   11     1.40834     4.08407    -2.41977     -0.00105946    0.28051954   -0.00377677    0.16486351
  437    5     0.92783     4.49340     1.59278     -0.00094808    0.28051954   -0.00337972    0.17508538
  438    7     1.84922     4.43288     1.58414      0.00011776    0.28051954    0.00041980    0.15789473
  439   11     0.95700     4.69539     1.38249     -0.00088504    0.28051954   -0.00315499    0.17558364
  440    5     1.46080     4.17147     1.87674     -0.00026330    0.26059886   -0.00101036    0.16608851
  441    7     2.36934     4.27527     1.99365     -0.00001068    0.26059886   -0.00004099    0.16059712
  442   14     2.53265     4.18474     2.26388     -0.00048864    0.26059886   -0.00187506    0.16762243
  443    7     2.26842     4.47195     1.88844      0.00014398    0.11699809    0.00123061    0.15592161
  444    5     0.94316     4.47053     1.85538     -0.00006001    0.13052715   -0.00045978    0.16998118
  445    7     2.85197     3.26935    -2.73574      0.00092444    1.00256510    0.00092207    0.12733697
  446    5     1.53264     3.40691    -2.92276     -0.00183122    1.11833869   -0.00163745    0.15662752
  447    8    -4.42048     4.39006     0.66755     -0.00433547    0.63380529   -0.00684038    0.21883111
  448    8    -4.37261     4.55034    -0.71189     -0.01041321    1.29586843   -0.00803570    0.22903150
  449    8    -4.39393     4.08392    -2.02065     -0.00429320    0.63380529   -0.00677368    0.21772262
  450    5    -3.38820     4.72459     0.24848     -0.00808576    1.74049935   -0.00464566    0.21087852
  451    5    -3.36927     4.50640    -1.66747     -0.00798679    1.74049935   -0.00458879    0.21001945
  452   11     0.80610     4.34423    -2.68022     -0.00120494    0.23496908   -0.00512808    0.17291353
  453   11    -0.23402     4.70214    -2.79442     -0.00256608    0.52338876   -0.00490282    0.18106571
  454   11    -1.35777     5.16927    -2.23839     -0.00257920    0.52338876   -0.00492789    0.19081752
  455   11    -1.90532     5.50380    -1.06431     -0.00295882    0.52338876   -0.00565320    0.19940681
  456   11    -1.65292     5.56902     0.24802     -0.00275694    0.52338876   -0.00526749    0.19654537
  457   11    -0.70370     5.33829     1.16232     -0.00256156    0.52338876   -0.00489418    0.18858023
  458   11     0.32117     5.00103     1.40501     -0.00111773    0.23496908   -0.00475693    0.18175767
  459    5     0.33951     4.13540    -2.96104     -0.00227738    0.50957985   -0.00446912    0.17515072
  460    5    -1.05580     4.65231    -2.80360     -0.00232569    0.50957985   -0.00456393    0.18357671
  461    5    -2.04206     5.12538    -1.78264     -0.00261882    0.50957985   -0.00513918    0.19762397
  462    5    -2.21623     5.36128    -0.31537     -0.00275883    0.50957985   -0.00541393    0.20215450
  463    5    -1.50714     5.26362     0.99860     -0.00234850    0.50957985   -0.00460869    0.19164856
  464    5    -0.20456     4.87229     1.62231     -0.00213972    0.50957985   -0.00419899    0.18349298
  465   12     2.10268    -0.11481    -3.92908     -0.00086837    0.43060283   -0.00201663    0.16632146
  466    5     0.73412     0.70539    -3.83409     -0.00042807    0.62473539   -0.00068520    0.16144790
  467   14     2.54684     4.03962     2.75072     -0.00231590    0.95012054   -0.00243748    0.17420840
  468   14     2.42209     2.85813     3.37808     -0.00786709    1.90753349   -0.00412422    0.19245722
  469    5     0.84842     3.62471     2.63310     -0.00273446    2.75126166   -0.00099389    0.17032277
  470    5     0.76151     2.20317     3.24014     -0.00086428    1.39197009   -0.00062091    0.17319605
  471    6     5.47177     1.08671    -2.96794     -0.00009497    0.02061484   -0.00460686    0.12787328
  472    7     5.55781     1.48680    -2.79541     -0.00000834    0.02061484   -0.00040440    0.11551870
  473   12     5.40382     0.85367    -3.13696     -0.00012989    0.02061484   -0.00630064    0.13483598
  474    6     4.86899     1.35373    -3.22655     -0.00008618    0.02061484   -0.00418042    0.13240024
  475    7     4.97991     1.74280    -3.04335     -0.00003169    0.02061484   -0.00153731    0.12034239
  476   12     4.85498     1.09679    -3.37242     -0.00008830    0.02061484   -0.00428356    0.13858550
  477    6     6.48902     0.39339     1.88161     -0.00029764    0.13239410   -0.00224817    0.15518667
  478    7     6.59944     0.82332     1.91267     -0.00037783    0.13239410   -0.00285380    0.15349967
  479   14     6.51965     0.95451     2.20197     -0.00070679    0.13239410   -0.00533853    0.16279073
  480    7     6.83089     0.74720     1.40902     -0.00008180    0.54145349   -0.00015108    0.13606821
  481    7     7.04705     0.90839    -0.20564      0.00250560    1.12188133    0.00223339    0.10344881
  482    7     6.34518     1.44327    -1.99505      0.00196515    1.12188133    0.00175166    0.09867352
  483    6     6.84973     0.16372     0.73290     -0.00029368    1.16197965   -0.00025274    0.13224765
  484    6     6.72870     0.51696    -1.31007      0.00053684    1.16197965    0.00046201    0.11436584
  485    6     5.85085     1.05214    -2.65896     -0.00036416    0.59198966   -0.00061515    0.12073169
  486    7     4.34004     2.34568    -2.94951      0.00034976    1.02840728    0.00034010    0.11738270
  487    6     3.74573     1.92281    -3.15113     -0.00207533    1.12371913   -0.00184684    0.13912966
  488    6     3.35004    -4.04558     0.22521     -0.00115627    0.31515448   -0.00366889    0.18271917
  489   10     2.47344    -4.52741     0.33549     -0.00178953    0.31515448   -0.00567826    0.18547330
  490   13     3.44525    -4.04263     0.50994     -0.00128640    0.31515448   -0.00408181    0.18325507
  491   10     1.86464    -4.91578    -0.59384     -0.00574584    1.45139351   -0.00395884    0.18461322
  492    6     3.15913    -4.13212    -0.57860     -0.00470942    2.07859851   -0.00226567    0.17700657
  493   12     2.73145     0.22205    -3.99067     -0.00103537    0.30418951   -0.00340371    0.16520797
  494   12     3.98651     0.75411    -3.80825     -0.00280421    0.71848552   -0.00390294    0.15597595
  495    6     3.01498     0.76638    -3.72840     -0.00269605    0.62756447   -0.00429606    0.16448028
  496    6     4.43643     1.20870    -3.46934     -0.00098388    0.36871456   -0.00266840    0.14261905
  497   12     5.57113     0.42436    -3.25020     -0.00085881    0.24146862   -0.00355663    0.14006333
  498   12     6.07781    -0.46516    -2.81519     -0.00181815    0.53617881   -0.00339095    0.14512763
  499   12     6.02248    -1.74781    -2.41120     -0.00185923    0.53617881   -0.00346756    0.15240604
  500   12     5.19395    -2.80276    -2.30136     -0.00182820    0.53617881   -0.00340968    0.15997584
  501   12     3.92896    -3.20129    -2.53030     -0.00200091    0.53617881   -0.00373180    0.16957118
  502    6     5.90718     0.34741    -2.76971     -0.00159195    0.52567956   -0.00302837    0.13686424
  503    6     6.31129    -0.99277    -2.21638     -0.00174870    0.52567956   -0.00332655    0.14563370
  504    6     5.78986    -2.37181    -1.91325     -0.00162871    0.52567956   -0.00309829    0.15477627
  505    6     4.55481    -3.22928    -1.98351     -0.00168107    0.52567956   -0.00319790    0.16468262
  506    6     3.37478    -3.36650    -2.27381     -0.00085368    0.29268924   -0.00291667    0.17259505
  507    6     5.84187    -0.26176     2.61936     -0.00065820    0.11453036   -0.00574694    0.17725527
  508   13     5.75388    -0.53542     2.69270     -0.00067409    0.11453036   -0.00588573    0.17815715
  509   14     5.85699     0.34624     2.83599     -0.00077801    0.11453036   -0.00679302    0.18247897
  510    6     4.00396    -0.16562     3.54550     -0.00087520    0.11453036   -0.00764165    0.19637633
  511   13     4.09204    -0.44849     3.53012     -0.00076468    0.11453036   -0.00667670    0.19370124
  512   14     4.21936     0.43190     3.66121     -0.00099773    0.11453036   -0.00871147    0.20237096
  513   13     3.77110    -0.97556     3.60078     -0.00118411    0.26241512   -0.00451237    0.18954574
  514   13     2.97462    -1.45384     3.49291     -0.00097552    0.26241512   -0.00371748    0.18833746
  515    6     3.17497    -0.87137     3.48579     -0.00249736    0.56179220   -0.00444534    0.19302249
  516   13     4.22420    -3.92464     0.50733     -0.00094022    0.26398216   -0.00356167    0.17608997
  517   13     5.31368    -3.40612     0.52198     -0.00216031    0.59785032   -0.00361346    0.16852384
  518   13     6.16908    -2.39639     1.12370     -0.00207154    0.59785032   -0.00346498    0.16456042
  519   13     6.11158    -1.37172     2.15330     -0.00239683    0.59785032   -0.00400908    0.17050852
  520    6     4.60313    -3.68838     0.08029     -0.00197658    0.56439465   -0.00350212    0.17204751
  521    6     5.92108    -2.78355     0.36987     -0.00197409    0.56439465   -0.00349771    0.16216127
  522    6     6.39644    -1.57151     1.34176     -0.00217303    0.56439465   -0.00385020    0.16208270
  523    6     6.07495    -0.72791     2.31352     -0.00121611    0.31997837   -0.00380061    0.17034419
  524   14     3.02998     1.46469     3.77061     -0.00389283    0.66287208   -0.00587267    0.20442931
  525   14     3.96694     0.92459     3.90977     -0.00394937    0.66287208   -0.00595797    0.20450313
  526    6     3.10663     0.43746     3.53967     -0.00680348    1.55495077   -0.00437537    0.20091576
  527   14     6.24274     0.80165     2.76782     -0.00243115    0.64629136   -0.00376169    0.17607313
  528    6     6.28830     0.04351     2.21960     -0.00178943    0.78338347   -0.00228423    0.16440834
  529   11     1.06845     5.06939     1.14563     -0.00185686    0.77446494   -0.00239760    0.17059664
  530   11     1.39074     5.47823     0.07192     -0.00442480    1.55704897   -0.00284178    0.16562366
  531   11     1.55987     5.24915    -1.35291     -0.00479320    1.55704897   -0.00307839    0.16058713
  532   11     1.47643     4.51681    -2.29130     -0.00202383    0.77446494   -0.00261320    0.15986709
  533    7     2.51231     5.01314     1.07873      0.00239814    1.91209622    0.00125420    0.13949669
  534    7     2.85943     5.25706    -0.45905      0.00394199    1.91209622    0.00206161    0.11783000
  535    7     2.86383     4.53704    -1.88253      0.00390550    1.91209622    0.00204252    0.11458583
  536   12     5.09295     0.90744    -3.42397     -0.00111464    0.50809705   -0.00219375    0.13788357
  537    7     5.42590     1.79890    -2.92424      0.00050873    0.62001889    0.00082050    0.11033767
  538   14     6.72621     1.45773     2.31250     -0.00131146    0.30025724   -0.00436780    0.16074410
  539   14     6.90369     2.65368     2.09727     -0.00275055    0.64782886   -0.00424579    0.15312635
  540   14     6.35078     4.03278     1.98240     -0.00344940    0.64782886   -0.00532456    0.15467194
  541   14     5.08707     4.81604     2.08429     -0.00343376    0.64782886   -0.00530042    0.16229411
  542   14     3.62882     4.68348     2.36132     -0.00311521    0.64782886   -0.00480870    0.17125020
  543    7     6.92965     1.79739     1.78701     -0.00143623    0.64345942   -0.00223205    0.14268774
  544    7     6.83335     3.38586     1.55957     -0.00180927    0.64345942   -0.00281179    0.13571449
  545    7     5.79932     4.61670     1.55218     -0.00267262    0.64345942   -0.00415351    0.14364557
  546    7     4.24995     4.98709     1.76786     -0.00243930    0.64345942   -0.00379091    0.15288571
  547    7     3.02383     4.61670     2.04062     -0.00075284    0.34201487   -0.00220118    0.16001190
  548   13     2.99902    -3.86929     2.36966     -0.00176713    0.92115886   -0.00191838    0.17798174
  549   13     3.40136    -4.18849     1.34171     -0.00496426    1.84072422   -0.00269691    0.17928596
  550   10     1.84158    -4.83502     1.72540     -0.00532789    1.84072422   -0.00289445    0.18081344
  551   10     2.19984    -5.07053     0.65927     -0.00238966    0.92115886   -0.00259419    0.17967586
  552   14     4.70127     0.62383     3.81110     -0.00425324    1.00821674   -0.00421858    0.19760104
  553   14     5.70813     0.57117     3.30374     -0.00408386    1.00821674   -0.00405057    0.18614438
  554   13     5.00259    -0.64084     3.28489     -0.00774089    2.02207374   -0.00382820    0.18745376
