COSMO Results from DMol3

Note: COSMO for ideal conductor limit (fepsi= 1.0000)
  Basic Grid Size                  =   1082
  Number of Segments on an Atom    =     92
  Number of Segments on Hydrogen   =     32
  Solvent Radius    [au]           =   2.46
  A - Matrix Cutoff [au]           =  13.23
  factor for Outlying Charge corr  =   0.85
  maximum segment or cutoff radius =   1.49
  total number of segments         =    750
  number of charge corr segments   =    313




$coordinates xyz [au]                         and cosmo atom analysis:   radius   charge    area  charge density  (srad)
C            -3.04263439569873    1.44784423310997   -0.14284791277335   3.7795  -0.1079    55.37    -0.00195    6.2361
C            -6.08089259765228   -1.47837465802297   -0.09924157537058   3.7795  -0.0699    61.36    -0.00114    6.2361
C            -3.79480912445975   -2.67842129464960   -0.01957099406141   3.7795  -0.0448    51.75    -0.00087    6.2361
N            -5.56094371401831    1.08185809831930   -0.17309303420593   3.4582  -0.0460    24.81    -0.00185    5.9148
N            -1.92746643880984   -0.82822582701062   -0.04959962657939   3.4582  -0.0102     6.57    -0.00155    5.9148
C             0.83685353027678   -1.34771796572991   -0.00454716492111   3.7795  -0.0434    24.10    -0.00180    6.2361
C             2.46871435378902    1.02173890506851   -0.00240182877127   3.7795  -0.0097    17.29    -0.00056    6.2361
C             5.30310225143203    0.35000257412823   -0.05248022114939   3.7795  -0.0112    32.28    -0.00035    6.2361
O             6.82176864257360    2.56714384184512   -0.29440600968904   3.2503   0.1810    57.86     0.00313    5.7070
H            -2.09296270775839    3.25973945352297   -0.18780152663748   2.4566  -0.0816    19.60    -0.00416    4.9133
H            -7.99470933112224   -2.21404175602870   -0.10758355592059   2.4566  -0.0772    22.99    -0.00336    4.9133
H            -3.33333372828609   -4.67467373417359    0.04919685016413   2.4566  -0.0834    25.04    -0.00333    4.9133
H            -6.87182344172105    2.50365820732732   -0.24912711159783   2.4566  -0.1755    30.62    -0.00573    4.9133
H             1.23437306004259   -2.52561081009047   -1.67053445803831   2.4566  -0.0633    25.52    -0.00248    4.9133
H             1.18273187549746   -2.50600003549889    1.68631284518271   2.4566  -0.0639    25.88    -0.00247    4.9133
H             2.07550661212261    2.17681582358497    1.68651678820557   2.4566  -0.0438    24.96    -0.00176    4.9133
H             2.07700353788554    2.18944025423628   -1.68080726814625   2.4566  -0.0407    23.33    -0.00175    4.9133
H             5.71590032463280   -0.82006859553522   -1.72190472577698   2.4566  -0.0392    25.23    -0.00155    4.9133
H             5.82453262743566   -0.76536588270252    1.62992628432743   2.4566  -0.0419    26.14    -0.00160    4.9133
H             7.15908866383858    3.24025916829977    1.40399424575900   2.4566  -0.1272    32.63    -0.00390    4.9133
$end


$cosmo_energy               [Hartree atomic units]       [eV]     [kcal/mol]
  Total energy                 =       -419.950421
  Total energy + OC corr.      =       -419.947097
  Dielectric energy            =         -0.100307      -2.729      -62.94
  Diel. energy + OC corr.      =         -0.096983      -2.639      -60.86

  Surface area of cavity [au]  =           613.348
  Total Volume of cavity [au]  =          1112.465


$screening_charge
  cosmo           =   -1.02570
  corrected total =   -0.99968


$segment information
    n  atom        position (X, Y, Z) [au]            charge       area [au]   charge/area    potential [au]

    1    1    -3.52903     0.50261    -3.76972     -0.00091310    0.66359074   -0.00137600    0.16262344
    2    1    -4.08362     3.73512    -2.96579     -0.00126695    1.16128380   -0.00109099    0.17834788
    3    1    -4.12294     4.79716     1.23531     -0.00220803    0.99538612   -0.00221826    0.19668525
    4    1    -2.33043     2.96219     3.24593     -0.00119081    1.16128380   -0.00102542    0.16898161
    5    1    -2.07045     3.81892     2.63514     -0.00255337    1.32718149   -0.00192390    0.17820271
    6    1    -4.29150     4.97825     0.36791     -0.00147477    0.49769306   -0.00296321    0.20547013
    7    1    -3.48213     4.45814    -2.38546     -0.00354597    1.49307918   -0.00237494    0.18619299
    8    1    -1.93948     2.73222    -3.52187     -0.00167719    1.16128380   -0.00144426    0.16643070
    9    1    -3.01194     3.50335    -3.31433     -0.00174616    1.49307918   -0.00116950    0.17054845
   10    1    -4.40257     4.49470    -1.91811     -0.00186747    0.82948843   -0.00225136    0.19706513
   11    1    -4.31223     5.00546    -0.26851     -0.00139793    0.33179537   -0.00421324    0.20758821
   12    1    -4.16641     4.29230     2.07762     -0.00226564    1.32718149   -0.00170710    0.18610680
   13    1    -3.27774     3.73736     2.85501     -0.00118580    1.16128380   -0.00102111    0.17344801
   14    1    -1.94827     1.12107    -3.74561     -0.00136554    1.16128380   -0.00117589    0.16288623
   15    1    -2.76950     0.63316    -3.82333     -0.00117849    1.16128380   -0.00101481    0.16177328
   16    1    -3.66348     1.50680    -3.87049     -0.00092451    1.16128380   -0.00079611    0.16177125
   17    1    -3.90610     2.56495    -3.64867     -0.00092795    1.49307918   -0.00062150    0.16600520
   18    1    -4.08324     1.72663     3.47981     -0.00042098    0.99538612   -0.00042293    0.16465974
   19    1    -3.28740     2.48388     3.48358     -0.00137530    1.65897686   -0.00082900    0.16548850
   20    1    -2.09868     1.90559     3.48809     -0.00123967    0.99538612   -0.00124542    0.16668587
   21    1    -2.29062     1.05733     3.54039     -0.00104765    0.99538612   -0.00105251    0.16585609
   22    1    -3.06889     4.43926     2.16693     -0.00208604    0.99538612   -0.00209571    0.18396539
   23    1    -4.12073     4.93183    -1.13477     -0.00163055    0.49769306   -0.00327621    0.20293232
   24    1    -2.22848     3.74644    -3.03040     -0.00161420    0.82948843   -0.00194602    0.17511450
   25    1    -3.32543     0.99676     3.59891     -0.00196748    1.65897686   -0.00118596    0.16426713
   26    1    -2.71578     2.12282    -3.84715     -0.00141978    1.49307918   -0.00095091    0.16228972
   27    1    -4.10175     3.33446     2.95606     -0.00102897    1.16128380   -0.00088606    0.17274197
   28    2    -8.20598    -0.48523    -3.06267     -0.00117468    1.49307918   -0.00078675    0.16116386
   29    2    -7.02763    -4.20541    -2.53872     -0.00012626    1.16128380   -0.00010872    0.14507100
   30    2    -7.49481    -4.60220     1.49033     -0.00133947    0.99538612   -0.00134568    0.15574650
   31    2    -7.64125    -1.88077     3.31949     -0.00028806    1.49307918   -0.00019293    0.14467732
   32    2    -8.58659    -2.05565     2.67069     -0.00107274    1.32718149   -0.00080828    0.15452510
   33    2    -7.48137    -4.90952     0.64241     -0.00045178    0.49769306   -0.00090776    0.16102533
   34    2    -7.88101    -3.91030    -2.36406     -0.00091919    0.99538612   -0.00092345    0.15140289
   35    2    -8.94617    -1.06928    -2.52968     -0.00099619    0.82948843   -0.00120097    0.16541578
   36    2    -9.48983    -0.00003     0.59212     -0.00188752    0.99538612   -0.00189627    0.19049405
   37    2    -9.03732    -0.20678    -2.08086     -0.00195158    0.99538612   -0.00196063    0.17743952
   38    2    -7.99153    -1.60815    -3.35758     -0.00090625    1.82487455   -0.00049661    0.14956106
   39    2    -7.43927    -3.15659    -3.20126     -0.00011653    1.16128380   -0.00010035    0.14218857
   40    2    -7.33401    -4.70525    -1.61618     -0.00086787    0.99538612   -0.00087189    0.15429331
   41    2    -7.32070    -5.04867    -0.09377     -0.00138343    0.66359074   -0.00208476    0.16196610
   42    2    -7.20628    -4.21126     2.25641     -0.00057192    1.16128380   -0.00049249    0.14802679
   43    2    -7.81033    -2.98420     2.90506     -0.00043489    1.16128380   -0.00037449    0.14540917
   44    2    -8.47492    -0.82948     2.75241     -0.00102650    1.49307918   -0.00068750    0.15788036
   45    2    -8.88435    -0.03890     1.98713     -0.00245029    1.32718149   -0.00184624    0.17439477
   46    2    -6.96301    -0.60770    -3.66967      0.00029613    1.65897686    0.00017850    0.15128980
   47    2    -5.66122    -0.99536    -3.82412      0.00001271    1.65897686    0.00000766    0.14763930
   48    2    -5.83545    -2.20614    -3.79981      0.00072496    0.99538612    0.00072832    0.13880520
   49    2    -6.44251    -3.27759    -3.40320      0.00071037    1.32718149    0.00053524    0.13755471
   50    2    -6.41772    -2.03150     3.62433      0.00087276    1.65897686    0.00052608    0.13981217
   51    2    -7.12748    -0.91048     3.48776     -0.00023961    1.32718149   -0.00018054    0.14770830
   52    2    -6.73367    -0.20750     3.39978     -0.00001861    0.66359074   -0.00002804    0.15320107
   53    2    -8.06445    -3.63554     2.28748     -0.00067696    0.82948843   -0.00081612    0.15255136
   54    2    -7.56729    -4.86723    -0.86762     -0.00098675    0.49769306   -0.00198264    0.16070141
   55    2    -8.30937    -2.59936    -2.93850     -0.00098976    1.32718149   -0.00074576    0.15126970
   56    2    -9.43236    -0.05812    -1.11651     -0.00167336    0.82948843   -0.00201734    0.18949174
   57    2    -9.26640    -0.75892     1.80321     -0.00069101    0.66359074   -0.00104133    0.17258515
   58    2    -5.75609    -0.85443     3.61419      0.00009638    1.49307918    0.00006455    0.14826473
   59    2    -6.80473    -2.05010    -3.76439      0.00009503    1.65897686    0.00005728    0.14072201
   60    2    -6.93258    -3.24528     3.13139      0.00063722    1.32718149    0.00048013    0.13999087
   61    2    -7.79947    -0.15439     2.99559      0.00012498    0.82948843    0.00015067    0.15886602
   62    3    -5.47981    -4.90270     2.52950     -0.00003763    1.16128380   -0.00003241    0.14550681
   63    3    -5.62108    -5.65046    -1.47424     -0.00136442    0.99538612   -0.00137075    0.15512914
   64    3    -3.48338    -4.30157    -3.41848     -0.00010919    1.16128380   -0.00009403    0.14293221
   65    3    -3.10927    -5.20385    -2.74655     -0.00067603    0.99538612   -0.00067916    0.15273780
   66    3    -5.86339    -5.80418    -0.50426     -0.00054004    0.66359074   -0.00081381    0.16132021
   67    3    -4.76096    -5.45089     2.36042     -0.00089403    0.99538612   -0.00089818    0.15169633
   68    3    -2.44437    -4.75285     2.83654     -0.00106701    0.82948843   -0.00128635    0.15920608
   69    3    -2.89470    -4.07629     3.37455     -0.00050459    1.32718149   -0.00038020    0.15034431
   70    3    -4.36829    -4.63481     3.16289      0.00003947    1.16128380    0.00003399    0.14293989
   71    3    -5.66628    -5.51455     1.63522     -0.00065935    0.82948843   -0.00079489    0.15472164
   72    3    -6.06934    -5.66975     0.38398     -0.00081602    0.33179537   -0.00245941    0.16158406
   73    3    -5.35759    -5.24120    -2.31613     -0.00036675    1.16128380   -0.00031581    0.14671026
   74    3    -4.12985    -5.05648    -2.93793     -0.00021868    1.16128380   -0.00018831    0.14435111
   75    3    -2.48596    -4.56247    -3.02314     -0.00044019    0.99538612   -0.00044223    0.15318869
   76    3    -2.77106    -2.70757     3.61848     -0.00037001    1.32718149   -0.00027880    0.15251078
   77    3    -3.59660    -1.87181     3.66749     -0.00009658    1.49307918   -0.00006469    0.15018511
   78    3    -4.46729    -2.75417     3.69882      0.00079398    0.99538612    0.00079766    0.14016845
   79    3    -4.95939    -3.85975     3.37640      0.00076865    1.16128380    0.00066190    0.13826034
   80    3    -4.13298    -3.39501    -3.71502      0.00101455    1.65897686    0.00061155    0.13860888
   81    3    -2.77283    -3.20599    -3.61976     -0.00072641    1.65897686   -0.00043787    0.14868013
   82    3    -4.51600    -5.60972    -2.29369     -0.00081643    0.82948843   -0.00098425    0.15148793
   83    3    -5.75684    -5.77732     0.89238     -0.00108182    0.49769306   -0.00217367    0.16057602
   84    3    -3.54176    -5.05033     2.91204     -0.00086558    1.16128380   -0.00074536    0.15146117
   85    3    -2.07138    -5.12788    -2.32480     -0.00050796    0.33179537   -0.00153093    0.16463757
   86    3    -3.52775    -2.18868    -3.75762     -0.00000598    1.49307918   -0.00000400    0.14735640
   87    3    -3.79624    -3.47130     3.67579      0.00022519    1.65897686    0.00013574    0.14241689
   88    3    -4.82136    -4.39809    -3.22475      0.00066386    1.16128380    0.00057166    0.13838869
   89    4    -7.38032     1.47878     2.74091     -0.00058222    0.55557476   -0.00104797    0.17491232
   90    4    -5.68970     3.83785     1.91183     -0.00042181    0.13889369   -0.00303690    0.20083986
   91    4    -6.76326     2.18279    -3.22294     -0.00120527    0.97225583   -0.00123967    0.17862900
   92    4    -5.86137     3.42830     2.34940     -0.00037438    0.41668107   -0.00089847    0.19014438
   93    4    -7.92905     1.85189     2.22654     -0.00084609    0.69446845   -0.00121832    0.19179918
   94    4    -7.10148     2.24945     2.69441     -0.00149354    0.97225583   -0.00153616    0.18062912
   95    4    -6.23665     2.91908     2.67771     -0.00078890    1.25004321   -0.00063110    0.18156174
   96    4    -5.70767     3.58173    -2.55809     -0.00068393    0.55557476   -0.00123102    0.19839029
   97    4    -6.01549     2.79954    -3.13993     -0.00145111    1.11114952   -0.00130596    0.18129940
   98    4    -7.56322     1.49558    -2.96217     -0.00075075    0.97225583   -0.00077217    0.18189308
   99    4    -8.26218     1.34990    -2.31568     -0.00085623    0.27778738   -0.00308233    0.19742994
  100    4    -6.47543     1.37870     3.14876      0.00064329    0.69446845    0.00092631    0.16445007
  101    4    -5.59544     1.21184     3.28248      0.00017938    0.55557476    0.00032288    0.16224082
  102    4    -5.67553     1.84720    -3.54360      0.00078572    0.97225583    0.00080814    0.16605411
  103    4    -6.62420     1.26906    -3.45846     -0.00007475    0.97225583   -0.00007688    0.16622993
  104    4    -5.62159     0.96493    -3.62879      0.00013718    0.69446845    0.00019753    0.16076506
  105    4    -6.07912     2.08467     3.09568      0.00001973    0.97225583    0.00002029    0.16807868
  106    5    -1.68060    -1.05014    -3.49185     -0.00017697    0.27778738   -0.00063706    0.16309178
  107    5    -2.14251    -0.79423     3.40172     -0.00005755    0.13889369   -0.00041437    0.16470038
  108    5    -1.47625    -0.30906     3.33948     -0.00015997    0.13889369   -0.00115172    0.16873927
  109    5    -1.74531    -0.96119     3.40122     -0.00000126    0.41668107   -0.00000301    0.16590893
  110    5    -2.05133    -1.06533    -3.49745     -0.00007451    0.13889369   -0.00053642    0.16213846
  111    6     0.05958    -0.58376    -3.62345     -0.00074816    0.49769306   -0.00150326    0.16294474
  112    6     1.17850    -5.08440     0.44784     -0.00053381    0.82948843   -0.00064354    0.15862357
  113    6     0.49849    -0.75740     3.71315     -0.00038323    0.49769306   -0.00077000    0.16657892
  114    6    -0.14793    -0.59066     3.56495     -0.00072898    0.49769306   -0.00146472    0.16854055
  115    6     1.31442    -5.06905    -0.46039     -0.00049328    0.82948843   -0.00059468    0.15712994
  116    6     3.23565    -4.20071    -0.62943     -0.00055264    0.49769306   -0.00111040    0.14997736
  117    6    -0.09314    -1.23206    -3.66596     -0.00062519    0.49769306   -0.00125618    0.16482164
  118    6     3.07647    -4.38046     0.26167     -0.00081522    0.99538612   -0.00081900    0.14913895
  119    6     2.16703    -4.86331     0.38974     -0.00051553    0.99538612   -0.00051792    0.15229629
  120    6    -0.24776    -1.16842     3.61149     -0.00052730    0.33179537   -0.00158923    0.16967748
  121    6     2.46879    -4.73961    -0.34519     -0.00017494    0.66359074   -0.00026363    0.15053591
  122    6     0.69679    -0.74759    -3.73342     -0.00055073    0.49769306   -0.00110656    0.16004112
  123    7     2.75554     0.20743    -3.68190     -0.00031539    0.49769306   -0.00063371    0.13885687
  124    7     2.93084     4.67327     0.85617      0.00031972    0.49769306    0.00064241    0.12255000
  125    7     2.36827     0.35188     3.71587     -0.00036359    0.49769306   -0.00073056    0.15508870
  126    7     2.97018    -0.16505     3.55068     -0.00012126    0.16589769   -0.00073091    0.15269998
  127    7     2.80234     4.76085    -0.44064      0.00045152    0.82948843    0.00054434    0.11509268
  128    7     1.95691     4.75691    -0.26873      0.00024423    0.82948843    0.00029443    0.13265026
  129    7     2.13077     0.43566    -3.72079     -0.00026289    0.33179537   -0.00079234    0.14504292
  130    7     2.21147     4.75895     0.49910      0.00017980    0.66359074    0.00027094    0.13106938
  131    7     2.90068     0.52987     3.71994     -0.00003831    0.16589769   -0.00023093    0.15129755
  132    8     8.72114    -1.25739    -0.18468      0.00024162    0.99538612    0.00024274    0.08014972
  133    8     5.75618    -3.38526     0.30368      0.00023810    1.16128380    0.00020503    0.12219187
  134    8     5.15417     1.29250     3.60455     -0.00052592    0.66359074   -0.00079254    0.14359778
  135    8     5.92371    -3.34369    -0.55819     -0.00005278    0.99538612   -0.00005303    0.11919993
  136    8     8.28240    -1.84003    -0.83460      0.00009432    1.49307918    0.00006317    0.08819149
  137    8     4.68744     0.69849    -3.76512     -0.00029110    0.49769306   -0.00058490    0.11263104
  138    8     5.31923     1.54234    -3.63888     -0.00000817    0.49769306   -0.00001641    0.09244574
  139    8     8.76768    -0.74001    -1.09780      0.00062785    0.82948843    0.00075692    0.07052397
  140    8     8.05749    -2.20311     0.37080      0.00032437    1.32718149    0.00024440    0.09510807
  141    8     6.86677    -3.08535     0.14124      0.00056131    0.99538612    0.00056392    0.10776237
  142    8     8.95210    -0.56276     0.31610      0.00101262    0.82948843    0.00122078    0.07298432
  143    8     8.61193    -1.18378     0.93917      0.00009854    1.16128380    0.00008486    0.08895589
  144    8     4.76517     0.66384     3.67532     -0.00021287    0.33179537   -0.00064158    0.14294506
  145    8     7.49126    -2.71203    -0.39913      0.00044635    0.99538612    0.00044842    0.09963755
  146    8     8.48521    -0.66955    -1.81849     -0.00002551    0.66359074   -0.00003844    0.07437043
  147    8     5.69851     1.09734    -3.73613     -0.00032003    0.66359074   -0.00048227    0.09319097
  148    8     8.60406    -0.31318     1.66451      0.00029559    0.66359074    0.00044544    0.09202320
  149    9     9.38716     2.22364    -2.26048      0.00554228    1.22697929    0.00451702    0.01863866
  150    9     7.12049     4.64860    -2.77290      0.00505495    1.22697929    0.00411983    0.02562506
  151    9     9.26166     4.71051    -0.16234      0.00122808    0.98158343    0.00125112    0.05757130
  152    9     5.95432     5.64042     0.31140      0.00210673    0.85888550    0.00245287    0.07390021
  153    9     9.74050     1.89367     0.96736      0.00329632    0.98158343    0.00335816    0.05751436
  154    9     7.69379     1.92277    -3.35857      0.00229412    0.73618757    0.00311621    0.04154027
  155    9     8.52105     1.85862    -2.97305      0.00452425    1.22697929    0.00368731    0.03003611
  156    9     6.68589     2.64776    -3.54090      0.00339117    1.22697929    0.00276384    0.04656650
  157    9     7.10043     3.67494    -3.33740      0.00374389    0.98158343    0.00381413    0.02951804
  158    9     8.91074     3.14446    -2.71671      0.00565815    1.34967722    0.00419222    0.01831974
  159    9     8.08802     3.97178    -2.93794      0.00543532    1.34967722    0.00402713    0.02113202
  160    9     6.04623     4.57270    -2.73181      0.00714854    1.47237514    0.00485511    0.03404875
  161    9     9.14005     1.21255    -2.12617      0.00544009    1.22697929    0.00443372    0.02864093
  162    9     8.34965     5.42961    -0.10369      0.00021641    0.85888550    0.00025197    0.06670360
  163    9     7.08830     5.78801     0.05125      0.00155332    1.10428136    0.00140663    0.07044413
  164    9     5.26343     5.29802     0.52928      0.00259078    0.73618757    0.00351918    0.07981110
  165    9     9.27149     1.20521     1.35139      0.00138807    0.49079171    0.00282823    0.06963687
  166    9     9.93554     2.72265     0.62473      0.00250151    0.85888550    0.00291250    0.05382348
  167    9     9.80545     3.72489     0.27288      0.00188119    1.10428136    0.00170354    0.05659141
  168    9     9.65534     3.24101    -1.73710      0.00568396    1.34967722    0.00421135    0.01936995
  169    9     9.67322     4.01214    -0.88243      0.00401784    1.34967722    0.00297689    0.03431981
  170    9     8.74661     5.05122    -1.12441      0.00397134    1.71777100    0.00231191    0.04010137
  171    9     8.02082     4.98913    -2.10018      0.00477151    1.34967722    0.00353529    0.02723326
  172    9     6.83326     5.39886    -1.88998      0.00584944    1.47237514    0.00397279    0.03252396
  173    9     6.22362     5.71103    -0.86249      0.00608393    1.59507307    0.00381420    0.04769993
  174    9     5.28360     5.42379    -0.48977      0.00437521    0.85888550    0.00509406    0.05690035
  175    9     9.63051     1.07854     0.38359      0.00424724    0.85888550    0.00494506    0.04411787
  176    9     9.97744     1.81071    -0.10956      0.00503213    1.10428136    0.00455693    0.03253299
  177    9     9.87974     2.00887    -1.24403      0.00673285    1.34967722    0.00498849    0.02039785
  178    9     7.88227     2.85435    -3.35341      0.00440137    1.22697929    0.00358716    0.02840662
  179    9     6.04609     3.57354    -3.28609      0.00444343    1.10428136    0.00402382    0.04293081
  180    9     8.97523     4.20163    -2.09874      0.00494079    1.34967722    0.00366072    0.02226334
  181    9     5.47259     5.13900    -1.75381      0.00774827    1.47237514    0.00526243    0.04132939
  182    9     9.61136     1.01960    -0.91727      0.00568213    1.22697929    0.00463099    0.02946060
  183    9     7.58883     5.66305    -0.92011      0.00354426    1.47237514    0.00240717    0.04713768
  184    9    10.04108     2.95579    -0.51702      0.00533309    1.34967722    0.00395138    0.03079919
  185   10    -1.14573     5.51989    -0.35975     -0.00835622    1.75229431   -0.00476873    0.18875447
  186   10    -1.73140     4.98808     1.52017     -0.00401189    1.05137659   -0.00381585    0.19023880
  187   10    -2.80646     5.60839    -0.08879     -0.00455351    1.26165190   -0.00360917    0.19555864
  188   10    -2.25822     5.08608    -1.82252     -0.00332867    1.05137659   -0.00316601    0.19050041
  189   10    -1.13558     5.32739     0.73054     -0.00475799    1.12146836   -0.00424265    0.18927338
  190   10    -2.32408     5.50299     0.78660     -0.00512918    1.40183545   -0.00365891    0.19252914
  191   10    -2.42349     5.58184    -0.91836     -0.00521885    1.40183545   -0.00372287    0.19241362
  192   10    -1.36701     5.10949    -1.63230     -0.00538866    1.40183545   -0.00384400    0.18759603
  193   11   -10.14044    -3.39030     0.10979     -0.00719848    1.96256963   -0.00366788    0.16696024
  194   11    -9.19902    -3.87574     1.24276     -0.00396304    1.40183545   -0.00282704    0.16428170
  195   11    -8.94344    -4.35807    -0.84110     -0.00345069    1.19156013   -0.00289594    0.16494145
  196   11    -9.62155    -2.76681    -1.86339     -0.00376098    1.33174368   -0.00282410    0.16601989
  197   11   -10.22155    -1.21892    -0.40081     -0.00419161    1.26165190   -0.00332232    0.17819608
  198   11    -9.91555    -1.92183     1.39576     -0.00413676    1.47192722   -0.00281044    0.17046302
  199   11    -9.17368    -4.34451     0.21816     -0.00515244    1.61211077   -0.00319609    0.16527575
  200   11    -9.50037    -3.70178    -1.35442     -0.00535387    1.68220254   -0.00318265    0.16469638
  201   11   -10.34093    -2.58002    -0.73713     -0.00542949    1.54201899   -0.00352102    0.16924239
  202   11   -10.33248    -1.69677     0.44222     -0.00534562    1.68220254   -0.00317775    0.17345340
  203   11    -9.76135    -2.96891     1.42349     -0.00507741    1.61211077   -0.00314954    0.16597289
  204   11    -9.99057    -1.72499    -1.45384     -0.00357805    1.26165190   -0.00283600    0.17281631
  205   12    -2.88135    -7.08704     0.15523     -0.00734925    2.03266140   -0.00361558    0.16841720
  206   12    -4.12044    -6.61997    -1.22802     -0.00341212    1.26165190   -0.00270448    0.16389244
  207   12    -4.59313    -6.64195     0.80935     -0.00387947    1.33174368   -0.00291308    0.16517730
  208   12    -2.81839    -6.22940     1.88026     -0.00372836    1.33174368   -0.00279961    0.16727980
  209   12    -2.14231    -6.22734    -1.43596     -0.00413623    1.26165190   -0.00327843    0.17046674
  210   12    -4.29713    -6.92013    -0.20390     -0.00567951    1.75229431   -0.00324118    0.16521685
  211   12    -3.66423    -6.71814     1.37201     -0.00545699    1.75229431   -0.00311420    0.16541530
  212   12    -1.99525    -6.42295     1.13922     -0.00641834    1.75229431   -0.00366282    0.17234239
  213   12    -1.77217    -6.54689    -0.25516     -0.00679203    1.75229431   -0.00387608    0.17343337
  214   12    -3.09210    -6.66388    -1.37202     -0.00564414    1.82238608   -0.00309712    0.16602470
  215   13    -8.54674     4.29402    -0.40535     -0.00756987    1.33174368   -0.00568418    0.21326387
  216   13    -8.78598     2.73901     1.27265     -0.00726951    1.40183545   -0.00518571    0.21091101
  217   13    -9.23537     2.44761    -0.91674     -0.00826447    1.47192722   -0.00561473    0.21410120
  218   13    -7.74900     3.50029    -2.31610     -0.00640516    1.40183545   -0.00456913    0.20854342
  219   13    -6.72270     4.88054    -0.85183     -0.00781327    1.47192722   -0.00530819    0.21826441
  220   13    -7.10800     4.33751     1.36837     -0.00726118    1.47192722   -0.00493311    0.21293718
  221   13    -9.12965     3.41657     0.07334     -0.00813005    1.47192722   -0.00552340    0.21295225
  222   13    -8.78070     3.58914    -1.35050     -0.00898653    1.61211077   -0.00557439    0.21190146
  223   13    -7.82266     4.48276    -1.35101     -0.00810219    1.47192722   -0.00550447    0.21323904
  224   13    -7.67381     4.80069     0.09079     -0.00775730    1.40183545   -0.00553368    0.21491362
  225   13    -8.36864     4.09640     0.87241     -0.00849803    1.54201899   -0.00551098    0.21210924
  226   13    -9.26065     2.43016     0.31948     -0.00610223    1.12146836   -0.00544128    0.21443424
  227   13    -8.57421     2.67226    -2.01224     -0.00609465    1.26165190   -0.00483069    0.20980219
  228   13    -6.88058     4.27524    -1.95103     -0.00690033    1.33174368   -0.00518143    0.21323349
  229   13    -6.67220     4.85630     0.42931     -0.00691917    1.26165190   -0.00548421    0.21855732
  230   13    -7.95384     3.45194     1.74214     -0.00606216    1.33174368   -0.00455205    0.20867565
  231   14     1.52251    -3.98016    -3.62923     -0.00298836    1.19156013   -0.00250794    0.15669216
  232   14     0.52309    -2.49223    -4.02173     -0.00310555    1.33174368   -0.00233194    0.16158571
  233   14     1.35068    -4.95861    -1.99016     -0.00239480    1.19156013   -0.00200980    0.15987396
  234   14     2.83372    -4.23727    -2.41044     -0.00190576    0.77100950   -0.00247177    0.15331031
  235   14     1.94359    -2.79579    -4.00702     -0.00400258    1.47192722   -0.00271928    0.15497585
  236   14     0.56039    -3.57033    -3.78938     -0.00358389    1.47192722   -0.00243483    0.16112855
  237   14     0.78089    -4.56525    -2.96261     -0.00397566    1.40183545   -0.00283604    0.16170981
  238   14     2.03116    -4.56141    -2.79117     -0.00252048    1.05137659   -0.00239731    0.15536873
  239   14     2.46390    -3.68709    -3.45223     -0.00315983    1.12146836   -0.00281758    0.15363802
  240   14     1.48901    -1.94967    -4.04511     -0.00233153    1.05137659   -0.00221760    0.15742240
  241   14     2.43971    -4.66117    -1.81795     -0.00172965    0.91119304   -0.00189822    0.15489414
  242   15     1.66506    -3.97874     3.59248     -0.00304062    1.19156013   -0.00255179    0.16018533
  243   15     0.11358    -2.72106     3.88760     -0.00250229    0.91119304   -0.00274617    0.16783192
  244   15     1.73770    -2.04603     4.03482     -0.00304563    1.19156013   -0.00255600    0.16266512
  245   15     2.48480    -4.55354     2.07015     -0.00273495    1.40183545   -0.00195098    0.15734923
  246   15     1.06001    -3.14333     4.05565     -0.00351694    1.40183545   -0.00250881    0.16275863
  247   15     2.23318    -3.04643     3.84027     -0.00304653    1.12146836   -0.00271655    0.15978666
  248   15     2.59065    -3.99352     3.04284     -0.00397117    1.40183545   -0.00283283    0.15782973
  249   15     1.24501    -4.70233     2.78511     -0.00337987    1.33174368   -0.00253793    0.16179084
  250   15     0.49696    -4.11935     3.40731     -0.00335021    1.40183545   -0.00238987    0.16552511
  251   15     0.73930    -2.08471     4.06558     -0.00157001    0.84110127   -0.00186661    0.16567862
  252   15     1.34388    -4.94323     1.94909     -0.00224830    1.05137659   -0.00213843    0.16184726
  253   16     1.62139     3.52880     3.68678     -0.00237697    1.19156013   -0.00199484    0.15363590
  254   16     3.00049     2.71330     3.89825     -0.00191946    0.98128481   -0.00195607    0.14905093
  255   16     1.51938     1.63267     4.01669     -0.00168582    1.05137659   -0.00160344    0.15770746
  256   16     2.64218     4.39859     2.56845     -0.00168367    0.98128481   -0.00171578    0.14272575
  257   16     2.06688     2.72376     4.08150     -0.00188258    1.05137659   -0.00179058    0.15215233
  258   16     1.00138     2.52744     3.86789     -0.00223659    1.26165190   -0.00177275    0.15977963
  259   16     0.95219     3.79364     3.15592     -0.00216431    0.91119304   -0.00237525    0.15973715
  260   16     1.57648     4.36668     2.68183     -0.00218046    1.19156013   -0.00182992    0.15189694
  261   16     2.63516     3.78709     3.45542     -0.00233681    1.19156013   -0.00196114    0.14712186
  262   16     2.55938     1.79813     4.06509     -0.00143572    0.98128481   -0.00146310    0.15193380
  263   16     1.97361     4.62285     1.89071     -0.00117662    0.84110127   -0.00139890    0.14541234
  264   17     1.77220     3.72951    -3.57034     -0.00202965    1.05137659   -0.00193047    0.13795033
  265   17     1.25318     1.90937    -3.97817     -0.00185707    0.91119304   -0.00203807    0.14874301
  266   17     2.77784     2.11782    -4.03425     -0.00163469    1.05137659   -0.00155481    0.13017062
  267   17     2.04817     4.62916    -1.96728     -0.00202123    1.33174368   -0.00151773    0.13325352
  268   17     1.82287     2.72554    -4.06472     -0.00194046    1.05137659   -0.00184563    0.13905414
  269   17     2.86169     3.22598    -3.76525     -0.00306550    1.47192722   -0.00208265    0.12451136
  270   17     2.59570     4.22920    -2.94787     -0.00244338    1.33174368   -0.00183472    0.12448111
  271   17     1.43417     4.26577    -2.82568     -0.00241608    1.05137659   -0.00229802    0.14353240
  272   17     0.96452     3.17273    -3.63799     -0.00200831    1.12146836   -0.00179079    0.15048930
  273   17     2.02601     1.60545    -4.06646     -0.00108475    0.77100950   -0.00140692    0.14079812
  274   18     6.25497    -2.24971    -3.64561     -0.00210085    1.19156013   -0.00176311    0.11495127
  275   18     6.89865    -0.40597    -3.83487     -0.00160448    1.12146836   -0.00143070    0.09736212
  276   18     4.98028    -0.75120    -4.06481     -0.00160712    0.98128481   -0.00163777    0.12062473
  277   18     6.03766    -3.24399    -1.95905     -0.00159397    1.26165190   -0.00126340    0.12085227
  278   18     7.71273    -1.93922    -2.61365     -0.00170928    1.26165190   -0.00135479    0.09946133
  279   18     6.11773    -1.14823    -4.12313     -0.00196892    1.19156013   -0.00165239    0.11060089
  280   18     5.24256    -1.84465    -3.90394     -0.00242137    1.26165190   -0.00191921    0.12344715
  281   18     5.70371    -2.93131    -2.97795     -0.00256320    1.33174368   -0.00192469    0.12348394
  282   18     6.83515    -2.69048    -2.85502     -0.00180665    1.12146836   -0.00161097    0.11109819
  283   18     7.09625    -1.53092    -3.62568     -0.00222353    1.26165190   -0.00176240    0.10368267
  284   18     5.83574    -0.18726    -4.09261     -0.00106125    0.91119304   -0.00116468    0.10724963
  285   18     7.21946    -2.74611    -1.97636     -0.00110712    1.12146836   -0.00098720    0.10706295
  286   18     7.75941    -0.98098    -3.07586     -0.00153833    1.05137659   -0.00146316    0.09244181
  287   19     6.71781    -1.98960     3.56342     -0.00229064    1.26165190   -0.00181559    0.12523158
  288   19     5.11065    -1.23507     3.93314     -0.00181157    0.91119304   -0.00198813    0.13906727
  289   19     6.38037    -0.21709     3.95918     -0.00149777    1.05137659   -0.00142458    0.13200750
  290   19     7.90412    -1.07427     2.90073     -0.00147983    1.19156013   -0.00124193    0.11441259
  291   19     7.24167    -2.75929     1.85607     -0.00114915    1.12146836   -0.00102468    0.11494506
  292   19     5.72722    -3.08278     2.43943     -0.00129114    0.77100950   -0.00167461    0.13157650
  293   19     6.03437    -1.33214     4.01106     -0.00181053    1.12146836   -0.00161443    0.13149118
  294   19     7.23510    -0.81255     3.64067     -0.00241374    1.61211077   -0.00149725    0.12331855
  295   19     7.40778    -2.18242     2.86296     -0.00166337    1.05137659   -0.00158209    0.11759174
  296   19     6.51093    -2.80481     2.81511     -0.00170502    1.05137659   -0.00162171    0.12476189
  297   19     5.57830    -2.38097     3.46412     -0.00250193    1.26165190   -0.00198306    0.13450970
  298   19     5.42484    -0.36984     4.02133     -0.00125337    0.91119304   -0.00137553    0.13773147
  299   19     7.92312    -1.92178     2.17189     -0.00100837    0.98128481   -0.00102761    0.11023063
  300   19     6.23181    -3.18003     1.82669     -0.00090853    0.84110127   -0.00108017    0.12456919
  301   20     7.59730     4.14086     3.64719     -0.00815211    1.68220254   -0.00484609    0.14649755
  302   20     6.98826     5.63723     1.91433     -0.00622855    1.68220254   -0.00370262    0.12344780
  303   20     9.11168     4.64621     1.89983     -0.00725832    1.75229431   -0.00414218    0.11541544
  304   20     9.06297     2.40109     2.71019     -0.00626927    1.75229431   -0.00357775    0.12005562
  305   20     7.13474     2.77642     3.81631     -0.00623615    1.19156013   -0.00523360    0.15248998
  306   20     7.91587     5.10142     2.81766     -0.00913155    1.89247786   -0.00482518    0.13523893
  307   20     8.78145     3.91056     3.12264     -0.00848809    1.82238608   -0.00465768    0.13355695
  308   20     8.21165     2.66113     3.54684     -0.00859225    1.75229431   -0.00490343    0.14108377
  309   20     6.46751     3.62642     3.72942     -0.00858130    1.61211077   -0.00532302    0.15439778
  310   20     6.35467     4.77813     3.14264     -0.00865199    1.82238608   -0.00474762    0.14506552
  311   20     8.16656     5.47168     1.60626     -0.00556453    1.47192722   -0.00378044    0.11603981
  312   20     9.49123     3.46698     2.14215     -0.00470212    1.47192722   -0.00319453    0.11106015
  313   20     5.97749     5.25206     2.17312     -0.00475684    1.26165190   -0.00377032    0.12958849
  314    1    -3.91664    -0.38039    -3.48802     -0.00085900    0.28877094   -0.00297467    0.16434512
  315    2    -4.42203    -0.86992    -3.51123     -0.00046113    0.28877094   -0.00159688    0.15789976
  316    3    -4.04255    -1.06904    -3.49853     -0.00049999    0.28877094   -0.00173144    0.15819651
  317    1    -4.03506    -0.15648     3.28319     -0.00089116    0.28877094   -0.00308604    0.16639788
  318    2    -4.54152    -0.64399     3.32101     -0.00052485    0.28877094   -0.00181754    0.16005523
  319    3    -4.16206    -0.84308     3.33474     -0.00047813    0.28877094   -0.00165573    0.15979266
  320    1    -4.67795     0.66792     3.27053     -0.00039895    0.17791984   -0.00224233    0.16610020
  321    2    -5.18437     0.18008     3.27679     -0.00034913    0.17791984   -0.00196226    0.16206733
  322    4    -5.10165     0.61108     3.24177     -0.00027415    0.17791984   -0.00154084    0.16408725
  323    1    -4.56402     0.44792    -3.55156     -0.00042693    0.17791984   -0.00239958    0.16438691
  324    2    -5.07047    -0.03986    -3.54326     -0.00032452    0.17791984   -0.00182397    0.16055497
  325    4    -4.98851     0.39259    -3.53334     -0.00029131    0.17791984   -0.00163730    0.16267905
  326    2    -4.91118    -0.32253     3.41624     -0.00044656    0.60708819   -0.00073558    0.15794846
  327    1    -4.29011     0.47804     3.40199     -0.00083764    0.60708819   -0.00137977    0.16459829
  328    2    -4.89222    -0.44751    -3.64665     -0.00046231    0.61375106   -0.00075326    0.15650255
  329    1    -4.06777     0.14205    -3.65052     -0.00083367    0.61375106   -0.00135832    0.16283165
  330    1    -2.83337    -0.46347    -3.49367     -0.00043099    0.17946464   -0.00240154    0.16456965
  331    3    -2.95883    -1.15115    -3.47174     -0.00040527    0.17946464   -0.00225822    0.16104566
  332    5    -2.64136    -0.84278    -3.45375     -0.00040225    0.17946464   -0.00224137    0.16349083
  333    1    -2.94588    -0.23903     3.33134     -0.00048335    0.17946464   -0.00269326    0.16695184
  334    3    -3.07130    -0.92680     3.35051     -0.00031844    0.17946464   -0.00177440    0.16275415
  335    5    -2.75308    -0.61993     3.32276     -0.00039194    0.17946464   -0.00218392    0.16568427
  336    3    -3.52378    -0.99730     3.46428     -0.00058463    0.64233645   -0.00091016    0.15888561
  337    1    -3.49752     0.01110     3.43004     -0.00094400    0.64233645   -0.00146963    0.16502857
  338    3    -3.55572    -1.20249    -3.59781     -0.00055361    0.63638619   -0.00086993    0.15657041
  339    1    -3.22576    -0.24924    -3.62506     -0.00090355    0.63638619   -0.00141982    0.16286993
  340    1    -5.21802     4.16595     1.55049     -0.00066692    0.08064290   -0.00827001    0.20518349
  341    4    -5.63877     4.09129     1.53897     -0.00070420    0.08064290   -0.00873234    0.21082042
  342   13    -5.90392     4.18559     1.39693     -0.00062006    0.08064290   -0.00768894    0.21560403
  343    1    -5.15417     4.02916    -2.10907     -0.00069147    0.08064290   -0.00857447    0.20437691
  344    4    -5.57517     3.95502    -2.10667     -0.00067447    0.08064290   -0.00836371    0.20954282
  345   13    -5.84498     4.05931    -1.98138     -0.00064310    0.08064290   -0.00797472    0.21500356
  346    4    -5.13428     1.31850     3.23559     -0.00051995    0.65204679   -0.00079741    0.16532184
  347    4    -5.38552     3.11312     2.43676     -0.00371617    1.36944420   -0.00271363    0.18891905
  348    1    -4.63570     2.14080     3.06074     -0.00225142    1.36520713   -0.00164914    0.17276263
  349    1    -4.87754     3.88629     2.07398     -0.00190726    0.68281465   -0.00279323    0.19256129
  350    4    -5.39302     3.57629    -2.54249     -0.00194016    0.64603906   -0.00300316    0.19722121
  351    4    -5.12747     1.81815    -3.37637     -0.00218890    1.35506684   -0.00161535    0.17114381
  352    1    -4.69565     3.05185    -2.97125     -0.00343029    1.35192964   -0.00253733    0.18400085
  353    1    -4.41653     1.18725    -3.64703     -0.00074641    0.67652463   -0.00110331    0.16441864
  354    1    -1.41549     0.15805    -3.42430     -0.00045870    0.16372375   -0.00280168    0.16713988
  355    5    -1.23323    -0.22661    -3.39669     -0.00044796    0.16372375   -0.00273605    0.16725879
  356    6    -0.76637    -0.30995    -3.39682     -0.00052675    0.16372375   -0.00321731    0.16780651
  357    1    -1.47879     0.40057     3.25373     -0.00044445    0.16372375   -0.00271466    0.17100528
  358    5    -1.29631     0.01506     3.25754     -0.00044350    0.16372375   -0.00270880    0.17112721
  359    6    -0.82959    -0.06774     3.27256     -0.00057310    0.16372375   -0.00350044    0.17220229
  360    5    -1.94632    -0.15071     3.33207     -0.00088831    0.61587713   -0.00144235    0.16813484
  361    1    -2.43301     0.29048     3.40057     -0.00095759    0.64493580   -0.00148479    0.16745168
  362    5    -2.07740    -0.49411    -3.48351     -0.00081666    0.58882940   -0.00138692    0.16430996
  363    1    -2.12868     0.15379    -3.57639     -0.00090230    0.61661647   -0.00146331    0.16468545
  364    1    -0.82518     1.02104     3.14445     -0.00174955    0.61945300   -0.00282435    0.17344928
  365    6    -0.17356     0.55300     3.21849     -0.00169503    0.61945300   -0.00273633    0.17250689
  366   16     0.16877     1.19988     3.28807     -0.00167828    0.61945300   -0.00270929    0.17080959
  367    1    -0.66462     0.94550    -3.29784     -0.00179633    0.61659981   -0.00291328    0.16885594
  368    6    -0.01023     0.47598    -3.32145     -0.00170806    0.61659981   -0.00277013    0.16691822
  369   17     0.31563     1.13314    -3.38512     -0.00168934    0.61659981   -0.00273976    0.16409555
  370    6    -0.46603     0.12837     3.38767     -0.00045667    0.40775705   -0.00111994    0.16943431
  371    1    -1.44223     0.72594     3.36444     -0.00032762    0.40775705   -0.00080347    0.16833344
  372    6    -0.40425    -0.12723    -3.51187     -0.00078649    0.59648735   -0.00131854    0.16460798
  373    1    -1.25673     0.64214    -3.53293     -0.00069201    0.59648735   -0.00116015    0.16488865
  374    1    -1.14424     3.87598     2.18744     -0.00126015    0.30881591   -0.00408059    0.18578822
  375   10    -1.04811     4.07595     1.99607     -0.00149958    0.30881591   -0.00485589    0.18804985
  376   16    -0.14415     3.77510     2.32724     -0.00106935    0.30881591   -0.00346275    0.17354165
  377    1    -1.08585     3.74434    -2.55634     -0.00121560    0.29869776   -0.00406966    0.18262378
  378   10    -0.99422     3.95751    -2.37774     -0.00152649    0.29869776   -0.00511050    0.18478737
  379   17    -0.09431     3.66898    -2.62401     -0.00116888    0.29869776   -0.00391325    0.16925601
  380   10    -1.62721     4.29868    -2.36375     -0.00148652    0.23582747   -0.00630344    0.18821369
  381   10    -2.54808     4.79080    -1.98215     -0.00207934    0.52615542   -0.00395194    0.19507766
  382   10    -3.28748     5.20427    -0.93804     -0.00305402    0.52615542   -0.00580440    0.20406860
  383   10    -3.30526     5.24693     0.40573     -0.00290258    0.52615542   -0.00551658    0.20442385
  384   10    -2.59404     4.90115     1.49314     -0.00270772    0.52615542   -0.00514625    0.19675872
  385   10    -1.68399     4.43499     1.92938     -0.00118896    0.23582747   -0.00504165    0.19068488
  386    1    -2.19608     4.23326    -2.47972     -0.00252541    0.51061136   -0.00494585    0.18859847
  387    1    -3.31480     4.83950    -1.67867     -0.00260983    0.51061136   -0.00511119    0.19944644
  388    1    -3.76192     5.10885    -0.26860     -0.00290042    0.51061136   -0.00568029    0.20844556
  389    1    -3.35244     4.92985     1.16702     -0.00269890    0.51061136   -0.00528563    0.20035565
  390    1    -2.25578     4.37658     2.03420     -0.00222924    0.51061136   -0.00436582    0.19101955
  391   13    -6.01340     4.43973     1.04450     -0.00432541    0.63244100   -0.00683923    0.22049701
  392   13    -5.90575     4.69341    -0.31412     -0.01038678    1.29287130   -0.00803389    0.23114539
  393   13    -5.96634     4.33890    -1.65293     -0.00425890    0.63244100   -0.00673406    0.21974774
  394    1    -4.93054     4.63569     0.66798     -0.00803556    1.73696225   -0.00462622    0.21386506
  395    1    -4.89700     4.56382    -1.25460     -0.00806005    1.73696225   -0.00464032    0.21328087
  396   16     0.26960     3.56413     2.90244     -0.00162331    0.84838962   -0.00191341    0.16645216
  397   16     0.26297     2.34515     3.40675     -0.00410859    1.70833295   -0.00240503    0.16853281
  398    1    -1.22698     3.08427     2.92821     -0.00406868    2.40367621   -0.00169269    0.17322276
  399    1    -1.18722     1.64646     3.38991     -0.00125715    1.21804143   -0.00103211    0.16775834
  400   17     0.43913     1.76537    -3.62765     -0.00156737    0.79576850   -0.00196963    0.15881787
  401   17     0.35412     2.98668    -3.32173     -0.00398576    1.60173408   -0.00248840    0.16116506
  402    1    -1.06112     2.07693    -3.47390     -0.00352007    2.25043591   -0.00156417    0.16553984
  403    1    -1.12117     3.44451    -3.01435     -0.00193608    1.13968308   -0.00169879    0.17109916
  404    3    -4.45546    -1.57863     3.53238     -0.00007782    0.63864242   -0.00012186    0.14920016
  405    3    -5.33542    -3.27367     3.24961      0.00029044    1.30354453    0.00022281    0.14024507
  406    3    -6.13010    -4.88803     1.73525     -0.00243755    1.30354453   -0.00186994    0.15632598
  407    3    -6.27464    -5.31658    -0.57265     -0.00384690    1.30354453   -0.00295111    0.16502547
  408    3    -5.70478    -4.36882    -2.64822     -0.00067982    1.30354453   -0.00052151    0.14486940
  409    3    -4.67384    -2.46604    -3.56885      0.00019336    1.30354453    0.00014833    0.14268607
  410    2    -5.33780    -1.94924     3.45623      0.00016214    1.30354453    0.00012438    0.14416467
  411    2    -6.33815    -3.90986     2.62783     -0.00071398    1.30354453   -0.00054772    0.14576587
  412    2    -6.83625    -4.99328     0.60076     -0.00376605    1.30354453   -0.00288908    0.16522360
  413    2    -6.61069    -4.71792    -1.72395     -0.00241035    1.30354453   -0.00184908    0.15599065
  414    2    -5.76173    -3.20619    -3.31294      0.00024009    1.30354453    0.00018419    0.13932089
  415    2    -4.87048    -1.53251    -3.67613     -0.00008568    0.63864242   -0.00013417    0.14753439
  416    2    -8.63690     0.79124    -1.92811     -0.00060373    0.07579885   -0.00796494    0.19611426
  417    4    -8.53873     1.21930    -1.93516     -0.00067955    0.07579885   -0.00896521    0.20427320
  418   13    -8.61062     1.50416    -1.82110     -0.00061275    0.07579885   -0.00808395    0.21017861
  419    2    -8.71103     0.90410     1.46133     -0.00063853    0.07579885   -0.00842399    0.19695743
  420    4    -8.61264     1.33183     1.44418     -0.00071432    0.07579885   -0.00942391    0.20485994
  421   13    -8.67907     1.60837     1.30840     -0.00061039    0.07579885   -0.00805280    0.21047187
  422    4    -8.28038     1.14975     1.93564     -0.00250256    0.69321452   -0.00361009    0.19269586
  423    4    -6.54750     0.82759     2.96699     -0.00223396    1.45931904   -0.00153083    0.16800593
  424    2    -7.81222     0.43033     2.46351     -0.00356954    1.45466061   -0.00245387    0.17657642
  425    2    -5.95282     0.07780     3.33294     -0.00042385    0.72600985   -0.00058381    0.15755528
  426    4    -5.69977     0.46714    -3.55795     -0.00042225    0.68693610   -0.00061469    0.16042786
  427    4    -7.54039     0.86251    -2.81045     -0.00416637    1.44415214   -0.00288500    0.18309742
  428    2    -6.57438     0.01027    -3.38158     -0.00190232    1.44063822   -0.00132047    0.16215915
  429    2    -8.36845     0.40193    -2.43533     -0.00192831    0.71943570   -0.00268031    0.18239432
  430   11    -9.84618    -0.67693    -0.60780     -0.00102151    0.22747023   -0.00449076    0.18656757
  431   11    -9.64608    -1.18701    -1.52824     -0.00212241    0.50294053   -0.00422001    0.18060496
  432   11    -9.23875    -2.23940    -2.16957     -0.00196261    0.50294053   -0.00390227    0.16970711
  433   11    -8.77647    -3.44364    -2.02513     -0.00209022    0.50294053   -0.00415600    0.16530915
  434   11    -8.43582    -4.33975    -1.15009     -0.00190243    0.50294053   -0.00378261    0.16753994
  435   11    -8.34693    -4.58545     0.12132     -0.00226327    0.50294053   -0.00450008    0.16958105
  436   11    -8.54374    -4.08689     1.30347     -0.00195002    0.50294053   -0.00387724    0.16681042
  437   11    -8.95108    -3.03450     1.94480     -0.00204013    0.50294053   -0.00405641    0.16597925
  438   11    -9.41335    -1.83026     1.80036     -0.00175398    0.50294053   -0.00348744    0.17204266
  439   11    -9.75400    -0.93415     0.92532     -0.00244114    0.50294053   -0.00485373    0.18352685
  440   11    -9.86880    -0.62393    -0.09352     -0.00104903    0.22747023   -0.00461171    0.18706488
  441    2    -9.55929    -0.52325    -1.08114     -0.00209899    0.49686447   -0.00422446    0.18866284
  442    2    -9.20401    -1.43532    -2.15347     -0.00184308    0.49686447   -0.00370943    0.17281288
  443    2    -8.69261    -2.76238    -2.44568     -0.00155480    0.49686447   -0.00312923    0.16225140
  444    2    -8.22044    -3.99754    -1.84615     -0.00176054    0.49686447   -0.00354329    0.16219797
  445    2    -7.96784    -4.66900    -0.58388     -0.00198922    0.49686447   -0.00400354    0.16766943
  446    2    -8.03130    -4.52030     0.85898     -0.00199355    0.49686447   -0.00401226    0.16650383
  447    2    -8.38658    -3.60823     1.93132     -0.00156153    0.49686447   -0.00314278    0.16156434
  448    2    -8.89798    -2.28117     2.22353     -0.00157917    0.49686447   -0.00317827    0.16425734
  449    2    -9.37016    -1.04602     1.62400     -0.00177582    0.49686447   -0.00357405    0.17681309
  450    2    -9.62276    -0.37455     0.36173     -0.00220641    0.49686447   -0.00444066    0.19151032
  451   13    -8.84768     1.65779    -1.51371     -0.00412799    0.59363320   -0.00695377    0.21402487
  452   13    -9.13590     1.64735    -0.27012     -0.00926121    1.20713501   -0.00767206    0.22262131
  453   13    -8.90225     1.74087     0.98142     -0.00395347    0.59363320   -0.00665978    0.21441276
  454    2    -9.12113     0.58868    -1.12604     -0.00678065    1.63671343   -0.00414285    0.20106991
  455    2    -9.16006     0.64796     0.65412     -0.00684653    1.63671343   -0.00418310    0.20140577
  456    3    -1.79289    -2.24417    -3.34605     -0.00069378    0.31635867   -0.00219302    0.16324363
  457    5    -1.48303    -1.92562    -3.33930     -0.00076025    0.31635867   -0.00240311    0.16580289
  458   14    -0.81780    -2.23244    -3.40256     -0.00118921    0.31635867   -0.00375906    0.16896353
  459    3    -1.84496    -2.09286     3.31258     -0.00072805    0.31852716   -0.00228568    0.16599271
  460    5    -1.53497    -1.77479     3.29412     -0.00082519    0.31852716   -0.00259066    0.16905555
  461   15    -0.87697    -2.09124     3.38071     -0.00111823    0.31852716   -0.00351063    0.17258513
  462    5    -2.33809    -1.12895     3.36910     -0.00078979    0.61303884   -0.00128831    0.16417355
  463    3    -2.61768    -1.74105     3.45305     -0.00066240    0.64207594   -0.00103165    0.15958732
  464    5    -2.09378    -1.48624    -3.44577     -0.00080580    0.56663974   -0.00142206    0.16210118
  465    3    -2.69227    -1.77928    -3.53375     -0.00058353    0.59348578   -0.00098322    0.15697578
  466    3    -1.47020    -5.02742    -1.95173     -0.00092284    0.25210450   -0.00366054    0.17194271
  467   12    -1.53463    -5.24046    -1.76276     -0.00089831    0.25210450   -0.00356325    0.17395940
  468   14    -0.56154    -4.70160    -2.07952     -0.00109512    0.25210450   -0.00434391    0.17008908
  469    3    -1.55625    -4.91885     2.13239     -0.00080500    0.25702401   -0.00313199    0.17297313
  470   12    -1.61178    -5.14414     1.95487     -0.00117615    0.25702401   -0.00457602    0.17511699
  471   15    -0.64772    -4.60719     2.24831     -0.00106252    0.25702401   -0.00413395    0.17203228
  472   12    -2.23209    -5.56177     2.05713     -0.00115739    0.23687108   -0.00488616    0.17201777
  473   12    -3.31193    -5.80761     2.16742     -0.00194237    0.52826299   -0.00367690    0.16732337
  474   12    -4.49445    -6.10071     1.59486     -0.00219118    0.52826299   -0.00414790    0.16652160
  475   12    -5.08686    -6.27885     0.39929     -0.00225633    0.52826299   -0.00427123    0.16953689
  476   12    -4.84410    -6.26835    -0.92473     -0.00228964    0.52826299   -0.00433428    0.16774522
  477   12    -3.86660    -6.07354    -1.82950     -0.00199202    0.52826299   -0.00377088    0.16518971
  478   12    -2.55871    -5.77502    -1.94076     -0.00214544    0.52826299   -0.00406132    0.17033828
  479    3    -2.67045    -5.32305     2.36323     -0.00179370    0.51314231   -0.00349553    0.16773969
  480    3    -4.12661    -5.66548     2.19479     -0.00171909    0.51314231   -0.00335013    0.16172886
  481    3    -5.17470    -5.94375     1.15071     -0.00186409    0.51314231   -0.00363270    0.16572421
  482    3    -5.38117    -6.04274    -0.33710     -0.00215964    0.51314231   -0.00420865    0.16773845
  483    3    -4.66061    -5.92150    -1.65320     -0.00172596    0.51314231   -0.00336350    0.16232987
  484    3    -3.31109    -5.63019    -2.25317     -0.00168675    0.51314231   -0.00328710    0.16227842
  485    3    -2.12810    -5.35180    -2.11068     -0.00092322    0.28711646   -0.00321549    0.16853297
  486   14    -0.10681    -4.45905    -2.68867     -0.00243210    0.89007111   -0.00273248    0.16684179
  487   14    -0.37634    -3.25872    -3.39859     -0.00583357    1.79788436   -0.00324469    0.16949276
  488    3    -1.62056    -4.28507    -2.81874     -0.00415948    2.50123763   -0.00166297    0.16232122
  489    3    -1.88914    -2.83760    -3.50294     -0.00106378    1.27097156   -0.00083698    0.15700311
  490   15    -0.52473    -2.59408     3.59677     -0.00200157    0.86380886   -0.00231715    0.17015176
  491   15    -0.31265    -3.87773     3.10770     -0.00572133    1.74409146   -0.00328041    0.17263316
  492    3    -1.86908    -3.23852     3.31861     -0.00347889    2.42651995   -0.00143370    0.16180631
  493    3    -1.58584    -4.64345     2.63412     -0.00176164    1.23253180   -0.00142929    0.16504124
  494   13    -8.57367     2.09847     1.47503     -0.00170094    0.27940658   -0.00608768    0.21183221
  495   13    -7.77649     2.85823     1.93819     -0.00373117    0.61118538   -0.00610480    0.21098693
  496   13    -6.71679     3.82469     1.74066     -0.00401754    0.61118538   -0.00657336    0.21547192
  497    4    -8.09541     2.03180     1.88791     -0.00344039    0.60251800   -0.00571002    0.20613960
  498    4    -6.95832     3.09610     2.18566     -0.00339490    0.60251800   -0.00563453    0.20357291
  499    4    -6.05146     3.90943     1.75964     -0.00180206    0.32671824   -0.00551563    0.20932153
  500   13    -6.33489     3.96898    -2.14637     -0.00151044    0.27735851   -0.00544579    0.21417652
  501   13    -7.15157     3.19580    -2.52452     -0.00383362    0.60588163   -0.00632734    0.21086625
  502   13    -8.19438     2.25012    -2.22937     -0.00379050    0.60588163   -0.00625617    0.21263088
  503    4    -6.30552     3.44726    -2.50381     -0.00346901    0.59869839   -0.00579425    0.20766999
  504    4    -7.45099     2.38133    -2.68723     -0.00347383    0.59869839   -0.00580230    0.20207644
  505    4    -8.33049     1.59744    -2.18251     -0.00162632    0.32432337   -0.00501451    0.20484094
  506    5    -1.03549    -1.65584    -3.40327     -0.00032067    0.08061459   -0.00397785    0.16750929
  507    6    -0.58079    -1.75596    -3.49062     -0.00025069    0.08061459   -0.00310972    0.16771522
  508   14    -0.39133    -1.97633    -3.55246     -0.00036862    0.08061459   -0.00457257    0.16912925
  509    5    -1.13795    -1.61574     3.33917     -0.00033137    0.08066592   -0.00410788    0.17099902
  510    6    -0.68613    -1.71472     3.44146     -0.00028116    0.08066592   -0.00348548    0.17172427
  511   15    -0.49881    -1.93438     3.51159     -0.00036914    0.08066592   -0.00457616    0.17320072
  512    6    -0.64161    -0.80747     3.42977     -0.00146327    0.78814509   -0.00185660    0.17078319
  513    5    -1.35534    -0.95194     3.34901     -0.00134508    0.75216334   -0.00178829    0.16930048
  514    6    -0.60145    -1.19613    -3.51333     -0.00135133    0.66401494   -0.00203509    0.16690051
  515    5    -1.22469    -0.84609    -3.44427     -0.00108910    0.63368253   -0.00171869    0.16601500
  516   14    -0.34825    -2.18054    -3.64180     -0.00037043    0.12637345   -0.00293120    0.16709971
  517    5    -1.29404    -1.69214    -3.48056     -0.00009211    0.16292383   -0.00056534    0.16398004
  518   15    -0.42685    -2.06518     3.61765     -0.00011082    0.03721927   -0.00297759    0.17132997
  519    5    -1.38173    -1.61180     3.41653      0.00002588    0.04798483    0.00053933    0.16710053
  520    6     1.73500    -0.77361    -3.63736     -0.00032787    0.08583259   -0.00381992    0.15588452
  521    7     2.00134    -0.38273    -3.59384     -0.00024697    0.08583259   -0.00287735    0.15096523
  522   14     1.75765    -1.06537    -3.68915     -0.00027493    0.08583259   -0.00320309    0.15728560
  523    6     1.66089    -0.73054     3.63858     -0.00027493    0.08431029   -0.00326098    0.16385318
  524    7     1.92805    -0.34018     3.59552     -0.00021526    0.08431029   -0.00255317    0.16045824
  525   15     1.67855    -1.02176     3.69479     -0.00034813    0.08431029   -0.00412910    0.16500816
  526    6     1.38297     0.00046     3.59689     -0.00021691    0.08890492   -0.00243982    0.16266847
  527    7     1.65039     0.39067     3.64013     -0.00020368    0.08890492   -0.00229097    0.16071344
  528   16     1.62171     0.68229     3.69640     -0.00025563    0.08890492   -0.00287535    0.16078296
  529    6     1.35203     0.02946    -3.59984     -0.00024869    0.08744026   -0.00284412    0.15476750
  530    7     1.61902     0.42001    -3.64252     -0.00023277    0.08744026   -0.00266207    0.15152558
  531   17     1.59341     0.71190    -3.69656     -0.00018772    0.08744026   -0.00214680    0.15104672
  532    7     1.81242     0.13708     3.66543     -0.00026346    0.26866049   -0.00098063    0.15888823
  533    6     1.50429    -0.47739     3.66470     -0.00043245    0.26866049   -0.00160965    0.16243124
  534    7     1.92077     0.06915    -3.66643     -0.00035265    0.34176370   -0.00103185    0.14837045
  535    6     1.43538    -0.42323    -3.66789     -0.00056887    0.34176370   -0.00166450    0.15473602
  536    6     4.04278    -3.49558    -1.06925     -0.00062122    0.22541166   -0.00275594    0.14612821
  537    8     4.81403    -3.28919    -1.09536     -0.00043959    0.22541166   -0.00195018    0.13689176
  538   18     4.91184    -3.23990    -1.37387     -0.00054995    0.22541166   -0.00243976    0.13644621
  539    6     4.05856    -3.44673     1.12601     -0.00064492    0.21835339   -0.00295358    0.14821579
  540    8     4.83056    -3.24258     1.14016     -0.00045156    0.21835339   -0.00206804    0.14011127
  541   19     4.95089    -3.18196     1.40843     -0.00048026    0.21835339   -0.00219945    0.13965936
  542    8     4.78689    -3.40387     0.22800     -0.00245835    1.91754783   -0.00128203    0.13743374
  543    6     3.72006    -3.81734    -0.16190     -0.00327005    1.91754783   -0.00170533    0.14878393
  544    6     0.20796    -4.99422    -0.99686     -0.00079631    0.27135997   -0.00293452    0.16948931
  545   12    -0.71269    -5.31572    -0.87997     -0.00136627    0.27135997   -0.00503489    0.17488428
  546   14     0.30710    -4.93763    -1.27354     -0.00080124    0.27135997   -0.00295270    0.16955110
  547    6     0.22129    -4.99050     1.01946     -0.00081445    0.28132624   -0.00289505    0.17042014
  548   12    -0.70096    -5.31570     0.92592     -0.00126869    0.28132624   -0.00450966    0.17567297
  549   15     0.30774    -4.93329     1.30053     -0.00097448    0.28132624   -0.00346387    0.17089026
  550   12    -1.09192    -5.84099    -0.45340     -0.00280953    0.77698453   -0.00361594    0.17597291
  551   12    -1.08103    -5.83915     0.50524     -0.00279044    0.77698453   -0.00359138    0.17640175
  552    6     0.21703    -5.22189     0.00993     -0.00363488    2.19357461   -0.00165706    0.16669122
  553    6     3.60997    -3.69889    -1.25462     -0.00080128    0.29919141   -0.00267817    0.15155635
  554   14     3.49866    -3.74190    -1.53044     -0.00092525    0.29919141   -0.00309250    0.15286314
  555   18     4.42853    -3.29546    -1.53656     -0.00075893    0.29919141   -0.00253660    0.14140785
  556   14     2.91091    -4.28873    -1.45072     -0.00097203    0.30477221   -0.00318938    0.15565101
  557   14     1.64992    -4.82780    -1.37045     -0.00224975    0.71879393   -0.00312989    0.16307603
  558    6     2.48521    -4.50639    -0.98450     -0.00193357    0.62970781   -0.00307059    0.15830951
  559    6     1.05225    -4.98035    -0.99129     -0.00082990    0.36942087   -0.00224649    0.16292965
  560   14     0.18598    -1.91423    -3.77974     -0.00104024    0.33977028   -0.00306161    0.16686472
  561   14     1.28448    -1.44425    -3.84994     -0.00090061    0.33977028   -0.00265065    0.16103821
  562    6     0.60290    -1.34784    -3.66682     -0.00269265    0.68199665   -0.00394818    0.16813040
  563    6     3.60827    -3.64148     1.34737     -0.00087998    0.30210583   -0.00291281    0.15404684
  564   15     3.48364    -3.68048     1.61792     -0.00090706    0.30210583   -0.00300246    0.15581153
  565   19     4.44908    -3.22210     1.59574     -0.00077455    0.30210583   -0.00256384    0.14501618
  566   15     1.19373    -1.39635     3.85018     -0.00109097    0.34523843   -0.00316006    0.16775407
  567   15     0.07729    -1.86719     3.75602     -0.00116127    0.34523843   -0.00336367    0.17181567
  568    6     0.51021    -1.30326     3.64608     -0.00280251    0.68996708   -0.00406180    0.17387615
  569   15     1.12564    -4.93582     1.43943     -0.00079127    0.30422968   -0.00260088    0.16508099
  570   15     2.42569    -4.49946     1.47242     -0.00223316    0.71716709   -0.00311386    0.16166326
  571    6     1.62497    -4.81134     1.01487     -0.00183609    0.62881744   -0.00291991    0.16301352
  572    6     3.00237    -4.21316     1.14288     -0.00109097    0.36876325   -0.00295846    0.15577207
  573   16     1.00200     1.12749     3.64374     -0.00193361    0.83280393   -0.00232180    0.16518959
  574    6     0.77346     0.04308     3.59590     -0.00169292    1.17405401   -0.00144195    0.16490976
  575   17     1.26033     1.01987    -3.71946     -0.00150002    0.67480003   -0.00222291    0.15393351
  576    6     0.66453     0.09876    -3.59956     -0.00129907    0.95186749   -0.00136476    0.15892221
  577   18     5.01271    -3.31507    -1.55355     -0.00002581    0.03239629   -0.00079654    0.13329975
  578    6     3.76460    -3.82875    -1.13467      0.00006008    0.04618847    0.00130073    0.14601357
  579   19     5.05643    -3.25199     1.61089     -0.00004861    0.05946173   -0.00081754    0.13683092
  580    6     3.77899    -3.78022     1.21455      0.00001198    0.08494950    0.00014108    0.14807774
  581    7     3.57492     1.08405     3.61915     -0.00017362    0.09596590   -0.00180916    0.14886013
  582    8     4.04025     0.97283     3.56813     -0.00016638    0.09596590   -0.00173375    0.14624349
  583   16     3.41429     1.32874     3.67746     -0.00021812    0.09596590   -0.00227287    0.15053712
  584    7     3.43686     1.01933    -3.66468     -0.00013020    0.10199076   -0.00127657    0.12763028
  585    8     3.90406     0.90899    -3.63129     -0.00014457    0.10199076   -0.00141744    0.12187336
  586   17     3.28880     1.27230    -3.71913     -0.00027690    0.10199076   -0.00271491    0.12920435
  587    7     3.71373     0.31289    -3.61402     -0.00015755    0.09263917   -0.00170067    0.12856223
  588    8     4.17871     0.20055    -3.66544     -0.00015171    0.09263917   -0.00163763    0.12424164
  589   18     4.34535    -0.03991    -3.71979     -0.00025292    0.09263917   -0.00273018    0.12507055
  590    7     3.85887     0.37333     3.56867     -0.00013210    0.08883014   -0.00148706    0.14673466
  591    8     4.32543     0.26162     3.60439     -0.00015464    0.08883014   -0.00174082    0.14516780
  592   19     4.50352     0.02787     3.65775     -0.00020919    0.08883014   -0.00235493    0.14531561
  593    8     4.29261     0.63397     3.63281     -0.00023273    0.25666722   -0.00090672    0.14452139
  594    7     3.60121     0.70596     3.64463     -0.00026035    0.25666722   -0.00101435    0.14768687
  595    8     4.12751     0.48387    -3.69739     -0.00017961    0.25021730   -0.00071784    0.12163430
  596    7     3.47678     0.72763    -3.68785     -0.00024254    0.25021730   -0.00096933    0.12819033
  597    7     3.53029     4.45759     1.25388      0.00013980    0.19182668    0.00072878    0.12020850
  598    9     4.31800     4.56172     1.13702      0.00036273    0.19182668    0.00189093    0.10675825
  599   16     3.38596     4.40735     1.51112     -0.00032302    0.19182668   -0.00168390    0.12765267
  600    7     3.36589     4.52834    -1.21011      0.00029933    0.22127751    0.00135274    0.10175769
  601    9     4.16210     4.63706    -1.21356      0.00115111    0.22127751    0.00520210    0.07456203
  602   17     3.23795     4.48288    -1.47713     -0.00016209    0.22127751   -0.00073253    0.10698828
  603    9     4.55953     4.99242    -0.70551      0.00447938    1.01292359    0.00442223    0.06578255
  604    9     4.66242     4.95148     0.61159      0.00273548    1.01292359    0.00270057    0.08774681
  605    7     3.50313     4.67707     0.03042      0.00216605    2.22677293    0.00097273    0.10365606
  606    7     1.07543     4.50631     0.82011     -0.00044847    0.29152262   -0.00153836    0.15648261
  607   10     0.15889     4.62466     0.70432     -0.00130612    0.29152262   -0.00448033    0.17589340
  608   16     1.06570     4.47178     1.11953     -0.00059298    0.29152262   -0.00203409    0.15825562
  609    7     1.13874     4.53136    -0.84550     -0.00043547    0.29232804   -0.00148967    0.15265552
  610   10     0.21571     4.65389    -0.81612     -0.00152048    0.29232804   -0.00520129    0.17379172
  611   17     1.12327     4.50385    -1.14510     -0.00059633    0.29232804   -0.00203995    0.15357721
  612   10    -0.24923     4.95723     0.05833     -0.00550744    1.15244425   -0.00477892    0.18514741
  613    7     1.11263     4.70550    -0.13279     -0.00121408    1.63608968   -0.00074206    0.15099766
  614    7     3.03924    -0.58099    -3.46478     -0.00096497    0.56855580   -0.00169724    0.14292872
  615   14     2.74027    -1.25235    -3.50064     -0.00158083    0.56855580   -0.00278043    0.15061857
  616   18     3.70819    -0.88399    -3.51172     -0.00115792    0.56855580   -0.00203660    0.13790412
  617   14     1.96938    -1.31397    -3.74637     -0.00117044    0.41627959   -0.00281167    0.15623522
  618    7     2.48375    -0.35061    -3.65385     -0.00047422    0.58762711   -0.00080701    0.14455527
  619    7     3.13818    -0.61640     3.42047     -0.00095811    0.57507381   -0.00166606    0.15425962
  620   15     2.81701    -1.27899     3.45617     -0.00153021    0.57507381   -0.00266090    0.15925871
  621   19     3.82185    -0.90222     3.44331     -0.00113258    0.57507381   -0.00196945    0.15012227
  622   15     2.08914    -1.36308     3.72050     -0.00148754    0.54408657   -0.00273401    0.16356329
  623    7     2.37774    -0.30164     3.65666     -0.00065588    0.76772352   -0.00085431    0.15595347
  624   16     2.01031     1.03401     3.85632     -0.00057510    0.26277258   -0.00218858    0.15780929
  625   16     2.88796     1.34619     3.84714     -0.00044198    0.26277258   -0.00168197    0.15252402
  626    7     2.57507     0.83200     3.71447     -0.00117960    0.56387981   -0.00209194    0.15590885
  627   16     2.69674     4.54720     1.61338     -0.00050708    0.27058533   -0.00187399    0.13679577
  628   16     1.77080     4.58858     1.36951     -0.00042551    0.27058533   -0.00157257    0.14691433
  629    7     2.33629     4.56981     1.10251     -0.00093419    0.57685812   -0.00161944    0.13791398
  630   17     2.02850     4.57176    -1.42567     -0.00070705    0.45184620   -0.00156479    0.13595993
  631    7     2.40231     4.59211    -1.08584     -0.00065115    0.54769236   -0.00118890    0.12702587
  632   17     2.77748     1.31332    -3.86742     -0.00048543    0.24115011   -0.00201298    0.13507612
  633   17     1.95966     1.05384    -3.85708     -0.00046850    0.24115011   -0.00194279    0.14562423
  634    7     2.48661     0.81676    -3.73210     -0.00103808    0.52640870   -0.00197201    0.14165448
  635   18     4.27877    -0.50780    -3.75624     -0.00079349    0.45791323   -0.00173284    0.12851307
  636    7     3.36352     0.09262    -3.68087     -0.00035335    0.64633103   -0.00054670    0.13249213
  637   19     4.49043    -0.35279     3.71062     -0.00093423    0.53233956   -0.00175495    0.14488699
  638    7     3.43898    -0.01674     3.62383     -0.00046013    0.75101603   -0.00061268    0.14858767
  639    8     4.85178     2.27376    -3.31627      0.00000135    0.31954119    0.00000424    0.09081444
  640    9     5.13750     2.62328    -3.23394      0.00067536    0.31954119    0.00211354    0.07703732
  641   17     4.17468     2.51860    -3.34122     -0.00024414    0.31954119   -0.00076402    0.10372157
  642    8     8.05883     0.13282    -2.63466      0.00004737    0.05133626    0.00092269    0.06900173
  643    9     8.23273     0.55146    -2.58339      0.00018510    0.05133626    0.00360568    0.05573502
  644   18     7.91786    -0.08721    -2.77626     -0.00005772    0.05133626   -0.00112443    0.07696590
  645    8     6.80892     0.89682    -3.47919      0.00002401    0.05133626    0.00046772    0.07863491
  646    9     7.03456     1.28383    -3.39297      0.00014203    0.05133626    0.00276658    0.06582641
  647   18     6.77958     0.60855    -3.54537     -0.00006858    0.05133626   -0.00133587    0.08559483
  648    8     8.54251     0.77912     2.01144      0.00000363    0.13634863    0.00002665    0.09833269
  649    9     8.76108     1.17268     1.93283     -0.00006387    0.13634863   -0.00046845    0.09603333
  650   20     8.70953     1.39086     2.16987     -0.00033645    0.13634863   -0.00246754    0.10604314
  651    9     8.99083     0.89053     1.43099      0.00102571    0.63901346    0.00160515    0.07654855
  652    9     9.19703     0.55109    -0.38531      0.00541815    1.34151676    0.00403883    0.04179951
  653    9     8.69290     0.70180    -2.16853      0.00203302    0.63901346    0.00318150    0.04208326
  654    8     8.85311     0.13489     0.84074      0.00204823    1.37227168    0.00149259    0.07228831
  655    8     8.66033     0.01277    -1.48843      0.00236539    1.37227168    0.00172371    0.05783652
  656    9     6.54514     2.03982    -3.38862      0.00165647    1.04222380    0.00158936    0.05914552
  657    8     5.84490     1.72781    -3.44448      0.00001781    1.13850071    0.00001565    0.08066226
  658    8     4.91344     2.10571     3.32374     -0.00125396    0.47575427   -0.00263573    0.14888376
  659   16     4.23446     2.37371     3.35136     -0.00105430    0.47575427   -0.00221606    0.14771858
  660   20     5.33797     2.60545     3.30112     -0.00213361    0.47575427   -0.00448470    0.15357380
  661   16     3.47468     1.79462     3.70385     -0.00141026    0.69695668   -0.00202346    0.15037985
  662    8     4.52703     1.49868     3.56681     -0.00085916    0.98314626   -0.00087389    0.14489079
  663   17     3.51313     2.08699    -3.66197     -0.00187380    0.91413400   -0.00204980    0.12245139
  664    8     4.36820     1.39376    -3.63245     -0.00079032    1.28887158   -0.00061319    0.11062896
  665   18     4.86072    -0.05529    -3.89212     -0.00044294    0.25394050   -0.00174426    0.11848035
  666   18     5.97542     0.26623    -3.84185     -0.00114614    0.56908782   -0.00201399    0.10362803
  667    8     5.14319     0.46786    -3.77503     -0.00100385    0.54821545   -0.00183112    0.11139826
  668    8     6.38591     0.73378    -3.65412     -0.00033353    0.30780667   -0.00108359    0.08971089
  669   18     7.93285    -0.59662    -2.75307     -0.00029417    0.25187057   -0.00116796    0.08571067
  670   18     7.97545    -1.53470    -2.08506     -0.00102993    0.56339938   -0.00182807    0.09498605
  671   18     7.30210    -2.60437    -1.50184     -0.00082035    0.56339938   -0.00145608    0.10684848
  672   18     6.03595    -3.17615    -1.41417     -0.00088355    0.56339938   -0.00156825    0.12229761
  673    8     8.15835    -0.70899    -2.20464     -0.00067788    0.54467999   -0.00124454    0.08288300
  674    8     7.88574    -1.99464    -1.37095     -0.00068700    0.54467999   -0.00126128    0.09665439
  675    8     6.73711    -2.96676    -0.97363     -0.00062791    0.54467999   -0.00115280    0.11199128
  676    8     5.51470    -3.29107    -1.04859     -0.00043575    0.30529766   -0.00142730    0.12697260
  677    8     8.07722     0.47116     2.53312     -0.00026440    0.12281676   -0.00215280    0.11416479
  678   19     7.94981     0.24368     2.67887     -0.00028662    0.12281676   -0.00233368    0.11659891
  679   20     8.20808     1.10568     2.60974     -0.00037079    0.12281676   -0.00301904    0.11911371
  680    8     6.26184     1.13246     3.53422     -0.00041471    0.12281676   -0.00337669    0.14288723
  681   19     6.30832     0.84164     3.58408     -0.00041908    0.12281676   -0.00341222    0.14052601
  682   20     6.59111     1.69471     3.50143     -0.00077489    0.12281676   -0.00630929    0.14915294
  683   19     5.90586     0.40092     3.78571     -0.00064265    0.26697615   -0.00240715    0.13944757
  684   19     5.03602     0.03218     3.81085     -0.00041860    0.26697615   -0.00156791    0.14203127
  685    8     5.31941     0.56474     3.66218     -0.00129602    0.57116916   -0.00226906    0.14350502
  686   19     5.65406    -3.20711     1.47171     -0.00051558    0.26529366   -0.00194343    0.13101060
  687   19     6.81181    -2.91684     1.30532     -0.00100558    0.59968011   -0.00167686    0.11855152
  688   19     7.88223    -1.97926     1.59514     -0.00107038    0.59968011   -0.00178492    0.10921700
  689   19     8.10612    -0.75239     2.33913     -0.00123105    0.59968011   -0.00205285    0.11131349
  690    8     6.02527    -3.15244     0.97899     -0.00085856    0.56836673   -0.00151058    0.12494235
  691    8     7.49993    -2.47459     0.97134     -0.00061194    0.56836673   -0.00107666    0.10799105
  692    8     8.27065    -1.18572     1.58694     -0.00086923    0.56836673   -0.00152935    0.10230595
  693    8     8.19992    -0.09340     2.33305     -0.00033755    0.32156807   -0.00104971    0.10778078
  694   20     6.16153     2.47971     3.57982     -0.00435280    0.84463254   -0.00515348    0.15689394
  695    8     5.82640     1.58408     3.54335     -0.00243421    1.02379702   -0.00237763    0.14698275
  696   20     8.57755     1.44486     2.55460     -0.00074901    0.34524433   -0.00216951    0.11576783
  697    8     8.39419     0.57094     2.28163     -0.00010930    0.41847798   -0.00026118    0.10460412
  698    9     4.82878     4.67400     1.32905      0.00017389    0.34938755    0.00049769    0.10856255
  699   16     3.92207     4.34924     1.65083      0.00000927    0.34938755    0.00002654    0.12238808
  700   20     4.99954     4.67387     1.61081     -0.00047147    0.34938755   -0.00134942    0.11707572
  701   16     3.31945     4.51928     1.72721     -0.00001531    0.08411727   -0.00018196    0.12856660
  702    9     4.65502     4.86086     1.20886      0.00018062    0.10546239    0.00171261    0.10298407
  703   17     3.23944     4.51952    -1.91052     -0.00015564    0.76672852   -0.00020300    0.10618621
  704   17     3.56140     3.91254    -2.84705     -0.00120163    1.54028124   -0.00078014    0.10504542
  705   17     3.81849     2.96584    -3.46901     -0.00048481    0.76672852   -0.00063230    0.10677571
  706    9     4.70689     4.61870    -1.98963      0.00646118    1.89876581    0.00340283    0.05864400
  707    9     5.10278     3.55644    -3.05517      0.00492462    1.89876581    0.00259359    0.06234662
  708   18     7.23241     0.20631    -3.35963     -0.00180879    1.23305357   -0.00146692    0.08623725
  709    9     7.89714     1.01713    -2.98927      0.00258244    1.50336902    0.00171777    0.05369291
  710   20     9.03672     1.85014     2.16012     -0.00068947    0.30302202   -0.00227530    0.10564848
  711   20     9.50567     2.88551     1.65661     -0.00174422    0.65560801   -0.00266046    0.09782096
  712   20     9.28836     4.28668     1.14445     -0.00252181    0.65560801   -0.00384652    0.09965607
  713   20     8.21790     5.32912     0.94391     -0.00259123    0.65560801   -0.00395241    0.10526852
  714   20     6.74345     5.57546     1.13914     -0.00218301    0.65560801   -0.00332974    0.10931401
  715   20     5.63555     5.16230     1.52295     -0.00072962    0.30302202   -0.00240781    0.11539317
  716    9     9.32958     1.98730     1.58386     -0.00035672    0.64825072   -0.00055028    0.08527125
  717    9     9.62013     3.45411     0.94479     -0.00079212    0.64825072   -0.00122193    0.07910636
  718    9     8.88603     4.84710     0.53851     -0.00169865    0.64825072   -0.00262036    0.08649795
  719    9     7.43530     5.58177     0.53549     -0.00149225    0.64825072   -0.00230197    0.09074102
  720    9     5.87665     5.34987     0.93699     -0.00058866    0.64825072   -0.00090807    0.09696695
  721   16     0.90790     4.56098     1.58348     -0.00114207    0.98901135   -0.00115476    0.15785600
  722   16     0.44420     4.15555     2.38049     -0.00134216    0.98901135   -0.00135707    0.16372360
  723   10    -0.60534     4.65895     1.38943     -0.00693526    1.97869689   -0.00350496    0.18522156
  724   17     0.50165     4.08153    -2.61384     -0.00193892    1.12611422   -0.00172178    0.15807632
  725   17     0.96854     4.57762    -1.66544     -0.00151436    1.12611422   -0.00134477    0.15268842
  726   10    -0.54485     4.61508    -1.65888     -0.00911338    2.25753476   -0.00403687    0.18474532
  727   14     0.20848    -5.00991    -1.81409     -0.00214940    1.35731259   -0.00158357    0.16484575
  728   12    -1.30874    -5.62591    -1.44773     -0.00280838    1.35731259   -0.00206907    0.17073444
  729   15     0.05721    -4.88560     2.10455     -0.00320620    1.61084690   -0.00199038    0.16776175
  730   12    -1.24214    -5.63630     1.39324     -0.00379665    1.61084690   -0.00235693    0.17322971
  731   18     4.90039    -3.35125    -1.99003     -0.00082759    0.87779641   -0.00094280    0.13250552
  732   18     4.69942    -2.85397    -3.01248     -0.00256007    1.75485626   -0.00145885    0.13323107
  733   18     4.25655    -1.71097    -3.69981     -0.00243934    1.75485626   -0.00139005    0.13331014
  734   14     3.45354    -3.71221    -2.37962     -0.00336572    1.75485626   -0.00191794    0.14911165
  735   14     3.11909    -2.86564    -3.45035     -0.00356368    1.75485626   -0.00203076    0.14858448
  736   14     2.72222    -1.83275    -3.78003     -0.00130900    0.87779641   -0.00149123    0.14812104
  737   19     4.22376    -1.30707     3.72178     -0.00068001    0.84541506   -0.00080435    0.14393605
  738   19     4.58424    -2.27881     3.39942     -0.00222932    1.68955356   -0.00131947    0.14186803
  739   19     4.88159    -3.10396     2.40570     -0.00213927    1.68955356   -0.00126618    0.13910158
  740   15     2.92973    -2.22309     3.64281     -0.00307146    1.68955356   -0.00181791    0.15617483
  741   15     3.32872    -3.30810     2.99449     -0.00312582    1.68955356   -0.00185009    0.15327875
  742   15     3.50586    -3.81111     2.04910     -0.00114741    0.84541506   -0.00135721    0.15104847
  743   20     5.04077     4.78376     2.07973     -0.00080054    0.92285920   -0.00086745    0.12403505
  744   20     5.22751     4.13182     2.98580     -0.00498246    1.84377967   -0.00270231    0.14283921
  745   20     5.46072     3.15621     3.50988     -0.00214834    0.92285920   -0.00232792    0.14970953
  746   16     3.52642     4.22815     2.53217     -0.00170954    1.84377967   -0.00092719    0.13593285
  747   16     3.78852     3.21235     3.42475     -0.00231516    1.84377967   -0.00125566    0.14406580
  748   20     7.13112     1.82100     3.58703     -0.00382003    1.07342747   -0.00355873    0.14563698
  749   20     8.12615     1.45853     3.03831     -0.00314864    1.07342747   -0.00293326    0.12855419
  750   19     7.19995     0.42443     3.33813     -0.00493606    2.15507397   -0.00229044    0.13204926
