COSMO Results from DMol3

Note: COSMO for ideal conductor limit (fepsi= 1.0000)
  Basic Grid Size                  =   1082
  Number of Segments on an Atom    =     92
  Number of Segments on Hydrogen   =     32
  Solvent Radius    [au]           =   2.46
  A - Matrix Cutoff [au]           =  13.23
  factor for Outlying Charge corr  =   0.85
  maximum segment or cutoff radius =   1.46
  total number of segments         =    718
  number of charge corr segments   =    319




$coordinates xyz [au]                         and cosmo atom analysis:   radius   charge    area  charge density  (srad)
C            -4.94328425263320   -0.60397029110429   -0.01305951174570   3.7795  -0.0528    48.29    -0.00109    6.2361
C            -5.03238355063343    2.03759459013228   -0.01632188012583   3.7795  -0.0585    49.24    -0.00119    6.2361
C            -2.77233980991382    3.39330764118266   -0.04383110898697   3.7795  -0.0517    48.38    -0.00107    6.2361
C            -0.49035759421256    2.10031555453251   -0.03696549964883   3.7795  -0.0848    46.52    -0.00182    6.2361
C            -2.62420911871966   -1.81027580837128   -0.02633860777740   3.7795  -0.0853    47.39    -0.00180    6.2361
N            -0.43102283383515   -0.46439408583207   -0.03328071700853   3.4582  -0.0156     5.92    -0.00264    5.9148
C             1.98485255896058   -1.93364958310603   -0.05710573959584   3.7795  -0.0466    22.45    -0.00208    6.2361
C             4.40700446921060   -0.37711143257840    0.08833580518204   3.7795  -0.0388    32.64    -0.00119    6.2361
O             6.33967455236453   -2.25524796929262    0.10499002199284   3.2503   0.1540    55.89     0.00276    5.7070
H            -6.66108122394601   -1.74208638852562   -0.00848416543337   2.4566  -0.0682    23.51    -0.00290    4.9133
H            -6.84597166518796    3.02098494855926   -0.02048799868688   2.4566  -0.0655    23.13    -0.00283    4.9133
H            -2.74721378647850    5.45383181672601   -0.05121668780676   2.4566  -0.0682    23.52    -0.00290    4.9133
H             1.31963903537019    3.06742807290100   -0.05395107615620   2.4566  -0.0619    15.66    -0.00395    4.9133
H            -2.41954379340025   -3.85955589426269   -0.02032386085512   2.4566  -0.0833    22.72    -0.00367    4.9133
H             1.99120832585937   -3.06728918389890   -1.79626650127844   2.4566  -0.0698    25.43    -0.00274    4.9133
H             1.91344482403021   -3.23671759118889    1.55692770434022   2.4566  -0.0672    24.59    -0.00273    4.9133
H             4.44285935602879    0.78017823428796    1.82722917439740   2.4566  -0.0497    23.20    -0.00214    4.9133
H             4.58270168765174    0.88826665690451   -1.56472373167435   2.4566  -0.0495    22.97    -0.00215    4.9133
H             7.98602281948458   -1.39160928706537    0.16487438086781   2.4566  -0.1364    31.41    -0.00434    4.9133
$end


$cosmo_energy               [Hartree atomic units]       [eV]     [kcal/mol]
  Total energy                 =       -402.678482
  Total energy + OC corr.      =       -402.675135
  Dielectric energy            =         -0.091003      -2.476      -57.11
  Diel. energy + OC corr.      =         -0.087656      -2.385      -55.01

  Surface area of cavity [au]  =           592.855
  Total Volume of cavity [au]  =          1083.582


$screening_charge
  cosmo           =   -1.02455
  corrected total =   -0.99975


$segment information
    n  atom        position (X, Y, Z) [au]            charge       area [au]   charge/area    potential [au]

    1    1    -4.23432    -0.04291    -3.68279      0.00010590    0.49769306    0.00021278    0.14622566
    2    1    -7.33955    -0.26086    -2.91554     -0.00026117    1.16128380   -0.00022489    0.14290324
    3    1    -5.85372    -3.04489    -2.75115     -0.00060041    0.99538612   -0.00060319    0.14963840
    4    1    -6.34773    -1.43925     3.39487     -0.00049306    1.32718149   -0.00037151    0.14001821
    5    1    -7.23594    -1.53666     2.84315     -0.00079006    1.16128380   -0.00068033    0.14445047
    6    1    -5.97599    -3.87406     1.57570     -0.00031826    0.33179537   -0.00095920    0.16298986
    7    1    -6.15372    -3.57770    -2.00703     -0.00082559    0.99538612   -0.00082942    0.15800125
    8    1    -7.72335    -0.98726    -2.54456     -0.00091790    0.99538612   -0.00092216    0.14676129
    9    1    -8.62366    -0.06347     0.65537     -0.00090012    0.49769306   -0.00180858    0.16049009
   10    1    -8.18858    -0.26688    -1.92056     -0.00074981    0.66359074   -0.00112993    0.15155962
   11    1    -6.82821    -1.17617    -3.23856     -0.00044310    1.16128380   -0.00038156    0.14072229
   12    1    -6.09477    -2.28173    -3.19793     -0.00030004    0.82948843   -0.00036172    0.14339945
   13    1    -6.08559    -3.37160     2.29334     -0.00108045    0.99538612   -0.00108546    0.15410977
   14    1    -5.76253    -2.60109     3.08928     -0.00012442    1.32718149   -0.00009374    0.14539749
   15    1    -7.25147    -0.40563     2.97309     -0.00029484    1.32718149   -0.00022215    0.14206652
   16    1    -7.97762    -0.12117     2.18782     -0.00063505    0.66359074   -0.00095700    0.14889192
   17    1    -6.16176    -0.40607    -3.58523     -0.00027003    1.16128380   -0.00023253    0.13912825
   18    1    -5.10185    -0.27735    -3.77504      0.00014107    0.82948843    0.00017006    0.14078755
   19    1    -4.73875    -0.92254    -3.77351      0.00003192    0.82948843    0.00003848    0.14261286
   20    1    -5.19857    -2.05465    -3.49366      0.00024057    0.99538612    0.00024169    0.14386601
   21    1    -5.14602    -1.46648     3.66106     -0.00019122    1.82487455   -0.00010478    0.14158219
   22    1    -6.05195    -0.35303     3.59140     -0.00030213    1.49307918   -0.00020236    0.13899279
   23    1    -6.70518    -2.52148     2.72610     -0.00071931    0.99538612   -0.00072264    0.14759472
   24    1    -6.87035    -2.16972    -2.86244     -0.00090811    1.16128380   -0.00078199    0.14580492
   25    1    -8.49512    -0.11532    -1.20882      0.00018437    0.33179537    0.00055567    0.15749859
   26    1    -8.08082    -0.68230     2.09261     -0.00102992    0.82948843   -0.00124163    0.15063894
   27    1    -4.50620    -0.26591     3.72578      0.00043769    1.65897686    0.00026383    0.14366176
   28    1    -5.73415    -1.35617    -3.63148     -0.00025277    0.99538612   -0.00025394    0.13997955
   29    2    -4.19890     1.65216    -3.68250      0.00001053    0.49769306    0.00002115    0.14448122
   30    2    -5.85048     4.29619    -2.93415     -0.00028366    1.16128380   -0.00024427    0.14325407
   31    2    -7.61109     1.67817    -2.75589     -0.00065160    0.99538612   -0.00065462    0.14393897
   32    2    -6.43421     2.90671     3.38426     -0.00086413    1.32718149   -0.00065110    0.13881227
   33    2    -7.17435     3.37432     2.79607     -0.00120527    1.16128380   -0.00103787    0.14387870
   34    2    -8.40676     1.42387     1.57151     -0.00027315    0.33179537   -0.00082324    0.15375582
   35    2    -8.13813     1.87767    -2.16409     -0.00077845    0.66359074   -0.00117309    0.14962621
   36    2    -6.67257     4.29628    -2.56434     -0.00107010    0.99538612   -0.00107506    0.14641047
   37    2    -6.32108     5.48312     0.85089     -0.00027772    0.33179537   -0.00083701    0.15952128
   38    2    -6.25588     5.04919    -1.94444     -0.00083584    0.66359074   -0.00125957    0.15171499
   39    2    -6.41805     3.41293    -3.25246     -0.00071894    1.16128380   -0.00061909    0.14009795
   40    2    -7.04983     2.24653    -3.20543     -0.00050464    0.82948843   -0.00060838    0.14032958
   41    2    -8.07648     1.62460     2.18532     -0.00059136    0.66359074   -0.00089115    0.14861410
   42    2    -7.29338     1.99912     3.01200     -0.00082357    1.16128380   -0.00070919    0.14139552
   43    2    -5.94281     4.14509     2.98601     -0.00041833    1.32718149   -0.00031520    0.14180453
   44    2    -6.28514     5.10265     1.80589     -0.00060455    0.66359074   -0.00091103    0.15216916
   45    2    -5.42470     3.18396    -3.59628     -0.00052605    1.16128380   -0.00045299    0.13908401
   46    2    -4.81310     2.30743    -3.77973      0.00000143    0.82948843    0.00000173    0.13994175
   47    2    -5.21226     1.68392    -3.77487     -0.00014246    0.82948843   -0.00017174    0.13972785
   48    2    -6.69279     1.43765    -3.35807     -0.00031260    0.82948843   -0.00037686    0.14024568
   49    2    -5.79821     1.92335     3.68298     -0.00049744    1.49307918   -0.00033316    0.13842477
   50    2    -5.27676     3.15932     3.58457     -0.00067434    1.65897686   -0.00040648    0.13897692
   51    2    -7.76654     2.31877     2.57784     -0.00065882    0.82948843   -0.00079425    0.14551524
   52    2    -8.40896     1.26961    -1.53063     -0.00060768    0.49769306   -0.00122099    0.15462708
   53    2    -7.31559     2.98598    -2.87495     -0.00123163    1.16128380   -0.00106057    0.14365592
   54    2    -6.26701     5.39545    -1.23487      0.00063576    0.33179537    0.00191612    0.15740606
   55    2    -6.58688     4.44416     2.44872     -0.00103141    0.99538612   -0.00103619    0.14645713
   56    2    -4.53404     1.83386     3.72460     -0.00002931    1.65897686   -0.00001767    0.14170931
   57    2    -6.06296     2.18863    -3.64940     -0.00061631    1.32718149   -0.00046438    0.13832405
   58    2    -6.56934     1.50124     3.39461     -0.00029736    0.82948843   -0.00035848    0.13968113
   59    3    -2.84629     2.49828     3.62738      0.00011437    0.49769306    0.00022980    0.14695550
   60    3    -4.34925     5.22478     2.86193     -0.00046166    1.16128380   -0.00039754    0.14367847
   61    3    -1.20494     5.48523     2.68588     -0.00062871    0.99538612   -0.00063162    0.15280939
   62    3    -2.84408     5.02180    -3.45368     -0.00049934    1.32718149   -0.00037624    0.14183373
   63    3    -3.24174     5.82170    -2.90158     -0.00075865    1.16128380   -0.00065329    0.14619790
   64    3    -0.59003     6.03174    -1.64393     -0.00022855    0.33179537   -0.00068882    0.16699703
   65    3    -0.92252     6.02517     1.94003     -0.00080357    0.99538612   -0.00080729    0.16162689
   66    3    -3.94825     5.94058     2.48856     -0.00081493    0.99538612   -0.00081871    0.14801013
   67    3    -5.23381     6.13341    -0.89076     -0.00151373    0.66359074   -0.00228112    0.16054551
   68    3    -4.80803     5.94018     1.86765     -0.00045804    0.66359074   -0.00069024    0.15251278
   69    3    -3.30175     5.29171     3.18109     -0.00042243    1.16128380   -0.00036376    0.14208816
   70    3    -1.97529     5.27466     3.13571     -0.00031611    0.82948843   -0.00038109    0.14578993
   71    3    -1.07425     5.85051    -2.35960     -0.00112493    0.99538612   -0.00113015    0.15770247
   72    3    -1.54944     5.16028    -3.15292     -0.00020170    1.32718149   -0.00015198    0.14843808
   73    3    -4.20104     5.22145    -3.02728     -0.00063683    1.32718149   -0.00047984    0.14306954
   74    3    -4.83089     5.67848    -2.24033      0.00032409    0.66359074    0.00048839    0.14960457
   75    3    -3.58634     4.31467     3.53008     -0.00001619    1.16128380   -0.00001394    0.13997554
   76    3    -3.11924     3.35449     3.71948      0.00003901    0.82948843    0.00004703    0.14166451
   77    3    -2.38025     3.39913     3.71523      0.00001749    0.82948843    0.00002109    0.14400322
   78    3    -1.67921     4.39887     3.43154      0.00027307    0.99538612    0.00027434    0.14615606
   79    3    -2.17071     4.02639    -3.72097     -0.00025663    1.82487455   -0.00014063    0.14366933
   80    3    -3.62852     4.13311    -3.64992      0.00004211    1.65897686    0.00002539    0.14005279
   81    3    -2.12605     5.90973    -2.78866     -0.00072386    0.99538612   -0.00072722    0.15021604
   82    3    -2.49107     5.86523     2.80130     -0.00089243    1.16128380   -0.00076848    0.14790751
   83    3    -5.10413     6.11466     1.15673     -0.00064182    0.33179537   -0.00193439    0.15828760
   84    3    -4.41497     6.06951    -2.14714     -0.00106545    0.82948843   -0.00128447    0.15188155
   85    3    -2.83294     2.83783    -3.78174      0.00020254    1.65897686    0.00012209    0.14478221
   86    3    -2.55599     4.47045     3.57242     -0.00026390    0.99538612   -0.00026512    0.14163467
   87    4    -1.18477     1.36391     3.60443     -0.00088657    0.66359074   -0.00133603    0.16104774
   88    4     0.37121     4.36195     2.86593     -0.00048455    1.16128380   -0.00041726    0.16054537
   89    4     0.88208     2.95123    -3.45407     -0.00165736    1.32718149   -0.00124878    0.16254485
   90    4     1.32218     3.83811    -2.86168     -0.00207745    1.16128380   -0.00178893    0.16843416
   91    4     1.09499     4.53004     2.38526     -0.00100256    0.66359074   -0.00151081    0.16897797
   92    4     0.71918     5.57845    -0.88770     -0.00157437    0.66359074   -0.00237249    0.18011403
   93    4     0.77113     5.10966     1.87001     -0.00147719    0.66359074   -0.00222605    0.17139181
   94    4     1.03769     3.59601     3.07946     -0.00184940    1.49307918   -0.00123865    0.16374257
   95    4     0.32054     4.24056    -3.04462     -0.00110079    1.16128380   -0.00094791    0.15997587
   96    4     0.50692     5.00741    -2.23660     -0.00002016    0.66359074   -0.00003038    0.16766476
   97    4    -0.19934     3.37285     3.50988     -0.00084666    1.32718149   -0.00063794    0.15519450
   98    4    -0.79602     2.21711     3.72829     -0.00029730    0.99538612   -0.00029868    0.15613092
   99    4    -0.41568     1.27835     3.65126     -0.00077581    0.66359074   -0.00116911    0.16309185
  100    4     0.27419     1.42509     3.60223     -0.00115389    0.66359074   -0.00173886    0.16514207
  101    4    -0.33408     1.17029    -3.69688     -0.00105287    0.82948843   -0.00126930    0.16448590
  102    4     0.39327     1.91868    -3.70719     -0.00227001    1.65897686   -0.00136832    0.16289049
  103    4    -0.21595     3.20755    -3.64016     -0.00043805    1.49307918   -0.00029339    0.15550848
  104    4     0.77716     5.45386     1.15937     -0.00056057    0.33179537   -0.00168951    0.17744408
  105    4     1.05054     4.83138    -2.14673     -0.00148539    0.82948843   -0.00179072    0.17248850
  106    4    -0.96761     1.89457    -3.78053     -0.00140386    1.49307918   -0.00094024    0.15774936
  107    4     0.33135     2.42521     3.63773     -0.00188267    1.49307918   -0.00126093    0.16000901
  108    5    -2.41579    -0.80566    -3.66388     -0.00079204    0.66359074   -0.00119356    0.16035472
  109    5    -4.03717    -3.77057    -2.93239     -0.00048596    1.16128380   -0.00041847    0.15618889
  110    5    -2.61250    -3.40955     3.39804     -0.00120916    1.16128380   -0.00104122    0.15829369
  111    5    -3.04609    -4.29720     2.78816     -0.00164146    1.16128380   -0.00141349    0.16297132
  112    5    -3.77177    -4.46780    -2.45636     -0.00097505    0.66359074   -0.00146936    0.16334394
  113    5    -4.83675    -4.75514     0.82022     -0.00208655    0.66359074   -0.00314434    0.17431825
  114    5    -2.24951    -0.71972     3.57289     -0.00083092    0.66359074   -0.00125216    0.16162033
  115    5    -4.43118    -4.52386    -1.93831     -0.00137431    0.66359074   -0.00207101    0.16588610
  116    5    -3.11490    -3.83117    -3.18222     -0.00114635    1.16128380   -0.00098714    0.15807035
  117    5    -2.05285    -3.50767    -3.35452     -0.00124284    1.16128380   -0.00107023    0.16309433
  118    5    -1.98572    -4.03977     2.95793     -0.00227529    1.16128380   -0.00195929    0.16726907
  119    5    -3.93707    -3.68993     2.97824     -0.00113603    1.16128380   -0.00097825    0.15565762
  120    5    -4.47419    -4.26761     2.16985     -0.00023045    0.66359074   -0.00034728    0.16264037
  121    5    -3.47121    -2.73727    -3.59112     -0.00100568    1.49307918   -0.00067356    0.15240344
  122    5    -2.90878    -1.69581    -3.79334     -0.00039197    1.16128380   -0.00033753    0.15442074
  123    5    -1.84350    -1.37012    -3.69801     -0.00134351    0.99538612   -0.00134974    0.16341962
  124    5    -1.64389    -1.77991     3.62362     -0.00142662    0.99538612   -0.00143323    0.16389812
  125    5    -2.16927    -2.50903     3.65998     -0.00132299    1.16128380   -0.00113925    0.15921650
  126    5    -3.37465    -2.67221     3.57617     -0.00051004    1.49307918   -0.00034160    0.15241404
  127    5    -2.36773    -4.33025    -2.83140     -0.00193022    0.99538612   -0.00193917    0.16691250
  128    5    -4.71048    -4.72393    -1.22733     -0.00037514    0.33179537   -0.00113062    0.17203175
  129    5    -4.02581    -4.62082     2.07617     -0.00089491    0.82948843   -0.00107887    0.16671596
  130    5    -2.77439    -1.47532     3.73523     -0.00088235    1.16128380   -0.00075980    0.15515201
  131    5    -2.20099    -2.49317    -3.71943     -0.00187754    1.32718149   -0.00141469    0.15950175
  132    6    -0.31169    -0.64778    -3.48455     -0.00044042    0.27778738   -0.00158546    0.17334112
  133    6    -0.60018    -0.46512     3.42078     -0.00012392    0.13889369   -0.00089220    0.17132799
  134    6    -0.25807    -0.60281     3.41782     -0.00031997    0.27778738   -0.00115184    0.17237899
  135    6    -0.65466    -0.50610    -3.48399     -0.00016437    0.13889369   -0.00118342    0.17227519
  136    7     1.53993    -0.72925    -3.61177     -0.00099788    0.49769306   -0.00200501    0.17090008
  137    7     1.51280    -5.68254     0.02722     -0.00034817    0.66359074   -0.00052467    0.14966156
  138    7     1.92808    -1.24730     3.65909     -0.00068735    0.49769306   -0.00138106    0.16463413
  139    7     1.50954    -0.87354     3.53937     -0.00042212    0.16589769   -0.00254446    0.16973024
  140    7     1.35839    -5.60001    -0.72753     -0.00067396    0.66359074   -0.00101563    0.15306751
  141    7     3.32044    -5.37041    -0.88719     -0.00056400    0.49769306   -0.00113322    0.12627999
  142    7     1.18329    -1.28739    -3.69359     -0.00082301    0.49769306   -0.00165366    0.17196146
  143    7     3.10161    -5.54399    -0.00759     -0.00079372    0.99538612   -0.00079740    0.12739148
  144    7     2.26467    -5.69432     0.19432     -0.00046069    0.66359074   -0.00069424    0.13995739
  145    7     1.22782    -1.54680     3.62551     -0.00134830    0.66359074   -0.00203182    0.16992065
  146    7     2.41618    -5.64452    -0.62938     -0.00048895    0.66359074   -0.00073682    0.13812841
  147    7     2.08916    -1.08589    -3.73876     -0.00066993    0.49769306   -0.00134608    0.16567243
  148    8     7.22700     2.11174     0.45899     -0.00093950    0.82948843   -0.00113262    0.14971374
  149    8     4.75008    -1.24719    -3.57355     -0.00034931    0.82948843   -0.00042111    0.13168775
  150    8     5.47220    -0.97603    -3.48809      0.00004927    0.66359074    0.00007425    0.12360649
  151    8     6.86420     2.31063     1.09948     -0.00094097    0.99538612   -0.00094533    0.14803762
  152    8     6.39536    -0.30567     3.30168      0.00020034    0.33179537    0.00060380    0.12610881
  153    8     4.03741    -1.09742     3.78007     -0.00058602    0.66359074   -0.00088310    0.14219542
  154    8     6.81404    -0.02979    -2.80470     -0.00016707    0.33179537   -0.00050353    0.13006865
  155    8     4.75284    -1.69416     3.61397     -0.00006365    0.49769306   -0.00012789    0.12289303
  156    8     7.07744     1.70093     1.77199     -0.00014885    0.49769306   -0.00029908    0.14908561
  157    8     6.38571     2.84250     0.03401     -0.00036692    0.99538612   -0.00036862    0.14785662
  158    8     5.40855     3.26494     0.21688     -0.00021284    0.49769306   -0.00042765    0.15521483
  159    8     7.02923     2.28398    -0.48320     -0.00084032    1.16128380   -0.00072361    0.14877929
  160    8     6.26333    -0.58816    -3.19703      0.00036062    0.33179537    0.00108687    0.12094396
  161    8     3.79960    -0.62958    -3.63343     -0.00028730    0.16589769   -0.00173176    0.15230597
  162    8     5.83331     3.04131     0.83946     -0.00020604    0.99538612   -0.00020700    0.15127590
  163    8     7.06600     1.24198     2.23133     -0.00027619    0.16589769   -0.00166482    0.14772717
  164    8     5.27840    -1.12185     3.68977      0.00005647    0.66359074    0.00008509    0.12277332
  165    8     7.19141     1.80445    -1.24282     -0.00066458    0.49769306   -0.00133532    0.15052048
  166    8     5.69162     3.14052    -0.42175     -0.00005008    0.66359074   -0.00007547    0.15374929
  167    9     5.98410    -4.68002     2.24011      0.00494627    0.98158343    0.00503907    0.05862060
  168    9     6.45538    -5.29729    -1.03403      0.00361167    0.98158343    0.00367943    0.05342918
  169    9     8.82557    -4.16655     0.96049      0.00082744    0.98158343    0.00084296    0.08111901
  170    9     8.38536    -2.86296    -2.34665      0.00293835    1.22697929    0.00239478    0.08234222
  171    9     7.80625    -2.05943     2.99901      0.00251908    0.85888550    0.00293296    0.09034532
  172    9     5.69297    -5.34752    -0.65948      0.00351720    0.85888550    0.00409507    0.06131025
  173    9     6.12696    -5.21857     1.42341      0.00506644    1.22697929    0.00412920    0.05556536
  174    9     6.28224    -5.50437     0.17339      0.00370787    0.98158343    0.00377744    0.05411678
  175    9     5.99026    -4.83838    -1.83669      0.00592723    1.22697929    0.00483075    0.05913520
  176    9     6.06960    -3.84150    -2.71913      0.00283013    0.61348964    0.00461317    0.06450950
  177    9     5.89214    -3.78334     2.93859      0.00294605    0.61348964    0.00480211    0.06588226
  178    9     9.00005    -4.09961    -0.18728     -0.00015656    0.85888550   -0.00018229    0.08641557
  179    9     8.85347    -3.64341    -1.41767      0.00118116    1.10428136    0.00106962    0.08529307
  180    9     7.94406    -2.06679    -2.71549      0.00244614    0.85888550    0.00284804    0.08786664
  181    9     7.55778    -1.26191    -2.74003      0.00138431    0.61348964    0.00225645    0.10194987
  182    9     7.37967    -1.30513     3.03419      0.00109813    0.49079171    0.00223747    0.10324853
  183    9     8.21941    -2.86857     2.68472      0.00210441    0.85888550    0.00245016    0.08283072
  184    9     8.63395    -3.57241     1.99337      0.00142369    1.10428136    0.00128925    0.08295715
  185    9     7.05320    -4.81992     1.96993      0.00470067    1.22697929    0.00383109    0.05292492
  186    9     8.06104    -4.55691     1.62286      0.00356365    1.34967722    0.00264037    0.06218885
  187    9     8.26129    -4.87213     0.26001      0.00336105    1.71777100    0.00195664    0.06397281
  188    9     7.33246    -5.30967    -0.39465      0.00437722    1.34967722    0.00324316    0.05293379
  189    9     7.28371    -4.86487    -1.58718      0.00545147    1.47237514    0.00370250    0.05309772
  190    9     7.89937    -3.96955    -2.17388      0.00567080    1.59507307    0.00355520    0.06152592
  191    9     7.32546    -2.99959    -2.90149      0.00584099    1.34967722    0.00432770    0.06639246
  192    9     6.31065    -2.83708    -3.09272      0.00528388    1.10428136    0.00478490    0.07261053
  193    9     6.90581    -2.08567     3.30113      0.00300141    0.73618757    0.00407696    0.08223619
  194    9     7.32508    -2.94220     3.12520      0.00394510    0.98158343    0.00401911    0.06907074
  195    9     6.69397    -3.89291     2.89016      0.00562207    1.22697929    0.00458204    0.05807067
  196    9     5.56509    -5.35579     0.69776      0.00327141    0.85888550    0.00380890    0.06291901
  197    9     7.16505    -5.31399     0.83132      0.00451098    1.34967722    0.00334227    0.05238677
  198    9     6.78648    -4.06659    -2.55662      0.00565913    1.22697929    0.00461224    0.05644414
  199    9     6.16325    -2.90032     3.28577      0.00536359    1.10428136    0.00485709    0.07263016
  200    9     8.35818    -4.54118    -1.01968      0.00303632    1.47237514    0.00206220    0.06604914
  201    9     7.03506    -1.95529    -3.05589      0.00322083    0.73618757    0.00437502    0.08284843
  202    9     7.70986    -3.91223     2.54253      0.00496715    1.34967722    0.00368025    0.06178189
  203   10    -8.86833    -2.80024    -0.21685     -0.00634045    1.96256963   -0.00323069    0.15633803
  204   10    -8.74104    -1.71278    -1.31539     -0.00337007    1.40183545   -0.00240404    0.15586495
  205   10    -8.94187    -1.29803     0.78891     -0.00286729    1.19156013   -0.00240633    0.15735822
  206   10    -8.01834    -2.80792     1.73990     -0.00320873    1.33174368   -0.00240942    0.15546702
  207   10    -7.13680    -4.14222     0.21097     -0.00349650    1.26165190   -0.00277137    0.16295069
  208   10    -7.56913    -3.42299    -1.55287     -0.00349267    1.47192722   -0.00237285    0.15780186
  209   10    -9.08658    -1.45635    -0.27373     -0.00438992    1.61211077   -0.00272309    0.15717017
  210   10    -8.71993    -2.14973     1.26822     -0.00459664    1.68220254   -0.00273251    0.15548572
  211   10    -8.30722    -3.46256     0.59585     -0.00470939    1.54201899   -0.00305404    0.15718737
  212   10    -7.60786    -3.92622    -0.61534     -0.00474497    1.68220254   -0.00282069    0.15973252
  213   10    -8.33277    -2.68979    -1.53899     -0.00434864    1.61211077   -0.00269748    0.15547394
  214   10    -7.39278    -3.69773     1.28579     -0.00310121    1.26165190   -0.00245806    0.15937976
  215   11    -8.85455     4.41970     0.18998     -0.00473594    1.54201899   -0.00307126    0.15309074
  216   11    -7.79485     4.86296    -1.34028     -0.00342600    1.40183545   -0.00244394    0.15414644
  217   11    -7.50950     5.26584     0.72485     -0.00305768    1.26165190   -0.00242355    0.15610944
  218   11    -8.40046     3.73299     1.74351     -0.00300020    1.26165190   -0.00237799    0.15216854
  219   11    -9.17871     2.28665     0.21212     -0.00304946    1.19156013   -0.00255922    0.15639090
  220   11    -8.80371     2.92410    -1.50133     -0.00287942    1.26165190   -0.00228226    0.15349079
  221   11    -7.84059     5.24557    -0.33212     -0.00482852    1.75229431   -0.00275554    0.15518990
  222   11    -8.13047     4.65364     1.29085     -0.00408922    1.54201899   -0.00265186    0.15318370
  223   11    -9.12768     3.54094     0.72685     -0.00418461    1.40183545   -0.00298509    0.15310094
  224   11    -9.22997     2.80026    -0.57079     -0.00449561    1.61211077   -0.00278865    0.15437730
  225   11    -8.86848     4.10898    -0.89272     -0.00440584    1.47192722   -0.00299325    0.15280554
  226   11    -8.90227     2.68873     1.28192     -0.00269194    1.12146836   -0.00240037    0.15429984
  227   11    -8.26496     3.86202    -1.84099     -0.00319562    1.26165190   -0.00253288    0.15235020
  228   12    -3.05386     7.88253     0.15504     -0.00631061    1.96256963   -0.00321548    0.15858938
  229   12    -3.89471     7.18751     1.25753     -0.00338306    1.40183545   -0.00241331    0.15757916
  230   12    -4.35966     7.12865    -0.84503     -0.00288780    1.19156013   -0.00242355    0.15890833
  231   12    -2.59367     7.16985    -1.80244     -0.00321982    1.33174368   -0.00241774    0.15795394
  232   12    -0.98906     7.15443    -0.27925     -0.00347793    1.26165190   -0.00275665    0.16670133
  233   12    -1.82146     7.13017     1.48763     -0.00350046    1.47192722   -0.00237815    0.16076124
  234   12    -4.30125     7.33748     0.21713     -0.00439751    1.61211077   -0.00272780    0.15879320
  235   12    -3.52538     7.40322    -1.32771     -0.00464828    1.68220254   -0.00276321    0.15752160
  236   12    -2.19605     7.76900    -0.66061     -0.00471848    1.54201899   -0.00305994    0.16000175
  237   12    -1.42296     7.43427     0.54826     -0.00475800    1.68220254   -0.00282843    0.16308683
  238   12    -2.85159     7.37437     1.47713     -0.00436781    1.61211077   -0.00270938    0.15776319
  239   12    -1.50521     7.12715    -1.35218     -0.00311630    1.26165190   -0.00247001    0.16268585
  240   13     3.04483     4.81602    -0.02013     -0.00567283    1.33174368   -0.00425970    0.18460349
  241   13     2.09846     4.99345     1.25713     -0.00252091    0.91119304   -0.00276660    0.18186600
  242   13     1.98180     5.33934    -0.71347     -0.00404219    1.26165190   -0.00320389    0.18247928
  243   13     2.24639     4.59629    -1.73880     -0.00238229    0.77100950   -0.00308983    0.18190001
  244   13     2.13337     5.34761     0.36274     -0.00368878    1.12146836   -0.00328924    0.18237468
  245   13     2.75032     4.79676    -1.05273     -0.00323057    0.98128481   -0.00329218    0.18338112
  246   13     2.72148     4.56809     1.29434     -0.00388141    1.05137659   -0.00369174    0.18373628
  247   14    -2.68674    -6.30131    -0.06083     -0.00535571    1.47192722   -0.00363857    0.17457847
  248   14    -3.43555    -5.64058    -1.37343     -0.00386078    1.33174368   -0.00289904    0.17374649
  249   14    -3.87927    -5.66911     0.77333     -0.00348658    1.19156013   -0.00292607    0.17453710
  250   14    -2.17394    -5.52140     1.77218     -0.00363204    1.12146836   -0.00323865    0.17623200
  251   14    -2.04178    -5.51835    -1.79259     -0.00410930    1.19156013   -0.00344867    0.17675968
  252   14    -3.82552    -5.85235    -0.31563     -0.00509692    1.54201899   -0.00330535    0.17435329
  253   14    -3.02392    -5.87016     1.25536     -0.00551678    1.68220254   -0.00327950    0.17401480
  254   14    -1.72927    -6.07693     0.78086     -0.00580811    1.54201899   -0.00376656    0.17743968
  255   14    -1.53841    -6.10728    -0.47476     -0.00500733    1.33174368   -0.00375998    0.17804367
  256   14    -2.46739    -6.00835    -1.21012     -0.00399414    1.19156013   -0.00335202    0.17478378
  257   15     1.96571    -4.44173    -3.83230     -0.00367075    1.33174368   -0.00275635    0.15306866
  258   15     3.14833    -3.21736    -3.95816     -0.00304280    1.12146836   -0.00271323    0.14729648
  259   15     1.33029    -2.62752    -4.12112     -0.00324873    1.26165190   -0.00257498    0.16527294
  260   15     1.51114    -5.41843    -2.32236     -0.00338957    1.33174368   -0.00254521    0.15544126
  261   15     3.23641    -4.90263    -2.85275     -0.00193557    0.91119304   -0.00212422    0.13771383
  262   15     2.16732    -3.48913    -4.21002     -0.00291746    1.12146836   -0.00260146    0.15444937
  263   15     0.97015    -3.71276    -3.93541     -0.00353177    1.33174368   -0.00265199    0.16412336
  264   15     0.97568    -4.77450    -3.24169     -0.00462838    1.47192722   -0.00314444    0.16213988
  265   15     2.29578    -5.12100    -3.10952     -0.00285615    1.12146836   -0.00254679    0.14775583
  266   15     3.18332    -4.22551    -3.60530     -0.00359136    1.19156013   -0.00301400    0.14229569
  267   15     2.40062    -2.45046    -4.13872     -0.00210883    0.98128481   -0.00214905    0.15783260
  268   15     2.68417    -5.39514    -2.16510     -0.00225980    0.98128481   -0.00230290    0.14218713
  269   16     2.00878    -4.99772     3.26714     -0.00381745    1.40183545   -0.00272318    0.15079381
  270   16     0.89387    -3.62500     3.75801     -0.00275942    0.98128481   -0.00281205    0.16550771
  271   16     2.47268    -3.06233     3.94272     -0.00275303    1.12146836   -0.00245485    0.15367269
  272   16     2.32246    -5.65239     1.73654     -0.00327637    1.40183545   -0.00233720    0.14558261
  273   16     1.80723    -4.03709     3.87710     -0.00331779    1.26165190   -0.00262972    0.15530012
  274   16     2.98668    -4.02798     3.62023     -0.00444328    1.54201899   -0.00288147    0.14395853
  275   16     2.93194    -5.19090     2.64271     -0.00462073    1.61211077   -0.00286626    0.13997427
  276   16     1.30623    -5.51630     2.24233     -0.00501044    1.68220254   -0.00297850    0.15748615
  277   16     0.85316    -4.67733     3.24081     -0.00381721    1.33174368   -0.00286632    0.16347938
  278   16     1.40764    -2.82314     3.92510     -0.00265674    1.05137659   -0.00252692    0.16423241
  279   17     4.45170     2.07650     3.91401     -0.00253814    1.19156013   -0.00213010    0.15317431
  280   17     5.71932     0.62753     3.92067     -0.00194238    1.19156013   -0.00163012    0.14010136
  281   17     3.65646     0.41269     4.12543     -0.00224305    1.12146836   -0.00200010    0.15392816
  282   17     4.77799     3.15038     2.37948     -0.00179078    0.77100950   -0.00232264    0.16027186
  283   17     6.08747     2.31844     2.80915     -0.00159436    0.98128481   -0.00162477    0.14851626
  284   17     4.71330     1.08857     4.24941     -0.00235224    1.19156013   -0.00197409    0.14704896
  285   17     3.54128     1.44025     4.01507     -0.00234739    1.33174368   -0.00176264    0.15816995
  286   17     4.05319     2.70876     3.29825     -0.00260891    1.05137659   -0.00248142    0.16114476
  287   17     5.14150     2.69264     3.20185     -0.00205093    1.05137659   -0.00195071    0.15272690
  288   17     5.56820     1.76727     3.77516     -0.00242181    1.19156013   -0.00203247    0.14615218
  289   17     4.72960     0.09010     4.16747     -0.00124644    0.91119304   -0.00136792    0.14291841
  290   17     5.61670     2.89253     2.26904     -0.00123740    0.91119304   -0.00135800    0.15339468
  291   17     6.33745     1.46931     3.23106     -0.00164940    1.05137659   -0.00156880    0.14461699
  292   18     4.98754     2.23856    -3.57665     -0.00187392    0.91119304   -0.00205656    0.15250314
  293   18     3.66369     1.14278    -3.82873     -0.00215666    0.91119304   -0.00236686    0.15972559
  294   18     5.33672     0.59070    -3.88377     -0.00204155    1.19156013   -0.00171334    0.14301237
  295   18     6.49191     1.86763    -2.76087     -0.00198768    1.19156013   -0.00166813    0.14643569
  296   18     5.38857     3.19903    -1.77915     -0.00221781    1.26165190   -0.00175787    0.15786158
  297   18     4.59550     1.37354    -3.97292     -0.00190012    0.98128481   -0.00193636    0.15129015
  298   18     5.75241     1.66026    -3.58235     -0.00216335    1.05137659   -0.00205764    0.14601819
  299   18     5.67234     2.65892    -2.87334     -0.00221938    1.12146836   -0.00197900    0.15138220
  300   18     4.66527     3.03240    -2.76093     -0.00320746    1.33174368   -0.00240847    0.16063841
  301   18     4.09222     2.24746    -3.55145     -0.00219713    1.05137659   -0.00208976    0.15999213
  302   18     4.32314     0.41580    -3.96149     -0.00137984    0.84110127   -0.00164052    0.15049885
  303   18     6.25565     0.88721    -3.36369     -0.00128592    0.98128481   -0.00131044    0.14097672
  304   18     6.28017     2.59604    -2.05164     -0.00126719    0.91119304   -0.00139069    0.15072205
  305   19    10.17905    -0.29123     0.28673     -0.00789621    1.54201899   -0.00512070    0.15684617
  306   19     9.80257    -1.98119    -1.38034     -0.00692521    1.75229431   -0.00395208    0.13342421
  307   19     9.98741    -2.52040     1.03400     -0.00692029    1.61211077   -0.00429269    0.13231159
  308   19     9.06496    -0.95651     2.32857     -0.00532788    1.47192722   -0.00361966    0.13926569
  309   19     9.13517     0.68448     0.80073     -0.00725646    1.47192722   -0.00492990    0.16434731
  310   19     9.05479     0.13152    -1.43915     -0.00653657    1.47192722   -0.00444083    0.15474629
  311   19    10.42610    -1.53350    -0.08213     -0.00918815    1.82238608   -0.00504182    0.14634471
  312   19    10.16667    -1.24032     1.28601     -0.00780074    1.61211077   -0.00483884    0.14693913
  313   19     9.68058    -0.12848     1.41707     -0.00691890    1.40183545   -0.00493560    0.15573842
  314   19     9.38807     0.54783    -0.38997     -0.00792455    1.54201899   -0.00513907    0.16263993
  315   19     9.99544    -0.59921    -1.00535     -0.00813450    1.68220254   -0.00483562    0.15146621
  316   19    10.02084    -2.69784    -0.26921     -0.00659204    1.61211077   -0.00408908    0.13070779
  317   19     9.49818    -1.92898     2.02489     -0.00433137    1.26165190   -0.00343309    0.13116079
  318   19     8.79213    -0.00013     2.02201     -0.00374480    1.05137659   -0.00356180    0.15266954
  319   19     9.12007    -1.00200    -1.97925     -0.00499173    1.54201899   -0.00323714    0.13680903
  320    1    -3.52249     0.75494    -3.35566     -0.00019791    0.16103389   -0.00122903    0.15528305
  321    2    -3.52631     1.18996    -3.39210     -0.00029659    0.16103389   -0.00184179    0.15421184
  322    3    -3.15978     1.42274    -3.36091     -0.00027907    0.16103389   -0.00173300    0.15619736
  323    1    -3.28594     0.66194     3.25463     -0.00066827    0.34151385   -0.00195678    0.15895633
  324    2    -3.29642     1.10086     3.27212     -0.00064752    0.34151385   -0.00189604    0.15720394
  325    4    -2.53930     1.11876     3.21138     -0.00081670    0.34151385   -0.00239142    0.16355453
  326    2    -4.14689     1.05365    -3.56042     -0.00037653    0.62234290   -0.00060502    0.14778031
  327    2    -5.98564     0.99180    -3.41323     -0.00136403    1.26475414   -0.00107849    0.14360847
  328    2    -7.83571     0.93096    -2.12776     -0.00253731    1.26475414   -0.00200617    0.15307301
  329    2    -8.53511     0.91000     0.01452     -0.00400595    1.26475414   -0.00316737    0.16551068
  330    2    -7.80019     0.93740     2.14479     -0.00253356    1.26475414   -0.00200321    0.15263582
  331    2    -5.92899     1.00207     3.39914     -0.00133645    1.26475414   -0.00105669    0.14342187
  332    2    -4.08806     1.06432     3.51555     -0.00040125    0.62234290   -0.00064474    0.14784696
  333    1    -4.83175     0.40495    -3.55018     -0.00107859    1.26475414   -0.00085281    0.14586219
  334    1    -6.99459     0.33275    -2.92102     -0.00172968    1.26475414   -0.00136760    0.14625328
  335    1    -8.33931     0.28961    -1.11304     -0.00371368    1.26475414   -0.00293628    0.16143927
  336    1    -8.32058     0.29300     1.14053     -0.00335506    1.26475414   -0.00265273    0.16110628
  337    1    -6.94598     0.34157     2.92576     -0.00172434    1.26475414   -0.00136338    0.14594179
  338    1    -4.77298     0.41561     3.51866     -0.00109320    1.26475414   -0.00086435    0.14576558
  339    1    -3.31154     0.43016    -3.32525     -0.00070066    0.33814712   -0.00207207    0.15909350
  340    3    -2.95568     1.10057    -3.27276     -0.00074762    0.33814712   -0.00221094    0.16057983
  341    5    -2.92819     0.22616    -3.30967     -0.00084556    0.33814712   -0.00250058    0.16299590
  342    3    -2.95827     1.49623    -3.46362     -0.00001132    0.01532823   -0.00073863    0.15504268
  343    1    -3.47833     0.54567    -3.45701      0.00002390    0.01532823    0.00155902    0.15445807
  344    1    -3.07821     0.32999     3.25565     -0.00073651    0.33009634   -0.00223121    0.16132059
  345    4    -2.32841     0.78162     3.21434     -0.00111217    0.33009634   -0.00336923    0.16664658
  346    5    -2.69097     0.13406     3.27361     -0.00093668    0.33009634   -0.00283759    0.16420389
  347    4    -2.18270     1.10125     3.39186     -0.00001643    0.00697525   -0.00235565    0.16191155
  348    1    -3.24887     0.45217     3.39760      0.00002244    0.00697525    0.00321647    0.15662549
  349    1    -5.85208    -4.21842     0.62605     -0.00022095    0.03063252   -0.00721306    0.17098871
  350    5    -5.45298    -4.38047     0.61573     -0.00019357    0.03063252   -0.00631917    0.17274351
  351   10    -6.13406    -4.16366     0.57103     -0.00026272    0.03063252   -0.00857636    0.17061793
  352    1    -5.85773    -4.21506    -0.66299     -0.00026254    0.03063252   -0.00857065    0.17083929
  353    5    -5.45855    -4.37716    -0.65701     -0.00030008    0.03063252   -0.00979607    0.17261138
  354   10    -6.13921    -4.16060    -0.60522     -0.00022168    0.03063252   -0.00723686    0.17057583
  355    5    -3.09449    -0.59106     3.51388     -0.00088022    0.67160563   -0.00131062    0.15695646
  356    5    -4.01326    -2.35503     3.30577     -0.00188264    1.37464423   -0.00136955    0.15418828
  357    5    -4.89291    -4.02926     1.77875     -0.00398919    1.37464423   -0.00290198    0.16930573
  358    1    -3.99761    -0.98698     3.49241     -0.00149131    1.37464423   -0.00108487    0.15131260
  359    1    -5.06382    -3.02812     2.71424     -0.00234925    1.37464423   -0.00170899    0.15619899
  360    1    -5.64391    -4.12602     1.14672     -0.00167739    0.67160563   -0.00249758    0.16911965
  361    5    -5.10622    -4.40666    -1.18559     -0.00198044    0.66781822   -0.00296554    0.17121087
  362    5    -4.54475    -3.31007    -2.74770     -0.00260729    1.36619401   -0.00190843    0.15917029
  363    5    -3.49268    -1.27886    -3.53448     -0.00192366    1.36619401   -0.00140804    0.15564187
  364    1    -5.45971    -3.73926    -1.81493     -0.00359748    1.36619401   -0.00263321    0.16645350
  365    1    -4.60045    -2.07058    -3.34099     -0.00165788    1.36619401   -0.00121350    0.15079291
  366    1    -3.68899    -0.31595    -3.56120     -0.00059568    0.66781822   -0.00089198    0.15241505
  367   10    -6.52543    -4.05436     0.81231     -0.00091185    0.23373565   -0.00390120    0.16739886
  368   10    -6.91080    -3.46936     1.64776     -0.00173877    0.51790267   -0.00335733    0.16282799
  369   10    -7.59548    -2.43417     2.09790     -0.00165347    0.51790267   -0.00319263    0.15751095
  370   10    -8.29490    -1.38003     1.72023     -0.00188385    0.51790267   -0.00363747    0.15859766
  371   10    -8.73387    -0.72173     0.66336     -0.00169674    0.51790267   -0.00327618    0.16295942
  372   10    -8.73965    -0.71829    -0.65686     -0.00205302    0.51790267   -0.00396411    0.16307508
  373   10    -8.30997    -1.37107    -1.72095     -0.00172012    0.51790267   -0.00332131    0.15865584
  374   10    -7.61390    -2.42322    -2.11021     -0.00181435    0.51790267   -0.00350326    0.15766959
  375   10    -6.92534    -3.46072    -1.67148     -0.00157776    0.51790267   -0.00304645    0.16277144
  376   10    -6.53268    -4.05005    -0.84249     -0.00091603    0.23373565   -0.00391909    0.16734886
  377    1    -6.27560    -3.84127     1.29289     -0.00165750    0.50965514   -0.00325221    0.16713689
  378    1    -6.91473    -2.87296     2.20634     -0.00148971    0.50965514   -0.00292297    0.15698896
  379    1    -7.72989    -1.64245     2.24903     -0.00154256    0.50965514   -0.00302668    0.15437314
  380    1    -8.40035    -0.63391     1.40415     -0.00156605    0.50965514   -0.00307277    0.15960718
  381    1    -8.66228    -0.24418     0.00416     -0.00198086    0.50965514   -0.00388666    0.16456388
  382    1    -8.41263    -0.62661    -1.40008     -0.00169430    0.50965514   -0.00332441    0.15974658
  383    1    -7.74962    -1.63073    -2.25603     -0.00153295    0.50965514   -0.00300783    0.15452763
  384    1    -6.93414    -2.86143    -2.22689     -0.00148859    0.50965514   -0.00292077    0.15704703
  385    1    -6.28706    -3.83446    -1.32413     -0.00173141    0.50965514   -0.00339723    0.16707086
  386    2    -3.11671     1.46194     3.30557     -0.00029268    0.15885568   -0.00184244    0.15609961
  387    3    -2.73883     1.67574     3.33691     -0.00030144    0.15885568   -0.00189756    0.15687967
  388    4    -2.35794     1.47237     3.30230     -0.00039330    0.15885568   -0.00247584    0.16097267
  389    3    -3.21505     2.10381    -3.57270     -0.00039796    0.61986333   -0.00064201    0.14918423
  390    3    -4.15980     3.68146    -3.43999     -0.00117227    1.25973825   -0.00093057    0.14385324
  391    3    -5.10525     5.28333    -2.17160     -0.00257597    1.25973825   -0.00204484    0.15347446
  392    3    -5.45596     5.91129    -0.03822     -0.00370236    1.25973825   -0.00293899    0.16625255
  393    3    -5.07007     5.31132     2.09715     -0.00238030    1.25973825   -0.00188952    0.15336494
  394    3    -4.10368     3.72612     3.37068     -0.00114957    1.25973825   -0.00091255    0.14383655
  395    3    -3.15670     2.15024     3.50848     -0.00036814    0.61986333   -0.00059390    0.14921861
  396    2    -4.11261     2.38821    -3.56216     -0.00111774    1.25973825   -0.00088728    0.14570700
  397    2    -5.22178     4.24966    -2.95109     -0.00177059    1.25973825   -0.00140553    0.14662387
  398    2    -5.90535     5.42562    -1.15707     -0.00379834    1.25973825   -0.00301518    0.16174955
  399    2    -5.88680     5.44038     1.09417     -0.00335961    1.25973825   -0.00266691    0.16152167
  400    2    -5.17363     4.28797     2.89195     -0.00175615    1.25973825   -0.00139406    0.14641940
  401    2    -4.05434     2.43458     3.50901     -0.00108622    1.25973825   -0.00086226    0.14560802
  402    4    -2.19453     1.33013     3.40225     -0.00005213    0.03149468   -0.00165534    0.16044016
  403    2    -3.27630     1.30833     3.40567      0.00003285    0.03149468    0.00104312    0.15369404
  404   11    -7.95470     3.40663    -2.18021     -0.00062110    0.23084506   -0.00269054    0.15267165
  405   11    -8.42911     2.53347    -1.76851     -0.00160548    0.50980715   -0.00314920    0.15680697
  406   11    -8.81233     1.83111    -0.73963     -0.00213901    0.50980715   -0.00419572    0.16170346
  407   11    -8.83493     1.79497     0.56303     -0.00190137    0.50980715   -0.00372958    0.16199887
  408   11    -8.48828     2.43887     1.64191     -0.00170506    0.50980715   -0.00334451    0.15717552
  409   11    -7.90478     3.51684     2.08491     -0.00163300    0.50980715   -0.00320316    0.15463107
  410   11    -7.30731     4.61715     1.72282     -0.00189018    0.50980715   -0.00370763    0.15695286
  411   11    -6.92409     5.31951     0.69395     -0.00157032    0.50980715   -0.00308023    0.16171029
  412   11    -6.90149     5.35565    -0.60872     -0.00203092    0.50980715   -0.00398371    0.16237619
  413   11    -7.24815     4.71175    -1.68760     -0.00169166    0.50980715   -0.00331823    0.15764269
  414   11    -7.70717     3.86321    -2.16325     -0.00063387    0.23084506   -0.00274588    0.15281238
  415    2    -7.89015     2.84172    -2.28827     -0.00155255    0.50498485   -0.00307445    0.15283057
  416    2    -8.46687     1.78162    -1.47029     -0.00166043    0.50498485   -0.00328808    0.15836903
  417    2    -8.70552     1.34733    -0.09917     -0.00113729    0.50498485   -0.00225212    0.16380224
  418    2    -8.51495     1.70473     1.30135     -0.00179132    0.50498485   -0.00354728    0.15919871
  419    2    -7.96795     2.71731     2.19633     -0.00155785    0.50498485   -0.00308494    0.15302905
  420    2    -7.27346     3.99830     2.24391     -0.00153708    0.50498485   -0.00304381    0.15274017
  421    2    -6.69674     5.05840     1.42592     -0.00152509    0.50498485   -0.00302007    0.15848036
  422    2    -6.45809     5.49269     0.05481     -0.00199829    0.50498485   -0.00395713    0.16426783
  423    2    -6.64866     5.13529    -1.34571     -0.00167344    0.50498485   -0.00331384    0.15955176
  424    2    -7.19566     4.12270    -2.24069     -0.00150480    0.50498485   -0.00297989    0.15325048
  425    3    -2.54399     1.32550    -3.31603     -0.00074430    0.33128482   -0.00224671    0.16174641
  426    4    -2.16756     1.10665    -3.33494     -0.00101763    0.33128482   -0.00307177    0.16509791
  427    5    -2.51590     0.45128    -3.27593     -0.00106349    0.33128482   -0.00321019    0.16620342
  428    3    -0.23700     6.11545    -0.72295     -0.00023056    0.03209719   -0.00718307    0.17551037
  429    4     0.11746     5.86812    -0.71320     -0.00020737    0.03209719   -0.00646075    0.17770734
  430   12    -0.43501     6.32280    -0.66510     -0.00026157    0.03209719   -0.00814922    0.17470172
  431    3    -0.23830     6.12028     0.62062     -0.00027176    0.03209719   -0.00846691    0.17534946
  432    4     0.11618     5.87288     0.61333     -0.00029999    0.03209719   -0.00934632    0.17750234
  433   12    -0.43619     6.32721     0.56089     -0.00021770    0.03209719   -0.00678246    0.17461505
  434    4     0.33368     5.59180     1.13912     -0.00182357    0.66577772   -0.00273901    0.17616855
  435    4    -0.27517     4.52545     2.68961     -0.00265531    1.36104863   -0.00195093    0.16290926
  436    4    -1.39786     2.54821     3.47554     -0.00203568    1.36104863   -0.00149567    0.15723414
  437    3    -0.41849     5.52621     1.76505     -0.00356391    1.36104863   -0.00261850    0.17030512
  438    3    -1.34262     3.90327     3.28150     -0.00175180    1.36104863   -0.00128709    0.15328437
  439    3    -2.31185     2.19389     3.50614     -0.00060432    0.66577772   -0.00090770    0.15333780
  440    4    -1.77993     1.83659    -3.57480     -0.00088362    0.66928529   -0.00132025    0.15825807
  441    4    -0.80574     3.55698    -3.37276     -0.00199829    1.36884870   -0.00145983    0.15721987
  442    4     0.12239     5.20299    -1.86637     -0.00407513    1.36884870   -0.00297705    0.17396595
  443    3    -1.94364     2.80637    -3.55346     -0.00152008    1.36884870   -0.00111048    0.15311577
  444    3    -0.81527     4.80186    -2.78874     -0.00238836    1.36884870   -0.00174480    0.15970304
  445    3    -0.20454     5.88790    -1.24048     -0.00168093    0.66928529   -0.00251152    0.17350392
  446    5    -2.72146     0.15553    -3.45317      0.00000624    0.03306431    0.00018873    0.16139312
  447    3    -2.75051     1.40239    -3.45742      0.00002252    0.03306431    0.00068105    0.15686576
  448   12    -0.74281     6.59220    -0.90334     -0.00091469    0.23280840   -0.00392893    0.17136460
  449   12    -1.45190     6.59790    -1.72607     -0.00173630    0.51541404   -0.00336876    0.16605137
  450   12    -2.69352     6.61150    -2.16043     -0.00163685    0.51541404   -0.00317579    0.15974356
  451   12    -3.95055     6.62822    -1.77304     -0.00185373    0.51541404   -0.00359658    0.16009862
  452   12    -4.73229     6.64155    -0.71512     -0.00167754    0.51541404   -0.00325474    0.16420517
  453   12    -4.73355     6.64627     0.60035     -0.00203244    0.51541404   -0.00394332    0.16427437
  454   12    -3.95386     6.64055     1.65984     -0.00168130    0.51541404   -0.00326203    0.16007068
  455   12    -2.69757     6.62662     2.04976     -0.00179041    0.51541404   -0.00347373    0.15977017
  456   12    -1.45512     6.60992     1.61790     -0.00155148    0.51541404   -0.00301015    0.16585034
  457   12    -0.74445     6.59831     0.79660     -0.00091493    0.23280840   -0.00392998    0.17128076
  458    3    -0.79202     6.26614    -1.38166     -0.00177169    0.50804280   -0.00348728    0.17128150
  459    3    -1.95952     6.27718    -2.27705     -0.00145249    0.50804280   -0.00285898    0.15959699
  460    3    -3.43051     6.29502    -2.30470     -0.00151446    0.50804280   -0.00298096    0.15604056
  461    3    -4.63076     6.31271    -1.45383     -0.00164565    0.50804280   -0.00323920    0.16079160
  462    3    -5.09172     6.32334    -0.05658     -0.00131022    0.50804280   -0.00257896    0.16539556
  463    3    -4.63345     6.32276     1.34159     -0.00168907    0.50804280   -0.00332467    0.16087702
  464    3    -3.43484     6.31119     2.19488     -0.00149773    0.50804280   -0.00294803    0.15606682
  465    3    -1.96380     6.29315     2.17019     -0.00145511    0.50804280   -0.00286415    0.15950326
  466    3    -0.79458     6.27569     1.27715     -0.00180241    0.50804280   -0.00354775    0.17108827
  467    4    -1.17324     0.35031    -3.42491     -0.00050473    0.16265302   -0.00310311    0.16998467
  468    5    -1.52948    -0.30257    -3.42302     -0.00057022    0.16265302   -0.00350573    0.16994794
  469    6    -1.15791    -0.08074    -3.40722     -0.00060969    0.16265302   -0.00374838    0.17186745
  470    4    -1.15803     0.36043     3.35920     -0.00056528    0.16265302   -0.00347537    0.16955534
  471    5    -1.51428    -0.29244     3.36085     -0.00050531    0.16265302   -0.00310667    0.16939616
  472    6    -1.14279    -0.07066     3.34272     -0.00061118    0.16265302   -0.00375758    0.17132213
  473    5    -2.01423    -0.20024     3.45355     -0.00130188    0.82575511   -0.00157659    0.16494119
  474    4    -1.67024     0.82010     3.43334     -0.00144691    0.82575511   -0.00175222    0.16469001
  475    5    -2.19231    -0.12194    -3.49598     -0.00143293    0.82333366   -0.00174040    0.16464370
  476    4    -1.52094     0.71976    -3.51654     -0.00149159    0.82333366   -0.00181164    0.16562485
  477    4     0.40282     0.36812    -3.39388     -0.00073499    0.17517602   -0.00419572    0.17512812
  478    6     0.40707    -0.06334    -3.37967     -0.00074819    0.17517602   -0.00427107    0.17674827
  479    7     0.81686    -0.30694    -3.39310     -0.00075488    0.17517602   -0.00430929    0.17708750
  480    4     0.47574     0.37946     3.30553     -0.00069509    0.17517602   -0.00396795    0.17514524
  481    6     0.47969    -0.05205     3.29270     -0.00079183    0.17517602   -0.00452017    0.17647237
  482    7     0.88969    -0.29562     3.29803     -0.00084811    0.17517602   -0.00484146    0.17678866
  483    6    -0.20890     0.05373     3.36633     -0.00159667    0.64666514   -0.00246908    0.17310958
  484    4    -0.47659     0.66243     3.45284     -0.00140300    0.67720403   -0.00207175    0.16924700
  485    6    -0.50705     0.03702    -3.44692     -0.00147007    0.61633757   -0.00238518    0.17272323
  486    4    -0.27578     0.65703    -3.52327     -0.00127534    0.64544967   -0.00197590    0.17018299
  487    4     1.30932     0.70649     3.23100     -0.00232987    0.61385586   -0.00379546    0.17612843
  488    7     1.72454     0.02786     3.27579     -0.00224776    0.61385586   -0.00366170    0.17509706
  489   17     2.28579     0.49627     3.38120     -0.00212297    0.61385586   -0.00345841    0.17190589
  490    4     1.57594     0.90287    -3.22389     -0.00244650    0.61434315   -0.00398229    0.17688795
  491    7     1.99514     0.22712    -3.27513     -0.00219933    0.61434315   -0.00357997    0.17521722
  492   18     2.56193     0.70079    -3.30544     -0.00216874    0.61434315   -0.00353017    0.17286020
  493    7     1.29542    -0.25984     3.41972     -0.00067068    0.38689514   -0.00173349    0.17246425
  494    4     0.63452     0.65908     3.43039     -0.00063206    0.38689514   -0.00163367    0.17118820
  495    7     1.29297    -0.22685    -3.49864     -0.00155692    0.78047197   -0.00199484    0.17318396
  496    4     0.84404     0.82207    -3.47523     -0.00166316    0.78047197   -0.00213096    0.17189906
  497   12    -0.52147     6.48653     0.07375     -0.00318400    0.85783485   -0.00371167    0.17593273
  498    4     0.34188     5.85793    -0.16663     -0.00341082    1.21003128   -0.00281879    0.17923888
  499    4     2.21220     3.58566     2.30837     -0.00129091    0.27824536   -0.00463945    0.18113492
  500   13     2.43347     3.66896     2.13407     -0.00139183    0.27824536   -0.00500218    0.18338290
  501   17     3.08516     3.11407     2.46916     -0.00119521    0.27824536   -0.00429554    0.17501240
  502    4     2.24150     3.49757    -2.40733     -0.00111515    0.26615559   -0.00418983    0.18211681
  503   13     2.46299     3.59077    -2.23893     -0.00135081    0.26615559   -0.00507528    0.18404896
  504   18     3.14475     3.06505    -2.48979     -0.00125486    0.26615559   -0.00471475    0.17669783
  505   13     2.05965     4.14220    -2.13044     -0.00120068    0.25376934   -0.00473137    0.18297254
  506   13     1.61097     4.99403    -1.43998     -0.00265453    0.57467041   -0.00461922    0.18536181
  507   13     1.37591     5.45731    -0.10960     -0.00288010    0.57467041   -0.00501174    0.18796919
  508   13     1.60264     5.05669     1.24241     -0.00239644    0.57467041   -0.00417011    0.18542093
  509   13     2.04690     4.23810     1.97466     -0.00139489    0.25376934   -0.00549668    0.18287205
  510    4     1.53433     4.44313    -2.10479     -0.00213026    0.54201272   -0.00393029    0.18107681
  511    4     1.04570     5.37862    -0.90716     -0.00215725    0.54201272   -0.00398007    0.18572200
  512    4     1.04075     5.41590     0.68871     -0.00278564    0.54201272   -0.00513943    0.18586954
  513    4     1.52179     4.53743     1.93173     -0.00241534    0.54201272   -0.00445625    0.18122384
  514   17     3.33266     2.76331     3.03552     -0.00199922    0.89789510   -0.00222656    0.16786725
  515   17     2.82059     1.56363     3.54107     -0.00519496    1.81109598   -0.00286841    0.16902273
  516    4     1.76900     2.86763     3.05728     -0.00496907    2.53606321   -0.00195937    0.16972934
  517    4     1.21627     1.43297     3.50404     -0.00186613    1.28718951   -0.00144977    0.16740120
  518   18     2.92582     1.23146    -3.51799     -0.00168240    0.76661952   -0.00219457    0.16737717
  519   18     3.29247     2.33441    -3.17552     -0.00445340    1.54166388   -0.00288870    0.17031647
  520    4     1.63816     2.07000    -3.34929     -0.00400273    2.17271838   -0.00184227    0.16938207
  521    4     2.07773     3.29037    -2.85782     -0.00176192    1.09919528   -0.00160292    0.17159526
  522    5    -0.68911    -1.63735     3.32876     -0.00070589    0.18555915   -0.00380411    0.17500370
  523    6    -0.32347    -1.40560     3.31085     -0.00075849    0.18555915   -0.00408760    0.17649472
  524    7     0.08139    -1.65789     3.31961     -0.00085155    0.18555915   -0.00458908    0.17755751
  525    5    -0.69391    -1.70506    -3.40609     -0.00108607    0.32334498   -0.00335886    0.17557495
  526    6    -0.32757    -1.47087    -3.38642     -0.00119895    0.32334498   -0.00370795    0.17761117
  527   15     0.19509    -1.98840    -3.48400     -0.00150850    0.32334498   -0.00466530    0.17826280
  528    6    -0.89036    -0.67763     3.38153     -0.00145389    0.61353743   -0.00236968    0.17213633
  529    5    -1.28815    -1.20782     3.45835     -0.00128566    0.64252690   -0.00200095    0.16927924
  530    6    -0.80383    -0.85379    -3.45000     -0.00138062    0.56977562   -0.00242309    0.17341254
  531    5    -1.44703    -0.98487    -3.52975     -0.00114859    0.59670412   -0.00192490    0.16907251
  532    5    -0.44693    -2.04090     3.30377     -0.00102276    0.21941507   -0.00466131    0.17629519
  533    7     0.31960    -2.05774     3.37414     -0.00098413    0.21941507   -0.00448526    0.17787068
  534   16     0.41222    -2.33529     3.43165     -0.00083128    0.21941507   -0.00378863    0.17698147
  535    7     0.25421    -1.83619     3.45655     -0.00012257    0.12495125   -0.00098094    0.17457423
  536    5    -0.84489    -1.83428     3.46416     -0.00020075    0.12495125   -0.00160661    0.17067939
  537   10    -6.31903    -4.17677    -0.13771     -0.00303709    0.82119669   -0.00369837    0.17155113
  538    5    -5.32315    -4.56070     0.09051     -0.00308488    1.15863001   -0.00266253    0.17372412
  539    5    -1.21908    -4.53580    -2.33406     -0.00123891    0.28227682   -0.00438900    0.17987918
  540   14    -1.25234    -4.75498    -2.13871     -0.00131465    0.28227682   -0.00465731    0.18157378
  541   15    -0.29352    -4.52684    -2.46198     -0.00139304    0.28227682   -0.00493502    0.17597637
  542    5    -1.27227    -4.55245     2.29543     -0.00109169    0.27963581   -0.00390396    0.18014014
  543   14    -1.30106    -4.77529     2.10344     -0.00134036    0.27963581   -0.00479323    0.18175954
  544   16    -0.36077    -4.58883     2.38430     -0.00143874    0.27963581   -0.00514506    0.17699498
  545   14    -2.00024    -4.98450     2.12079     -0.00108888    0.24620460   -0.00442268    0.17882037
  546   14    -3.12065    -5.09701     1.91000     -0.00256196    0.55196206   -0.00464155    0.17737892
  547   14    -4.13788    -5.20133     0.97767     -0.00220963    0.55196206   -0.00400323    0.17936556
  548   14    -4.35435    -5.22696    -0.38883     -0.00275096    0.55196206   -0.00498396    0.18058944
  549   14    -3.67557    -5.16271    -1.59299     -0.00217659    0.55196206   -0.00394337    0.17742396
  550   14    -2.39786    -5.03663    -2.10913     -0.00234567    0.55196206   -0.00424969    0.17912659
  551    5    -2.48995    -4.70675     2.31863     -0.00217298    0.53092038   -0.00409286    0.17619393
  552    5    -3.90616    -4.84995     1.71246     -0.00214239    0.53092038   -0.00403524    0.17516960
  553    5    -4.63684    -4.92692     0.35093     -0.00230046    0.53092038   -0.00433297    0.18054463
  554    5    -4.36303    -4.90405    -1.17160     -0.00242451    0.53092038   -0.00456662    0.17760086
  555    5    -3.20426    -4.79132    -2.19048     -0.00223706    0.53092038   -0.00421355    0.17409721
  556    5    -1.97055    -4.66877    -2.41221     -0.00116425    0.29842982   -0.00390126    0.17635948
  557   15     0.15127    -4.33771    -3.03119     -0.00261133    0.82800611   -0.00315376    0.17152005
  558   15     0.28294    -3.08179    -3.57980     -0.00632431    1.67329914   -0.00377955    0.17597935
  559    5    -1.16780    -3.69597    -3.09199     -0.00540411    2.31512611   -0.00233426    0.17186842
  560    5    -0.95941    -2.22226    -3.59520     -0.00211552    1.17683528   -0.00179763    0.16906956
  561   16     0.38384    -2.78608     3.55177     -0.00234849    0.75579019   -0.00310733    0.17332358
  562   16     0.15249    -3.98272     3.13673     -0.00573556    1.52539776   -0.00376004    0.17501814
  563    5    -1.02602    -2.92492     3.34046     -0.00479059    2.11221471   -0.00226804    0.17057206
  564    5    -1.24185    -4.25621     2.75962     -0.00193077    1.07234147   -0.00180052    0.17174148
  565    6     0.12496    -1.39564    -3.43389     -0.00039760    0.07578753   -0.00524620    0.17777593
  566    7     0.51702    -1.64668    -3.53403     -0.00036508    0.07578753   -0.00481715    0.17727136
  567   15     0.62753    -1.91057    -3.61160     -0.00040987    0.07578753   -0.00540819    0.17709887
  568    7     0.81478    -1.02520     3.42936     -0.00199866    0.72557390   -0.00275459    0.17454392
  569    6     0.10394    -0.88497     3.35838     -0.00188028    0.69240718   -0.00271558    0.17565080
  570    7     0.67092    -1.14886    -3.53765     -0.00166387    0.61503995   -0.00270531    0.17587066
  571    6     0.19941    -0.61773    -3.44607     -0.00156157    0.58691253   -0.00266065    0.17601139
  572   15     0.62624    -2.08452    -3.71834     -0.00030052    0.08088087   -0.00371557    0.17439657
  573    6    -0.11177    -1.31535    -3.51378     -0.00010701    0.10429455   -0.00102600    0.17472964
  574    7     3.08083    -1.47531    -3.65269     -0.00038460    0.09214481   -0.00417388    0.15779522
  575    8     3.47755    -1.22070    -3.58650     -0.00030507    0.09214481   -0.00331076    0.15277105
  576   15     3.00622    -1.75345    -3.72380     -0.00035703    0.09214481   -0.00387471    0.15774345
  577    7     2.87496    -1.83234     3.62238     -0.00033121    0.09356194   -0.00354001    0.15609190
  578    8     3.27414    -1.57361     3.60432     -0.00031175    0.09356194   -0.00333202    0.15138075
  579   16     2.80108    -2.11690     3.66109     -0.00046894    0.09356194   -0.00501213    0.15659570
  580    7     2.87955    -1.02596     3.61282     -0.00022602    0.08822513   -0.00256183    0.15786379
  581    8     3.27558    -0.77062     3.68000     -0.00030144    0.08822513   -0.00341673    0.15580668
  582   17     3.36289    -0.49263     3.75017     -0.00028960    0.08822513   -0.00328253    0.15587998
  583    7     3.16129    -0.79147    -3.57919     -0.00034490    0.08759545   -0.00393741    0.15899921
  584    8     3.56069    -0.53330    -3.59862     -0.00023423    0.08759545   -0.00267398    0.15604030
  585   18     3.65408    -0.25210    -3.64371     -0.00023558    0.08759545   -0.00268940    0.15680270
  586    8     3.62386    -0.84854    -3.63403     -0.00030537    0.20192863   -0.00151228    0.15214698
  587    7     3.01218    -1.15712    -3.66724     -0.00040519    0.20192863   -0.00200662    0.15758905
  588    8     3.32990    -1.07597     3.69582     -0.00043799    0.28288465   -0.00154830    0.15194493
  589    7     2.81059    -1.52803     3.65990     -0.00060724    0.28288465   -0.00214662    0.15651615
  590    7     3.82337    -5.01233    -1.34291     -0.00034951    0.19716708   -0.00177267    0.11969027
  591    9     4.56820    -4.91360    -1.25607      0.00032846    0.19716708    0.00166591    0.09375697
  592   15     3.69812    -4.98672    -1.61182     -0.00052256    0.19716708   -0.00265034    0.12495539
  593    7     3.73263    -5.15418     0.99063     -0.00036894    0.20353271   -0.00181268    0.11978687
  594    9     4.48200    -5.05138     0.97948      0.00040863    0.20353271    0.00200768    0.09360869
  595   16     3.59903    -5.15547     1.25678     -0.00051788    0.20353271   -0.00254448    0.12512791
  596    9     4.92457    -5.25007     0.47994      0.00226434    0.89376842    0.00253348    0.07858787
  597    9     4.97613    -5.17344    -0.75347      0.00233051    0.89376842    0.00260751    0.07845309
  598    7     3.86960    -5.23107    -0.18314     -0.00099226    1.95812435   -0.00050674    0.11291041
  599    7     0.53811    -5.28750    -1.18411     -0.00089370    0.24359221   -0.00366884    0.16882371
  600   14    -0.32539    -5.34443    -1.06589     -0.00131648    0.24359221   -0.00540444    0.17805858
  601   15     0.62630    -5.24278    -1.46573     -0.00073158    0.24359221   -0.00300328    0.16823848
  602    7     0.59093    -5.42091     0.68678     -0.00085252    0.25977616   -0.00328175    0.16883826
  603   14    -0.27967    -5.47296     0.63305     -0.00151578    0.25977616   -0.00583495    0.17816417
  604   16     0.65552    -5.40936     0.97838     -0.00083680    0.25977616   -0.00322125    0.16878364
  605   14    -0.77322    -5.67289    -0.37347     -0.00600535    1.26849120   -0.00473425    0.18360254
  606    7     0.51787    -5.52743    -0.11993     -0.00352388    1.79049136   -0.00196811    0.16586196
  607   15     1.20023    -2.02701    -3.84614     -0.00117135    0.34707142   -0.00337495    0.17254328
  608   15     2.41895    -1.93258    -3.90324     -0.00102672    0.34707142   -0.00295825    0.16302122
  609    7     1.79106    -1.63711    -3.70335     -0.00312082    0.69173987   -0.00451155    0.17359170
  610   15     3.06722    -5.26698    -1.72740     -0.00081630    0.27543269   -0.00296370    0.13774326
  611   15     1.82765    -5.43566    -1.62200     -0.00212475    0.63092063   -0.00336770    0.15538733
  612    7     2.65971    -5.38260    -1.25876     -0.00174564    0.58295883   -0.00299445    0.14289253
  613    7     1.28273    -5.45895    -1.21403     -0.00083040    0.33385781   -0.00248728    0.15822989
  614   16     2.23886    -2.31452     3.79128     -0.00114926    0.31843937   -0.00360903    0.16198545
  615   16     1.11667    -2.37322     3.69425     -0.00105687    0.31843937   -0.00331889    0.17148638
  616    7     1.66967    -1.97636     3.61403     -0.00265384    0.64933857   -0.00408698    0.17136194
  617   16     1.35224    -5.58338     1.11298     -0.00097736    0.25896658   -0.00377409    0.15907055
  618   16     2.53264    -5.52169     1.21500     -0.00168949    0.58398859   -0.00289301    0.14568180
  619    7     1.81879    -5.57265     0.71719     -0.00163754    0.55578673   -0.00294634    0.15272031
  620    7     3.10028    -5.41501     0.90115     -0.00087231    0.31389888   -0.00277896    0.13328697
  621   17     2.99618     0.12159     3.72635     -0.00210839    0.77465403   -0.00272171    0.16327783
  622    7     2.35685    -0.78069     3.61742     -0.00193951    1.09216119   -0.00177585    0.16326351
  623   18     3.44169     0.19445    -3.65295     -0.00205330    0.76083200   -0.00269875    0.16165604
  624    7     2.50938    -0.40561    -3.57485     -0.00199189    1.07269965   -0.00185690    0.16537411
  625    8     4.81333    -2.35606    -3.15455     -0.00002868    0.33150349   -0.00008653    0.11696809
  626    9     5.14689    -2.64614    -3.03212      0.00089089    0.33150349    0.00268742    0.10156334
  627   15     4.23777    -2.78845    -3.24331     -0.00067730    0.33150349   -0.00204310    0.12978328
  628    8     4.56869    -2.56474     3.21811     -0.00003053    0.33269332   -0.00009177    0.11624735
  629    9     4.91167    -2.84800     3.10592      0.00086098    0.33269332    0.00258790    0.10130762
  630   16     4.00193    -3.01453     3.22576     -0.00069060    0.33269332   -0.00207580    0.12976470
  631    8     7.36480    -0.20937    -2.39301     -0.00017046    0.13688513   -0.00124526    0.13068856
  632    9     7.66353    -0.55135    -2.34682     -0.00018748    0.13688513   -0.00136964    0.12687009
  633   19     7.93170    -0.45545    -2.18662     -0.00033387    0.13688513   -0.00243909    0.13398907
  634    8     7.22838    -0.30440     2.72811     -0.00011157    0.13688513   -0.00081510    0.12974041
  635    9     7.52949    -0.64473     2.68524     -0.00019881    0.13688513   -0.00145236    0.12649199
  636   19     7.80571    -0.54322     2.54321     -0.00046591    0.13688513   -0.00340363    0.13396387
  637    9     7.15859    -0.94310     2.96729      0.00049779    0.54583486    0.00091198    0.11223692
  638    9     6.05228    -2.07902     3.25052      0.00355639    1.12731292    0.00315475    0.08819547
  639    8     6.30306    -0.89607     3.23596      0.00064177    1.17231603    0.00054744    0.11572995
  640    8     5.14473    -2.08661     3.39723      0.00066802    0.59659878    0.00111972    0.10807539
  641    9     5.99826    -2.19074    -3.08748      0.00272814    0.78723664    0.00346547    0.08781124
  642    9     7.18680    -0.96435    -2.71076      0.00099543    0.78723664    0.00126445    0.10881246
  643    8     6.13893    -1.11983    -2.95808      0.00094772    1.70633279    0.00055541    0.11314150
  644    8     4.49474     3.33001     1.05213     -0.00067061    0.25870078   -0.00259224    0.16903288
  645   13     3.76651     3.72673     0.93630     -0.00140539    0.25870078   -0.00543249    0.18109259
  646   17     4.46352     3.29211     1.35044     -0.00075425    0.25870078   -0.00291555    0.16967578
  647    8     4.61236     3.37901    -0.65483     -0.00057919    0.25988196   -0.00222867    0.16948238
  648   13     3.87523     3.77567    -0.62964     -0.00157606    0.25988196   -0.00606454    0.18172307
  649   18     4.60300     3.36462    -0.95676     -0.00073194    0.25988196   -0.00281643    0.17044383
  650   13     3.53857     4.13449     0.27778     -0.00528223    1.07551238   -0.00491136    0.18749095
  651    8     4.61785     3.50346     0.08101     -0.00243276    1.51549209   -0.00160526    0.16725027
  652   15     3.30481    -2.29889    -3.69853     -0.00341387    1.00428124   -0.00339931    0.15359007
  653    8     4.26198    -1.77701    -3.47762     -0.00170964    1.41493256   -0.00120828    0.13650424
  654   16     3.25823    -2.80950     3.56121     -0.00296784    0.91067554   -0.00325894    0.14859713
  655    8     3.85837    -1.88248     3.58516     -0.00163995    1.28381326   -0.00127740    0.13928535
  656   17     3.84343    -0.32687     3.93489     -0.00067690    0.25661807   -0.00263776    0.15137793
  657   17     5.00709    -0.29761     3.89142     -0.00145643    0.57459922   -0.00253468    0.14105751
  658   17     6.16748     0.35274     3.43465     -0.00146930    0.57459922   -0.00255709    0.14021110
  659   17     6.57195     1.47026     2.68256     -0.00149250    0.57459922   -0.00259746    0.14963667
  660   17     6.04119     2.55956     1.96853     -0.00139636    0.57459922   -0.00243015    0.15429286
  661   17     5.09676     3.13599     1.60438     -0.00068100    0.25661807   -0.00265375    0.16110291
  662    8     4.27139    -0.73751     3.79613     -0.00126588    0.55461498   -0.00228245    0.14489621
  663    8     5.79032    -0.41431     3.54970     -0.00106839    0.55461498   -0.00192637    0.13164813
  664    8     6.71797     0.63368     2.83309     -0.00145065    0.55461498   -0.00261559    0.14393696
  665    8     6.64311     1.94188     1.96397     -0.00142724    0.55461498   -0.00257338    0.15205636
  666    8     5.59892     2.93036     1.32764     -0.00116882    0.55461498   -0.00210745    0.15693743
  667   18     5.25222     3.21254    -1.14337     -0.00056417    0.25558758   -0.00220733    0.16175736
  668   18     6.20921     2.64624    -1.47514     -0.00138744    0.57175855   -0.00242661    0.15502083
  669   18     6.77668     1.60034    -2.21543     -0.00152688    0.57175855   -0.00267049    0.15071768
  670   18     6.42107     0.54245    -3.06301     -0.00130325    0.57175855   -0.00227938    0.14152876
  671   18     5.29877    -0.06217    -3.64512     -0.00145803    0.57175855   -0.00255009    0.14205216
  672   18     4.14624    -0.07757    -3.77940     -0.00057146    0.25558758   -0.00223586    0.15210043
  673    8     5.72906     2.98160    -0.84525     -0.00123144    0.55286092   -0.00222739    0.15756571
  674    8     6.80062     2.02180    -1.46606     -0.00138724    0.55286092   -0.00250921    0.15303485
  675    8     6.92615     0.77526    -2.40691     -0.00125963    0.55286092   -0.00227839    0.14549750
  676    8     6.05045    -0.20982    -3.25404     -0.00118104    0.55286092   -0.00213623    0.13308617
  677    8     4.55864    -0.50020    -3.63487     -0.00142929    0.55286092   -0.00258526    0.14573257
  678   19     8.15813    -0.10575    -2.01355     -0.00203986    0.64487142   -0.00316320    0.14320269
  679   19     8.37760     0.74623    -0.98286     -0.00702244    1.33640491   -0.00525473    0.16495660
  680   19     8.41017     0.98318     0.63542     -0.00722344    1.33640491   -0.00540513    0.16935256
  681   19     8.15439     0.18687     2.04130     -0.00562872    1.33640491   -0.00421183    0.15506773
  682    8     7.47144     0.67969    -1.87040     -0.00351171    1.51610778   -0.00231626    0.14887086
  683    8     7.67245     1.51076    -0.25380     -0.00470649    1.51610778   -0.00310432    0.15908691
  684    8     7.54007     1.17901     1.53977     -0.00445122    1.51610778   -0.00293595    0.15573737
  685    8     7.24321     0.21439     2.63553     -0.00086486    0.78166233   -0.00110644    0.13818175
  686   15     4.02807    -3.39132    -3.36044     -0.00186187    0.95306099   -0.00195357    0.13068296
  687   15     3.86914    -4.54983    -2.50216     -0.00427730    1.92486341   -0.00222213    0.12792458
  688    9     5.29190    -3.73729    -2.69749      0.00574424    2.34451813    0.00245007    0.08419746
  689    9     5.05379    -4.90032    -1.65617      0.00277929    1.18406154    0.00234726    0.08034267
  690   16     3.62103    -5.19283     1.68724     -0.00120168    0.75269519   -0.00159651    0.12379420
  691   16     3.79458    -4.53988     2.65763     -0.00304588    1.51369073   -0.00201222    0.12608169
  692   16     3.79526    -3.56124     3.32122     -0.00116684    0.75269519   -0.00155021    0.13055297
  693    9     5.00268    -4.88535     1.75356      0.00438726    1.85387727    0.00236653    0.07966952
  694    9     5.12162    -3.77148     2.86906      0.00448425    1.85387727    0.00241885    0.08504191
  695   19     8.23974    -0.90768     2.55819     -0.00096291    0.30691503   -0.00313739    0.13183891
  696   19     8.81925    -1.99559     2.31583     -0.00212920    0.66515453   -0.00320106    0.12301020
  697   19     9.37036    -2.97494     1.28844     -0.00294042    0.66515453   -0.00442066    0.12187363
  698   19     9.52777    -3.17088    -0.21330     -0.00288277    0.66515453   -0.00433398    0.12286151
  699   19     9.22399    -2.49941    -1.54569     -0.00249244    0.66515453   -0.00374716    0.12133509
  700   19     8.58924    -1.24836    -2.13760     -0.00178735    0.66515453   -0.00268711    0.12929825
  701    9     8.09091    -1.54631     2.66840     -0.00075134    0.65600495   -0.00114533    0.11391873
  702    9     8.80988    -2.87176     2.01772     -0.00122074    0.65600495   -0.00186088    0.10502640
  703    9     9.21426    -3.54255     0.57423     -0.00211127    0.65600495   -0.00321838    0.10810731
  704    9     9.13072    -3.27114    -1.04332     -0.00181011    0.65600495   -0.00275929    0.10641425
  705    9     8.59507    -2.17388    -2.14160     -0.00089952    0.65600495   -0.00137120    0.10681832
  706    9     7.99188    -1.00609    -2.40021     -0.00026329    0.34959858   -0.00075311    0.11902980
  707   17     4.32792     3.40559     1.78812     -0.00134449    0.86080811   -0.00156190    0.16645510
  708   17     3.74842     3.21791     2.52205     -0.00154173    0.86080811   -0.00179103    0.16745610
  709   13     3.07563     3.98391     1.56696     -0.00570297    1.72282073   -0.00331025    0.18328882
  710   18     3.84675     3.22167    -2.45086     -0.00218204    1.06597109   -0.00204700    0.16953750
  711   18     4.47564     3.48674    -1.47489     -0.00200010    1.06597109   -0.00187632    0.16824104
  712   13     3.15072     3.97764    -1.48108     -0.00921746    2.14020734   -0.00430681    0.18718465
  713   15     0.53680    -5.31389    -1.88399     -0.00150818    0.82954122   -0.00181809    0.16442386
  714   15     0.20307    -4.91802    -2.53624     -0.00153513    0.82954122   -0.00185058    0.16734106
  715   14    -0.98765    -5.33864    -1.65065     -0.00507163    1.65813050   -0.00305864    0.17796882
  716   16     0.14631    -5.03491     2.36492     -0.00252918    1.06037314   -0.00238518    0.16890763
  717   16     0.53977    -5.49814     1.46697     -0.00208573    1.06037314   -0.00196698    0.16538740
  718   14    -0.98547    -5.42022     1.41311     -0.00776240    2.12303788   -0.00365627    0.18103382
