COSMO Results from DMol3

Note: COSMO for ideal conductor limit (fepsi= 1.0000)
  Basic Grid Size                  =   1082
  Number of Segments on an Atom    =     92
  Number of Segments on Hydrogen   =     32
  Solvent Radius    [au]           =   2.46
  A - Matrix Cutoff [au]           =  13.23
  factor for Outlying Charge corr  =   0.85
  maximum segment or cutoff radius =   1.46
  total number of segments         =    632
  number of charge corr segments   =    285




$coordinates xyz [au]                         and cosmo atom analysis:   radius   charge    area  charge density  (srad)
C            -4.28355754317755   -0.32194564804660   -0.12015541051716   3.7795  -0.0568    49.13    -0.00116    6.2361
C            -3.03300934213246    1.99154000102209   -0.33900779802818   3.7795  -0.0485    48.47    -0.00100    6.2361
C            -0.40994196948135    2.04616622341043   -0.32854987979766   3.7795  -0.0788    49.17    -0.00160    6.2361
C            -2.86880238796557   -2.54501911188973    0.10082286030296   3.7795  -0.0503    48.53    -0.00104    6.2361
C            -0.25556798221818   -2.39867761528044    0.11248817179789   3.7795  -0.0878    48.45    -0.00181    6.2361
N             0.92144023032067   -0.12796522730094   -0.09700068512475   3.4582  -0.0170     6.82    -0.00249    5.9148
C             3.82503008385410   -0.06377807164348   -0.20027279867133   3.7795  -0.0828    36.65    -0.00226    6.2361
O             4.77216164540093    2.32035205764288    0.32291269448597   3.2503   0.0804    48.03     0.00167    5.7070
H            -6.34528457475289   -0.39791642528250   -0.12301874810819   2.4566  -0.0644    23.13    -0.00278    4.9133
H            -4.06814049256862    3.76470130474012   -0.52301407610050   2.4566  -0.0669    23.51    -0.00285    4.9133
H             0.71026668633706    3.76552944886851   -0.48933717989959   2.4566  -0.0571    17.85    -0.00320    4.9133
H            -3.77468764571371   -4.38793816640771    0.27964718241793   2.4566  -0.0674    23.47    -0.00287    4.9133
H             0.96545455959382   -4.04938041043566    0.29260333370350   2.4566  -0.0819    22.32    -0.00367    4.9133
H             4.32977060659166   -0.55438813326634   -2.15167123368496   2.4566  -0.0793    25.94    -0.00306    4.9133
H             4.46531071779859   -1.54466827818750    1.10564682881086   2.4566  -0.0764    23.52    -0.00325    4.9133
H             5.04955740811354    2.50338805205687    2.15790673841315   2.4566  -0.1645    32.80    -0.00502    4.9133
$end


$cosmo_energy               [Hartree atomic units]       [eV]     [kcal/mol]
  Total energy                 =       -363.366751
  Total energy + OC corr.      =       -363.363401
  Dielectric energy            =         -0.091693      -2.495      -57.54
  Diel. energy + OC corr.      =         -0.088343      -2.404      -55.44

  Surface area of cavity [au]  =           527.810
  Total Volume of cavity [au]  =           945.094


$screening_charge
  cosmo           =   -1.02186
  corrected total =   -0.99958


$segment information
    n  atom        position (X, Y, Z) [au]            charge       area [au]   charge/area    potential [au]

    1    1    -3.32909    -0.04081     3.52597     -0.00002045    0.66359074   -0.00003082    0.14574617
    2    1    -6.04013    -1.69378     2.93217     -0.00025879    1.16128380   -0.00022285    0.14272398
    3    1    -6.45320     1.40177     2.44999     -0.00063776    0.99538612   -0.00064072    0.14254242
    4    1    -5.90178    -0.80641    -3.50111     -0.00074596    1.32718149   -0.00056206    0.13669275
    5    1    -6.77670    -0.83993    -2.91302     -0.00118894    1.16128380   -0.00102381    0.14194379
    6    1    -7.02288     1.56229    -1.91736     -0.00003671    0.33179537   -0.00011064    0.15140130
    7    1    -7.00986     1.39942     1.85174     -0.00106742    0.66359074   -0.00160856    0.14810646
    8    1    -6.77409    -1.36655     2.52374     -0.00109595    0.99538612   -0.00110103    0.14554882
    9    1    -6.96261    -2.91006    -0.75923     -0.00020855    0.33179537   -0.00062856    0.15824122
   10    1    -6.73093    -2.28198     1.99000     -0.00077089    0.66359074   -0.00116169    0.15081487
   11    1    -6.15846    -0.62455     3.14746     -0.00068120    1.16128380   -0.00058659    0.13953496
   12    1    -6.20599     0.69034     2.97237     -0.00038339    0.82948843   -0.00046220    0.13924000
   13    1    -6.81188     1.17816    -2.49534     -0.00078300    0.66359074   -0.00117994    0.14586899
   14    1    -6.27092     0.41850    -3.24847     -0.00060255    1.16128380   -0.00051886    0.13886155
   15    1    -6.14628    -2.02057    -2.93602     -0.00057041    1.32718149   -0.00042979    0.14057714
   16    1    -6.75474    -2.67872    -1.73972     -0.00059333    0.66359074   -0.00089412    0.15085655
   17    1    -5.16922    -0.82574     3.51935     -0.00052681    1.16128380   -0.00045364    0.13902896
   18    1    -4.23319    -0.29621     3.65887      0.00000577    0.82948843    0.00000695    0.14022766
   19    1    -4.31378     0.43576     3.58244      0.00000696    0.82948843    0.00000839    0.13965583
   20    1    -5.52785     1.26896     3.07437     -0.00011812    0.82948843   -0.00014241    0.13931749
   21    1    -4.89308    -0.23889    -3.84921     -0.00055798    1.49307918   -0.00037371    0.13600375
   22    1    -5.02816    -1.53317    -3.62197     -0.00058943    1.49307918   -0.00039477    0.13711374
   23    1    -6.83984     0.38420    -2.81292     -0.00070684    0.82948843   -0.00085214    0.14323287
   24    1    -6.97796     2.00027     1.15725      0.00021938    0.49769306    0.00044080    0.15261239
   25    1    -6.77026     0.11619     2.69206     -0.00114769    1.16128380   -0.00098830    0.14256962
   26    1    -6.88977    -2.65442     1.31207      0.00059923    0.33179537    0.00180601    0.15617364
   27    1    -6.76451    -2.06232    -2.37849     -0.00083494    0.82948843   -0.00100657    0.14566449
   28    1    -3.72049    -0.72129    -3.83603      0.00029828    1.65897686    0.00017980    0.13957510
   29    1    -5.29923     0.34908     3.45788     -0.00068597    1.32718149   -0.00051686    0.13789362
   30    1    -5.39843     0.50598    -3.63525     -0.00017190    0.82948843   -0.00020723    0.13693932
   31    2    -2.47225     1.55806     3.37341      0.00007983    0.33179537    0.00024060    0.14841328
   32    2    -5.33564     3.03358     2.47105     -0.00043237    1.16128380   -0.00037232    0.14106866
   33    2    -2.76893     4.84426     2.12609     -0.00051405    0.99538612   -0.00051643    0.14765890
   34    2    -3.91796     3.01491    -3.86799     -0.00042250    1.32718149   -0.00031835    0.13629518
   35    2    -4.41124     3.79662    -3.36000     -0.00092167    1.16128380   -0.00079367    0.14176644
   36    2    -2.50656     5.20437    -2.25861     -0.00022475    0.33179537   -0.00067736    0.15697270
   37    2    -2.80075     5.37726     1.32453     -0.00079072    0.99538612   -0.00079439    0.15495287
   38    2    -5.35706     3.81357     2.01967     -0.00076093    0.99538612   -0.00076446    0.14469893
   39    2    -6.57064     3.06658    -1.12242     -0.00102843    0.49769306   -0.00206639    0.15761208
   40    2    -6.09295     3.31395     1.44210     -0.00043523    0.66359074   -0.00065588    0.14926836
   41    2    -4.47167     3.65656     2.73384     -0.00038714    1.16128380   -0.00033337    0.13925654
   42    2    -3.32391     4.31478     2.62787     -0.00029394    0.82948843   -0.00035437    0.14216662
   43    2    -2.69309     4.80773    -2.83656     -0.00075132    0.66359074   -0.00113221    0.15022550
   44    2    -2.97029     3.82739    -3.64202     -0.00024888    1.49307918   -0.00016669    0.14061839
   45    2    -5.14432     2.52975    -3.42719     -0.00045598    1.32718149   -0.00034357    0.13849821
   46    2    -6.12001     2.96127    -2.29202     -0.00044131    0.66359074   -0.00066503    0.14901220
   47    2    -4.32962     2.55985     3.16531      0.00016923    1.32718149    0.00012751    0.13837785
   48    2    -3.21852     1.94082     3.43557      0.00012831    0.82948843    0.00015469    0.14177504
   49    2    -2.60694     2.51817     3.37926      0.00006252    0.66359074    0.00009421    0.14379808
   50    2    -2.71095     3.74861     2.99167      0.00019035    1.16128380    0.00016392    0.14288428
   51    2    -2.82861     2.48229    -4.08087     -0.00011443    1.82487455   -0.00006271    0.13774375
   52    2    -4.13449     1.89605    -3.95311      0.00008476    1.49307918    0.00005677    0.13561406
   53    2    -3.37505     4.43906    -3.19854     -0.00047586    0.82948843   -0.00057368    0.14524493
   54    2    -4.06838     4.52352     2.26896     -0.00083161    1.16128380   -0.00071611    0.14398739
   55    2    -6.43423     3.24278     0.73359     -0.00058994    0.33179537   -0.00177801    0.15471004
   56    2    -5.46597     3.21577    -2.95935     -0.00072088    0.99538612   -0.00072422    0.14360041
   57    2    -2.78764     1.12284    -4.00906      0.00032364    1.65897686    0.00019508    0.14053191
   58    2    -3.46482     3.08347     3.25343     -0.00024484    1.32718149   -0.00018448    0.13919504
   59    3    -0.72312     1.41273     3.38427     -0.00072945    0.66359074   -0.00109924    0.16347393
   60    3    -0.79821     4.70466     2.32964     -0.00043583    1.16128380   -0.00037530    0.15438559
   61    3     0.36612     3.25701    -3.82365     -0.00112549    1.16128380   -0.00096918    0.15019717
   62    3     0.38393     4.16821    -3.35358     -0.00160093    1.16128380   -0.00137858    0.15261328
   63    3    -0.23790     5.15515     1.81363     -0.00088621    0.66359074   -0.00133548    0.15954779
   64    3    -1.06667     5.56224    -1.54925     -0.00171930    0.82948843   -0.00207272    0.16522939
   65    3    -0.53883     0.56327    -3.80254     -0.00078825    0.66359074   -0.00118785    0.15937135
   66    3    -0.82534     5.49742     1.15488     -0.00161501    0.82948843   -0.00194700    0.16158658
   67    3     0.07741     4.17775     2.75417     -0.00084168    0.99538612   -0.00084559    0.15719862
   68    3     1.22539     2.86694    -3.63553     -0.00145204    1.16128380   -0.00125038    0.15605876
   69    3    -0.68421     4.01785    -3.54124     -0.00103687    1.16128380   -0.00089287    0.14823634
   70    3    -0.90543     4.85161    -2.81213     -0.00038214    0.66359074   -0.00057586    0.15427184
   71    3    -0.77548     3.59591     3.09913     -0.00091871    1.49307918   -0.00061531    0.15335190
   72    3    -0.75484     2.43754     3.41474     -0.00024067    1.16128380   -0.00020724    0.15690863
   73    3     0.04379     1.65520     3.40315     -0.00101016    0.99538612   -0.00101484    0.16777071
   74    3     0.26627     1.15368    -3.93831     -0.00091330    0.66359074   -0.00137629    0.15932578
   75    3     0.50766     2.02997    -3.99487     -0.00201980    1.49307918   -0.00135277    0.15501628
   76    3    -0.69800     2.77665    -4.02552     -0.00058783    1.65897686   -0.00035433    0.14685482
   77    3     1.56569     3.60401    -3.14885     -0.00185337    0.82948843   -0.00223436    0.15768345
   78    3     0.46090     4.63555     2.28316     -0.00122253    0.82948843   -0.00147383    0.16048177
   79    3    -1.07073     5.75832    -0.06867     -0.00069075    0.33179537   -0.00208187    0.16767264
   80    3    -0.34606     4.96923    -2.72350     -0.00082731    0.82948843   -0.00099737    0.15701278
   81    3    -0.72141     1.39246    -4.03798     -0.00099256    1.32718149   -0.00074787    0.15181555
   82    3     0.31353     2.92906     3.27442     -0.00210144    1.65897686   -0.00126671    0.16316401
   83    4    -2.39068    -1.97549    -3.60476      0.00005769    0.49769306    0.00011592    0.14692253
   84    4    -5.06481    -3.75523    -2.72714     -0.00049690    1.16128380   -0.00042788    0.14218885
   85    4    -2.37721    -5.37516    -2.35540     -0.00055455    0.99538612   -0.00055713    0.15136220
   86    4    -3.70921    -3.62400     3.62414     -0.00045538    1.32718149   -0.00034312    0.14227082
   87    4    -4.14015    -4.44011     3.11356     -0.00094253    1.16128380   -0.00081163    0.14751897
   88    4    -2.12892    -5.70833     2.03224     -0.00033321    0.33179537   -0.00100426    0.16627908
   89    4    -2.37764    -5.90778    -1.55297     -0.00076965    0.99538612   -0.00077322    0.16004260
   90    4    -5.03388    -4.53400    -2.27422     -0.00082373    0.99538612   -0.00082755    0.14662332
   91    4    -6.32644    -3.87161     0.85533     -0.00105150    0.49769306   -0.00211275    0.16062248
   92    4    -5.80910    -4.08793    -1.70430     -0.00043929    0.66359074   -0.00066199    0.15097776
   93    4    -4.15576    -4.31457    -2.98087     -0.00042764    1.16128380   -0.00036825    0.14071398
   94    4    -2.96445    -4.88797    -2.86327     -0.00030061    0.82948843   -0.00036240    0.14442149
   95    4    -2.34881    -5.32528     2.60762     -0.00076969    0.66359074   -0.00115989    0.15901115
   96    4    -2.70333    -4.36624     3.40840     -0.00022304    1.49307918   -0.00014938    0.14829465
   97    4    -4.96340    -3.22942     3.17141     -0.00051669    1.32718149   -0.00038931    0.14302237
   98    4    -5.89513    -3.73214     2.02862     -0.00045300    0.66359074   -0.00068265    0.15276769
   99    4    -4.08943    -3.21116    -3.41353      0.00007066    1.32718149    0.00005324    0.13866557
  100    4    -3.02357    -2.51390    -3.67534      0.00008560    0.82948843    0.00010320    0.14102243
  101    4    -2.37241    -3.04546    -3.61233      0.00007867    0.66359074    0.00011856    0.14348857
  102    4    -2.39074    -4.27958    -3.22290      0.00022324    1.16128380    0.00019223    0.14435754
  103    4    -2.66313    -3.01371     3.84545     -0.00009268    1.82487455   -0.00005079    0.14471939
  104    4    -4.00675    -2.52357     3.70482      0.00010072    1.49307918    0.00006746    0.14069597
  105    4    -3.05884    -5.00626     2.96272     -0.00046890    0.82948843   -0.00056529    0.15257547
  106    4    -3.69509    -5.14938    -2.51049     -0.00088167    1.16128380   -0.00075922    0.14653159
  107    4    -6.16098    -4.04047    -0.99900     -0.00061154    0.33179537   -0.00184313    0.15671369
  108    4    -5.23043    -3.93764     2.70229     -0.00071875    0.99538612   -0.00072209    0.14799117
  109    4    -2.71984    -1.65498     3.77094      0.00031015    1.65897686    0.00018695    0.14627151
  110    4    -3.18831    -3.67106    -3.49283     -0.00027984    1.32718149   -0.00021085    0.13973646
  111    5    -0.54118    -1.78006    -3.60505     -0.00079044    0.66359074   -0.00119116    0.16129867
  112    5    -0.43511    -5.07200    -2.55312     -0.00039103    1.16128380   -0.00033672    0.15968651
  113    5     0.43855    -3.51479     3.65602     -0.00095563    0.99538612   -0.00096006    0.16594823
  114    5     1.00264    -4.30419     3.12415     -0.00215242    1.32718149   -0.00162180    0.17514009
  115    5     0.19973    -5.42111    -2.11057     -0.00112428    0.82948843   -0.00135539    0.16753330
  116    5    -0.66983    -5.96293     1.29939     -0.00176190    0.66359074   -0.00265510    0.17958886
  117    5    -0.53517    -0.93132     3.58420     -0.00079404    0.66359074   -0.00119658    0.16702558
  118    5    -0.40315    -5.82212    -1.48207     -0.00138537    0.66359074   -0.00208769    0.17007572
  119    5     0.45902    -4.54801    -2.91309     -0.00115857    1.16128380   -0.00099767    0.16232766
  120    5     1.54606    -4.01543    -2.79005     -0.00184224    1.16128380   -0.00158638    0.17341952
  121    5     1.37853    -3.25176     3.41190     -0.00140203    1.16128380   -0.00120731    0.17724203
  122    5    -0.31258    -4.41080     3.31128     -0.00150555    1.49307918   -0.00100835    0.16292227
  123    5    -0.62366    -5.23257     2.58590     -0.00033184    0.66359074   -0.00050006    0.16838182
  124    5    -0.46611    -3.96281    -3.32169     -0.00099283    1.49307918   -0.00066496    0.15520274
  125    5    -0.51017    -2.80486    -3.63646     -0.00031543    1.16128380   -0.00027162    0.15632300
  126    5     0.30804    -2.17184    -3.61783     -0.00145352    0.99538612   -0.00146026    0.16523568
  127    5     0.42104    -1.46497     3.71173     -0.00089665    0.82948843   -0.00108097    0.17169010
  128    5     0.59475    -2.33218     3.79443     -0.00191788    1.49307918   -0.00128451    0.16939614
  129    5    -0.50855    -3.17400     3.80288     -0.00047710    1.49307918   -0.00031954    0.15883642
  130    5     1.21239    -4.77251    -2.43593     -0.00136921    0.82948843   -0.00165067    0.17226899
  131    5    -0.55070    -6.06746    -0.74616     -0.00043822    0.33179537   -0.00132075    0.17631902
  132    5    -0.05672    -5.31595     2.50711     -0.00077536    0.82948843   -0.00093474    0.17337045
  133    5    -0.60392    -1.82931     3.83251     -0.00081232    1.16128380   -0.00069950    0.16109865
  134    5     0.60292    -3.29750    -3.45676     -0.00194028    1.49307918   -0.00129952    0.16341934
  135    6     1.11482    -0.37419    -3.54100     -0.00022862    0.13889369   -0.00164599    0.17558136
  136    6     0.72792     0.11818     3.34699     -0.00006859    0.13889369   -0.00049382    0.18001398
  137    6     1.34660     0.65653     3.24410     -0.00039323    0.13889369   -0.00283115    0.18706563
  138    6     1.20854     0.21080     3.33257     -0.00058863    0.41668107   -0.00141266    0.18440250
  139    6     0.79608    -0.60640    -3.51965     -0.00017941    0.13889369   -0.00129171    0.17401961
  140    7     7.41234    -1.13612    -0.71552     -0.00145825    1.16128380   -0.00125572    0.14504773
  141    7     4.83076    -3.60392    -1.06054     -0.00141454    0.99538612   -0.00142109    0.17768052
  142    7     3.57467    -0.33272     3.56129     -0.00085881    0.49769306   -0.00172558    0.20114800
  143    7     2.97419    -0.07364     3.48217     -0.00118099    0.49769306   -0.00237293    0.20006402
  144    7     4.85343    -3.28069    -1.89673     -0.00153248    0.99538612   -0.00153958    0.17438370
  145    7     7.04202    -1.28959    -1.75993     -0.00229329    1.32718149   -0.00172794    0.14984888
  146    7     5.13295     1.75193    -3.24605     -0.00020419    0.16589769   -0.00123083    0.14247519
  147    7     3.22498     1.40350    -3.63119     -0.00030143    0.16589769   -0.00181694    0.16692435
  148    7     6.80272    -0.37447     2.10649     -0.00052926    0.33179537   -0.00159513    0.17102049
  149    7     3.51088     2.04595    -3.32030     -0.00042637    0.16589769   -0.00257009    0.15712576
  150    7     7.41371    -0.14328    -1.38317     -0.00120216    1.32718149   -0.00090580    0.13418763
  151    7     6.87499    -2.13687    -1.02741     -0.00136130    1.16128380   -0.00117224    0.15434605
  152    7     5.78513    -3.22024    -0.89227     -0.00141444    1.16128380   -0.00121800    0.16755402
  153    7     7.58099    -0.42773     0.01080     -0.00099584    1.49307918   -0.00066697    0.13884867
  154    7     7.21052    -1.66941     0.29435     -0.00272201    1.49307918   -0.00182309    0.15650729
  155    7     3.09626    -0.75499     3.44328     -0.00056037    0.16589769   -0.00337781    0.19915101
  156    7     6.20179    -2.66814    -1.56133     -0.00115995    0.99538612   -0.00116532    0.16091217
  157    7     6.99538     0.35192    -2.21528     -0.00121859    0.82948843   -0.00146909    0.13528336
  158    7     3.96207     1.82347    -3.47192     -0.00098061    0.49769306   -0.00197031    0.15507601
  159    7     7.24203    -0.72738     1.27215     -0.00139844    0.99538612   -0.00140492    0.15658716
  160    7     6.63984    -2.58300    -0.32082     -0.00111842    0.82948843   -0.00134833    0.16207073
  161    8     7.23349     3.18628    -1.61526      0.00422920    1.22697929    0.00344684    0.07890442
  162    8     4.60927     5.02661    -1.46990      0.00417919    1.10428136    0.00378453    0.09219727
  163    8     6.68076     4.81878     1.14732      0.00006019    0.98158343    0.00006132    0.11761529
  164    8     3.59966     4.88210     1.94384      0.00020466    0.49079171    0.00041700    0.14935202
  165    8     7.81574     1.79845     1.33722      0.00124725    0.61348964    0.00203305    0.12121900
  166    8     5.41689     2.97897    -2.79399      0.00127374    0.73618757    0.00173018    0.10614559
  167    8     6.43041     2.86813    -2.41837      0.00340095    1.22697929    0.00277180    0.09205308
  168    8     4.41050     3.46717    -2.69679      0.00164891    0.85888550    0.00191982    0.11289824
  169    8     4.56355     4.30299    -2.24423      0.00331078    1.10428136    0.00299814    0.09747341
  170    8     6.53990     4.06813    -1.77109      0.00436919    1.34967722    0.00323721    0.07815246
  171    8     5.60061     4.69697    -1.73376      0.00381337    1.22697929    0.00310793    0.08265339
  172    8     7.31487     2.15798    -1.69520      0.00379998    1.22697929    0.00309702    0.09008751
  173    8     5.63712     5.25799     1.41226     -0.00081672    0.85888550   -0.00095091    0.12835513
  174    8     4.41541     5.29996     1.57164      0.00049723    0.85888550    0.00057892    0.13457777
  175    8     7.55231     1.11836     1.50215      0.00072459    0.49079171    0.00147636    0.13483143
  176    8     7.82895     2.82368     1.30641      0.00131686    0.98158343    0.00134157    0.11649175
  177    8     7.45308     3.89876     1.26410      0.00031161    1.10428136    0.00028218    0.11734328
  178    8     7.29933     4.02897    -0.79892      0.00415459    1.34967722    0.00307821    0.07881128
  179    8     7.19487     4.48600     0.25257      0.00246221    1.34967722    0.00182429    0.09378904
  180    8     6.13958     5.26895     0.30130      0.00214558    1.47237514    0.00145722    0.09957432
  181    8     5.37780     5.34669    -0.69642      0.00360404    1.34967722    0.00267030    0.08916575
  182    8     4.49057     5.52059    -0.17085      0.00315853    1.10428136    0.00286026    0.10153771
  183    8     4.06410     5.45266     0.82486      0.00154344    0.61348964    0.00251584    0.11946221
  184    8     7.86662     1.37882     0.64284      0.00218809    0.73618757    0.00297219    0.10993273
  185    8     8.01803     2.32483     0.49279      0.00286445    0.98158343    0.00291819    0.09760065
  186    8     7.83926     2.71333    -0.67857      0.00590702    1.59507307    0.00370329    0.08208598
  187    8     5.56650     3.75915    -2.48126      0.00329681    1.22697929    0.00268693    0.09077635
  188    8     6.45877     4.84170    -0.84443      0.00331227    1.22697929    0.00269953    0.08180744
  189    8     7.85322     1.64625    -0.46271      0.00417612    1.10428136    0.00378176    0.09421202
  190    8     5.07124     5.53164     0.72637      0.00134879    1.22697929    0.00109927    0.11192798
  191    8     7.80759     3.48170     0.27853      0.00353560    1.34967722    0.00261959    0.09137636
  192    9    -8.76464    -0.77900    -0.31448     -0.00468471    1.54201899   -0.00303804    0.15161168
  193    9    -8.02285    -1.49463     1.29759     -0.00344582    1.40183545   -0.00245808    0.15291240
  194    9    -7.93178    -2.17932    -0.71025     -0.00303979    1.26165190   -0.00240937    0.15477617
  195    9    -8.04194    -0.51689    -1.89569     -0.00297455    1.26165190   -0.00235766    0.15038108
  196    9    -8.10733     1.26473    -0.53031     -0.00304558    1.19156013   -0.00255596    0.15438846
  197    9    -8.06650     0.69590     1.24666     -0.00288650    1.26165190   -0.00228787    0.15195027
  198    9    -8.22676    -1.91303     0.32381     -0.00474768    1.75229431   -0.00270941    0.15389707
  199    9    -8.21220    -1.41366    -1.35514     -0.00402905    1.54201899   -0.00261284    0.15164629
  200    9    -8.61522     0.07366    -0.93553     -0.00410801    1.40183545   -0.00293045    0.15138693
  201    9    -8.38688     0.90478     0.28924     -0.00452521    1.61211077   -0.00280701    0.15266659
  202    9    -8.64664    -0.39118     0.73654     -0.00435915    1.47192722   -0.00296152    0.15138599
  203    9    -8.03083     0.68075    -1.54798     -0.00264767    1.12146836   -0.00236090    0.15225112
  204    9    -8.00286    -0.34585     1.68939     -0.00284930    1.26165190   -0.00225838    0.15103635
  205   10    -5.57722     5.70315    -0.51018     -0.00625212    1.96256963   -0.00318568    0.15352252
  206   10    -5.94655     4.78721     0.68573     -0.00330630    1.40183545   -0.00235855    0.15336671
  207   10    -6.30848     4.29524    -1.38004     -0.00286090    1.19156013   -0.00240097    0.15448444
  208   10    -4.81013     5.13900    -2.41930     -0.00315473    1.33174368   -0.00236887    0.15188284
  209   10    -3.42968     6.09302    -0.97732     -0.00342234    1.26165190   -0.00271259    0.15870849
  210   10    -4.13788     5.81903     0.82232     -0.00342510    1.47192722   -0.00232695    0.15495070
  211   10    -6.36897     4.60669    -0.34343     -0.00430829    1.61211077   -0.00267245    0.15450733
  212   10    -5.73132     4.90884    -1.92297     -0.00457202    1.68220254   -0.00271788    0.15243336
  213   10    -4.77976     5.96483    -1.35256     -0.00464638    1.54201899   -0.00301318    0.15385176
  214   10    -3.94847     6.19100    -0.15720     -0.00468283    1.68220254   -0.00278375    0.15634086
  215   10    -5.14749     5.50072     0.83943     -0.00427480    1.61211077   -0.00265168    0.15293448
  216   10    -3.85523     5.70196    -2.01862     -0.00305967    1.26165190   -0.00242513    0.15526460
  217   11     1.59027     6.05912    -0.50545     -0.00552602    1.54201899   -0.00358362    0.15892002
  218   11     0.53004     5.99373     0.52940     -0.00292115    1.05137659   -0.00277841    0.16484908
  219   11     0.25482     6.04686    -1.27879     -0.00386590    1.26165190   -0.00306415    0.16374563
  220   11     1.63617     4.96858    -2.42080     -0.00337314    0.98128481   -0.00343748    0.15809139
  221   11     0.38547     6.19538    -0.32965     -0.00398845    1.26165190   -0.00316129    0.16423350
  222   11     0.76636     5.61745    -2.10254     -0.00340521    1.19156013   -0.00285778    0.16074670
  223   11     1.65726     5.72955    -1.62116     -0.00422740    1.26165190   -0.00335069    0.15728208
  224   11     1.30756     5.67861     0.93143     -0.00441752    1.33174368   -0.00331709    0.16349730
  225   12    -5.13963    -6.43036     0.25782     -0.00630147    1.96256963   -0.00321082    0.15750947
  226   12    -5.56340    -5.54543    -0.94337     -0.00335478    1.40183545   -0.00239314    0.15630231
  227   12    -5.97848    -5.07758     1.11800     -0.00287008    1.19156013   -0.00240868    0.15808541
  228   12    -4.43250    -5.80920     2.17238     -0.00316982    1.33174368   -0.00238020    0.15730676
  229   12    -2.97383    -6.66330     0.74483     -0.00350967    1.26165190   -0.00278181    0.16540628
  230   12    -3.68377    -6.44408    -1.06162     -0.00345368    1.47192722   -0.00234636    0.15929516
  231   12    -6.00700    -5.39425     0.08160     -0.00434880    1.61211077   -0.00269758    0.15769596
  232   12    -5.36341    -5.64700     1.66740     -0.00458897    1.68220254   -0.00272796    0.15677005
  233   12    -4.33296    -6.63239     1.10781     -0.00468877    1.54201899   -0.00304067    0.15896866
  234   12    -3.47679    -6.79983    -0.07963     -0.00468546    1.68220254   -0.00278532    0.16165380
  235   12    -4.71354    -6.19959    -1.08838     -0.00432884    1.61211077   -0.00268520    0.15643043
  236   12    -3.43586    -6.30234     1.78144     -0.00303843    1.26165190   -0.00240830    0.16177604
  237   13     2.01707    -6.26776     0.38195     -0.00631426    1.75229431   -0.00360342    0.18346255
  238   13     0.93854    -6.28293    -0.72996     -0.00295801    1.05137659   -0.00281346    0.17990943
  239   13     0.62117    -6.26433     1.29791     -0.00361403    1.19156013   -0.00303303    0.18142838
  240   13     2.00030    -5.17586     2.21491     -0.00366150    1.12146836   -0.00326492    0.18738381
  241   13     2.45774    -5.26144    -1.23678     -0.00387568    1.12146836   -0.00345590    0.18756242
  242   13     0.77480    -6.49778     0.22824     -0.00507561    1.54201899   -0.00329153    0.18077739
  243   13     1.45332    -5.95568     1.76337     -0.00549692    1.68220254   -0.00326769    0.18277833
  244   13     2.64615    -5.57285     1.23567     -0.00541399    1.40183545   -0.00386207    0.18930451
  245   13     2.86171    -5.54153    -0.16863     -0.00556309    1.47192722   -0.00377946    0.18950356
  246   13     1.75750    -5.91689    -1.09309     -0.00461487    1.47192722   -0.00313526    0.18186211
  247   14     4.77724    -1.34236    -4.43510     -0.00388900    1.33174368   -0.00292023    0.16295476
  248   14     5.47576     0.66195    -3.95232     -0.00330426    1.12146836   -0.00294637    0.15239149
  249   14     3.49330     0.12309    -4.35995     -0.00365189    1.19156013   -0.00306480    0.16813586
  250   14     3.76499    -1.78957    -4.19875     -0.00323419    1.19156013   -0.00271424    0.17138651
  251   14     5.14886    -2.60286    -3.23243     -0.00282703    1.19156013   -0.00237254    0.16801814
  252   14     6.42092    -1.07412    -3.33155     -0.00323300    1.26165190   -0.00256252    0.15515768
  253   14     4.65304    -0.18491    -4.55877     -0.00374266    1.33174368   -0.00281034    0.16012402
  254   14     3.36622    -0.92002    -4.38171     -0.00435072    1.47192722   -0.00295580    0.17124933
  255   14     4.23696    -2.51144    -3.63375     -0.00399575    1.33174368   -0.00300039    0.17281437
  256   14     5.56260    -1.74840    -3.90941     -0.00381289    1.33174368   -0.00286308    0.16086850
  257   14     5.71776    -0.44831    -4.17587     -0.00385800    1.33174368   -0.00289696    0.15546072
  258   14     4.39994     0.80266    -4.19828     -0.00267155    1.12146836   -0.00238219    0.15955351
  259   14     6.09272    -2.03735    -3.00489     -0.00220678    0.98128481   -0.00224887    0.16111257
  260   14     6.34686    -0.01812    -3.44738     -0.00249974    1.05137659   -0.00237759    0.15052607
  261   15     5.54495    -2.82114     2.90567     -0.00432088    1.47192722   -0.00293552    0.18064640
  262   15     5.03355    -1.64132     3.49370     -0.00350088    1.26165190   -0.00277484    0.18878996
  263   15     6.54688    -2.09316     2.28944     -0.00334770    1.19156013   -0.00280951    0.17468502
  264   15     5.88414    -3.52053     0.76201     -0.00321521    1.26165190   -0.00254841    0.17634439
  265   15     4.43503    -2.65576     3.29644     -0.00377556    1.19156013   -0.00316859    0.18861392
  266   15     6.03554    -1.64820     2.99211     -0.00318715    1.19156013   -0.00267477    0.18147040
  267   15     6.09292    -3.16033     1.98636     -0.00371453    1.26165190   -0.00294418    0.17585499
  268   15     5.26845    -3.84480     1.42105     -0.00440816    1.40183545   -0.00314456    0.18262427
  269   15     4.66855    -3.50934     2.56641     -0.00499331    1.40183545   -0.00356198    0.18749022
  270   15     4.00869    -1.88884     3.49480     -0.00254599    0.84110127   -0.00302697    0.19395506
  271   15     6.67495    -2.59347     1.33519     -0.00238445    1.05137659   -0.00226794    0.17120006
  272   16     5.42886     2.80368     4.56645     -0.00894575    1.61211077   -0.00554909    0.19469261
  273   16     4.16417     4.43383     3.39267     -0.00879308    1.89247786   -0.00464633    0.18111051
  274   16     6.63567     4.17310     3.01321     -0.00778169    1.61211077   -0.00482702    0.16851372
  275   16     7.26481     2.00602     3.09622     -0.00660719    1.54201899   -0.00428477    0.17339046
  276   16     5.36035     1.30805     4.28150     -0.00880123    1.40183545   -0.00627836    0.20423312
  277   16     3.73214     2.22964     4.21328     -0.00696712    1.19156013   -0.00584706    0.20504611
  278   16     5.43456     3.98245     4.08127     -0.01077232    1.96256963   -0.00548888    0.18555251
  279   16     6.60897     3.15135     3.94216     -0.00823438    1.54201899   -0.00534000    0.18234801
  280   16     6.33873     2.03752     4.19657     -0.00660946    1.26165190   -0.00523873    0.19149622
  281   16     4.57039     1.97339     4.50835     -0.00754663    1.33174368   -0.00566673    0.20410641
  282   16     3.96081     3.39500     4.17156     -0.01028081    1.96256963   -0.00523845    0.19462742
  283   16     5.48915     4.74258     3.06783     -0.00738123    1.61211077   -0.00457861    0.17202837
  284   16     7.26933     3.14112     2.99524     -0.00568638    1.33174368   -0.00426988    0.16720869
  285   16     6.61397     1.23518     3.56481     -0.00692187    1.26165190   -0.00548635    0.19013211
  286    1    -2.50406    -0.58357    -3.45883     -0.00027909    0.16064700   -0.00173732    0.15218742
  287    2    -2.30850    -0.19404    -3.45966     -0.00026266    0.16064700   -0.00163500    0.15374166
  288    4    -2.28109    -0.95202    -3.38610     -0.00018195    0.16064700   -0.00113262    0.15409549
  289    1    -2.34653     0.07722     3.16474     -0.00062019    0.34057951   -0.00182099    0.15851936
  290    2    -2.14251     0.46169     3.10995     -0.00057232    0.34057951   -0.00168044    0.16004706
  291    5    -1.67794    -0.28149     3.14698     -0.00078810    0.34057951   -0.00231400    0.16571694
  292    2    -2.70101     0.34256    -3.72738     -0.00029763    0.62259719   -0.00047804    0.14583270
  293    2    -4.32619     1.22393    -3.69675     -0.00109319    1.26549733   -0.00086384    0.14000744
  294    2    -5.97857     2.22739    -2.53083     -0.00237914    1.26549733   -0.00188000    0.14961950
  295    2    -6.62630     2.77541    -0.43876     -0.00363344    1.26549733   -0.00287116    0.16278211
  296    2    -6.00574     2.64491     1.72792     -0.00234269    1.26549733   -0.00185120    0.15068184
  297    2    -4.36947     1.88903     3.08730     -0.00112667    1.26549733   -0.00089030    0.14245789
  298    2    -2.74590     1.03240     3.30904     -0.00032369    0.62259719   -0.00051991    0.14962131
  299    1    -3.62008     0.12883    -3.71081     -0.00102940    1.26549733   -0.00081343    0.14263057
  300    1    -5.53873     1.21240    -3.21959     -0.00173609    1.26549733   -0.00137186    0.14311737
  301    1    -6.75218     2.03090    -1.50080     -0.00349357    1.26549733   -0.00276063    0.15844405
  302    1    -6.76651     2.25117     0.74596     -0.00365041    1.26549733   -0.00288457    0.15894513
  303    1    -5.57589     1.78355     2.60618     -0.00171185    1.26549733   -0.00135271    0.14477516
  304    1    -3.66494     0.81838     3.32268     -0.00106094    1.26549733   -0.00083836    0.14569031
  305    1    -2.34510    -0.31823     3.23828     -0.00026793    0.15968223   -0.00167791    0.15754967
  306    4    -2.10314    -0.67475     3.30978     -0.00028905    0.15968223   -0.00181013    0.15866417
  307    5    -1.67218    -0.66503     3.27751     -0.00038222    0.15968223   -0.00239362    0.16344096
  308    4    -2.69151    -0.89369     3.50003     -0.00032062    0.62290980   -0.00051471    0.15057229
  309    4    -4.24636    -1.88821     3.44923     -0.00119002    1.26592169   -0.00094004    0.14442372
  310    4    -5.80958    -3.00067     2.26535     -0.00241164    1.26592169   -0.00190505    0.15315353
  311    4    -6.39832    -3.58374     0.16863     -0.00363661    1.26592169   -0.00287269    0.16514062
  312    4    -5.77361    -3.40074    -1.98985     -0.00236698    1.26592169   -0.00186977    0.15190417
  313    4    -4.18902    -2.52595    -3.33395     -0.00113994    1.26592169   -0.00090048    0.14226172
  314    4    -2.63197    -1.55588    -3.54316     -0.00035809    0.62290980   -0.00057487    0.14771103
  315    1    -3.62318    -0.74498     3.47510     -0.00107867    1.26592169   -0.00085208    0.14647092
  316    1    -5.45163    -1.95964     2.96114     -0.00178602    1.26592169   -0.00141084    0.14652505
  317    1    -6.58674    -2.85400     1.23070     -0.00389765    1.26592169   -0.00307890    0.16092845
  318    1    -6.56777    -3.06503    -1.01383     -0.00334702    1.26592169   -0.00264394    0.16025909
  319    1    -5.40241    -2.50706    -2.86137     -0.00175194    1.26592169   -0.00138392    0.14487691
  320    1    -3.56369    -1.40659    -3.56200     -0.00108643    1.26592169   -0.00085821    0.14379357
  321    5    -1.46167    -0.59615     3.37127     -0.00005083    0.02793188   -0.00181986    0.16339271
  322    1    -2.42389    -0.10676     3.31773      0.00002558    0.02793188    0.00091590    0.15517648
  323    9    -7.58704     1.71886     0.01729     -0.00083390    0.23087669   -0.00361189    0.15860161
  324    9    -7.57618     1.46385    -1.02765     -0.00184142    0.50987146   -0.00361153    0.15935797
  325    9    -7.54190     0.56975    -1.97543     -0.00171199    0.50987146   -0.00335769    0.15451209
  326    9    -7.49437    -0.71034    -2.21628     -0.00160230    0.50987146   -0.00314255    0.15268163
  327    9    -7.45176    -1.88746    -1.65819     -0.00185567    0.50987146   -0.00363949    0.15588631
  328    9    -7.43033    -2.51199    -0.51434     -0.00167972    0.50987146   -0.00329439    0.16093307
  329    9    -7.43827    -2.34539     0.77835     -0.00195525    0.50987146   -0.00383479    0.16072456
  330    9    -7.47255    -1.45128     1.72613     -0.00161191    0.50987146   -0.00316141    0.15569522
  331    9    -7.52008    -0.17120     1.96698     -0.00149530    0.50987146   -0.00293271    0.15336748
  332    9    -7.56269     1.00592     1.40889     -0.00157914    0.50987146   -0.00309714    0.15555404
  333    9    -7.58421     1.62288     0.52801     -0.00087985    0.23087669   -0.00381092    0.15753021
  334    1    -7.26737     1.90932    -0.42606     -0.00194323    0.50506100   -0.00384751    0.16159270
  335    1    -7.24254     1.28554    -1.74362     -0.00154560    0.50506100   -0.00306022    0.15582090
  336    1    -7.19443     0.00696    -2.44262     -0.00151628    0.50506100   -0.00300217    0.15061884
  337    1    -7.14142    -1.43805    -2.25606     -0.00153754    0.50506100   -0.00304426    0.15138491
  338    1    -7.10376    -2.49755    -1.25520     -0.00145475    0.50506100   -0.00288035    0.15805172
  339    1    -7.09583    -2.76684     0.17767     -0.00198740    0.50506100   -0.00393498    0.16315590
  340    1    -7.12066    -2.14307     1.49523     -0.00157016    0.50506100   -0.00310886    0.15751842
  341    1    -7.16877    -0.86449     2.19422     -0.00151785    0.50506100   -0.00300528    0.15189229
  342    1    -7.22178     0.58052     2.00766     -0.00150162    0.50506100   -0.00297314    0.15161002
  343    1    -7.25944     1.64002     1.00680     -0.00163148    0.50506100   -0.00323027    0.15716485
  344    2    -1.98918     0.00502    -3.44835     -0.00058724    0.34049238   -0.00172467    0.15649963
  345    3    -1.55371     0.02008    -3.42906     -0.00077205    0.34049238   -0.00226746    0.16063767
  346    4    -1.96981    -0.74628    -3.31721     -0.00078812    0.34049238   -0.00231466    0.15916932
  347    2    -1.80953     0.66542     3.09333     -0.00060195    0.33263518   -0.00180963    0.16259144
  348    3    -1.37415     0.67171     3.11541     -0.00091365    0.33263518   -0.00274670    0.16685253
  349    5    -1.33979    -0.07436     3.13169     -0.00103102    0.33263518   -0.00309956    0.16895871
  350    2    -2.24107     5.55269    -1.33400     -0.00018675    0.03054325   -0.00611417    0.16425874
  351    3    -1.80992     5.52201    -1.32012     -0.00019471    0.03054325   -0.00637486    0.16564468
  352   10    -2.51840     5.63373    -1.28752     -0.00025265    0.03054325   -0.00827173    0.16482088
  353    2    -2.24879     5.68029    -0.06120     -0.00026577    0.03054325   -0.00870158    0.16598484
  354    3    -1.81755     5.64798    -0.06353     -0.00026033    0.03054325   -0.00852326    0.16653868
  355   10    -2.52545     5.75015    -0.12617     -0.00020267    0.03054325   -0.00663565    0.16558379
  356    3    -1.37261     0.82754    -3.76853     -0.00084272    0.67259799   -0.00125294    0.15409310
  357    3    -1.41420     2.82284    -3.75281     -0.00186932    1.37617492   -0.00135835    0.14920853
  358    3    -1.46171     4.84943    -2.41968     -0.00372305    1.37617492   -0.00270536    0.16153189
  359    2    -2.00884     1.57968    -3.82020     -0.00141203    1.37617492   -0.00102605    0.14779202
  360    2    -2.06021     3.94199    -3.26933     -0.00227392    1.37617492   -0.00165235    0.15061600
  361    2    -2.09478     5.32789    -1.83361     -0.00162117    0.67259799   -0.00241031    0.16254630
  362    3    -1.48829     5.57177     0.47823     -0.00180593    0.67395541   -0.00267960    0.16542012
  363    3    -1.47259     4.49486     2.16284     -0.00257454    1.37920332   -0.00186668    0.15727643
  364    3    -1.43055     2.28301     3.16926     -0.00192094    1.37920332   -0.00139279    0.15731156
  365    2    -2.10387     5.19283     1.15124     -0.00345737    1.37920332   -0.00250679    0.16262551
  366    2    -2.07473     3.46584     2.86108     -0.00160673    1.37920332   -0.00116497    0.15069687
  367    2    -2.03561     1.50876     3.26874     -0.00055816    0.67395541   -0.00082819    0.15384532
  368    5    -1.35291    -0.40570     3.34435     -0.00001416    0.00547382   -0.00258647    0.16457383
  369    2    -2.01930     0.64565     3.23622      0.00002222    0.00547382    0.00405945    0.15790603
  370   10    -2.91781     5.68535    -1.53620     -0.00085064    0.23411663   -0.00363339    0.16204550
  371   10    -3.52112     5.25027    -2.33475     -0.00172472    0.51878903   -0.00332452    0.15833214
  372   10    -4.59391     4.58367    -2.72333     -0.00159198    0.51878903   -0.00306865    0.15364645
  373   10    -5.69001     3.98920    -2.28586     -0.00188635    0.51878903   -0.00363606    0.15521632
  374   10    -6.37751     3.70110    -1.19473     -0.00167479    0.51878903   -0.00322827    0.15996534
  375   10    -6.38549     3.83291     0.12011     -0.00199265    0.51878903   -0.00384097    0.16027807
  376   10    -5.71081     4.33269     1.14053     -0.00165203    0.51878903   -0.00318439    0.15603844
  377   10    -4.61933     5.00349     1.46444     -0.00174574    0.51878903   -0.00336502    0.15511227
  378   10    -3.54115     5.58098     0.96420     -0.00154145    0.51878903   -0.00297126    0.15969853
  379   10    -2.92776     5.84962     0.10249     -0.00091509    0.23411663   -0.00390870    0.16335565
  380    2    -2.78721     5.33702    -1.98445     -0.00171011    0.51045800   -0.00335015    0.16197052
  381    2    -3.78822     4.66400    -2.83854     -0.00149858    0.51045800   -0.00293575    0.15276445
  382    2    -5.06568     3.92124    -2.80975     -0.00146998    0.51045800   -0.00287973    0.15074839
  383    2    -6.11622     3.40141    -1.90941     -0.00163543    0.51045800   -0.00320384    0.15624313
  384    2    -6.52585     3.30936    -0.49231     -0.00129279    0.51045800   -0.00253260    0.16174298
  385    2    -6.13317     3.68136     0.88314     -0.00166734    0.51045800   -0.00326635    0.15715671
  386    2    -5.09292     4.37082     1.67495     -0.00149021    0.51045800   -0.00291935    0.15220525
  387    2    -3.81499     5.10606     1.57109     -0.00141842    0.51045800   -0.00277872    0.15443751
  388    2    -2.80298     5.59736     0.61250     -0.00172755    0.51045800   -0.00338431    0.16340398
  389    3    -1.30659    -0.34911    -3.35460     -0.00111433    0.33175755   -0.00335887    0.16466931
  390    4    -1.72244    -1.12289    -3.32008     -0.00066998    0.33175755   -0.00201947    0.16011206
  391    5    -1.28876    -1.09575    -3.33881     -0.00081686    0.33175755   -0.00246222    0.16345654
  392    4    -1.93274    -1.11840    -3.46496      0.00000954    0.00761155    0.00125366    0.15538494
  393    3    -1.34222    -0.01889    -3.56778      0.00000745    0.00761155    0.00097834    0.15896796
  394    3    -0.08219    -0.13031    -3.51699     -0.00048156    0.15994357   -0.00301084    0.16887452
  395    5    -0.05641    -0.87244    -3.44326     -0.00055984    0.15994357   -0.00350023    0.17043507
  396    6     0.14593    -0.49144    -3.46174     -0.00057336    0.15994357   -0.00358478    0.17183755
  397    3    -0.16722     0.53628     3.23124     -0.00055353    0.15994357   -0.00346080    0.17457270
  398    5    -0.14144    -0.20586     3.30478     -0.00042865    0.15994357   -0.00267998    0.17469246
  399    6     0.06131     0.17189     3.25342     -0.00054433    0.15994357   -0.00340323    0.17694498
  400    5    -0.60464    -0.37173     3.40871     -0.00119690    0.79779320   -0.00150026    0.16964046
  401    3    -0.82092     0.67835     3.28474     -0.00121316    0.79779320   -0.00152064    0.16779798
  402    5    -0.72014    -1.06154    -3.50339     -0.00139823    0.83201652   -0.00168054    0.16444345
  403    3    -0.56937     0.00144    -3.62580     -0.00129803    0.83201652   -0.00156010    0.16360173
  404    3     1.18399     0.50939    -3.57355     -0.00104330    0.26449083   -0.00394457    0.17376692
  405    6     1.40321     0.13987    -3.53681     -0.00102899    0.26449083   -0.00389045    0.17697867
  406   14     2.13210     0.03959    -3.66860     -0.00134752    0.26449083   -0.00509476    0.17927659
  407    3     1.42645     1.60856     3.09479     -0.00135245    0.48615563   -0.00278194    0.18589305
  408    6     1.64361     1.23044     3.10123     -0.00171182    0.48615563   -0.00352114    0.19111742
  409   16     2.53462     1.73907     3.26966     -0.00258157    0.48615563   -0.00531016    0.19968634
  410    6     0.80182     0.74804     3.23374     -0.00141075    0.64374360   -0.00219148    0.18146918
  411    3     0.26541     1.14592     3.27427     -0.00116112    0.67413853   -0.00172238    0.17457353
  412    6     0.56462    -0.11944    -3.54785     -0.00113117    0.49042506   -0.00230650    0.17190030
  413    3     0.41207     0.49359    -3.69441     -0.00111497    0.51360077   -0.00217089    0.16709800
  414    3     2.54168     2.95012    -2.84423     -0.00143632    0.36365117   -0.00394972    0.15907326
  415    7     3.26465     2.62648    -2.87879     -0.00108377    0.36365117   -0.00298025    0.15283001
  416    8     3.44511     2.98891    -2.69189     -0.00049014    0.36365117   -0.00134783    0.14273090
  417    3     1.94706     1.43044    -3.54246     -0.00065861    0.09871764   -0.00667160    0.17055662
  418    7     2.65878     1.09846    -3.62375     -0.00054165    0.09871764   -0.00548687    0.17248493
  419   14     2.84381     0.89582    -3.73339     -0.00055961    0.09871764   -0.00566877    0.17325772
  420    7     2.81091     1.74624    -3.44317     -0.00404401    1.45338595   -0.00278248    0.16657020
  421    3     1.92500     2.50618    -3.35465     -0.00339154    1.45338595   -0.00233354    0.16259281
  422    3     2.18397     3.76418    -2.61182     -0.00095246    0.25833338   -0.00368695    0.15925811
  423    8     3.06628     3.74306    -2.36797     -0.00021453    0.25833338   -0.00083043    0.13857693
  424   11     2.26190     4.00761    -2.46455     -0.00085235    0.25833338   -0.00329943    0.15741631
  425    3     1.58615     4.56682     1.80577     -0.00087782    0.25833338   -0.00339801    0.16685669
  426    8     2.49951     4.50400     1.82018     -0.00005607    0.25833338   -0.00021705    0.15673940
  427   11     1.71067     4.74770     1.60881     -0.00073493    0.25833338   -0.00284488    0.16594952
  428    3     2.06005     4.26957     2.04899     -0.00035782    0.26178839   -0.00136683    0.16319933
  429    8     2.96078     4.34929     2.18155     -0.00007482    0.26178839   -0.00028580    0.16087636
  430   16     3.11298     4.24155     2.45229     -0.00061738    0.26178839   -0.00235834    0.16890400
  431    8     2.86629     4.53379     2.10212      0.00010956    0.06800625    0.00161110    0.15574904
  432    3     1.55418     4.56411     2.04245      0.00009834    0.07582397    0.00129701    0.16167228
  433    8     3.52305     3.42038    -2.65349      0.00043379    0.54271841    0.00079929    0.13149539
  434    3     2.23186     3.50739    -2.90349     -0.00063587    0.60508178   -0.00105089    0.15466310
  435   10    -2.67908     5.79789    -0.59737     -0.00292548    0.81702863   -0.00358063    0.16643940
  436    3    -1.61335     5.67827    -0.81187     -0.00289961    1.15263448   -0.00251564    0.16634953
  437   11     1.71556     4.30607    -2.66597     -0.00094298    0.23106402   -0.00408104    0.16084901
  438   11     0.81390     4.89868    -2.61082     -0.00211260    0.51115300   -0.00413301    0.16364344
  439   11    -0.07817     5.54591    -1.90499     -0.00217411    0.51115300   -0.00425335    0.16743317
  440   11    -0.41944     5.88216    -0.68707     -0.00236796    0.51115300   -0.00463258    0.17136141
  441   11    -0.07796     5.77742     0.57202     -0.00212185    0.51115300   -0.00415111    0.17033421
  442   11     0.81424     5.27219     1.38541     -0.00211253    0.51115300   -0.00413288    0.16940378
  443    3     1.18944     4.23920    -2.89797     -0.00185339    0.50457925   -0.00367314    0.16184663
  444    3     0.01846     5.03662    -2.52924     -0.00176479    0.50457925   -0.00349755    0.16323267
  445    3    -0.70727     5.61533    -1.39724     -0.00173158    0.50457925   -0.00343174    0.16975381
  446    3    -0.70715     5.75156     0.06031     -0.00210822    0.50457925   -0.00417818    0.17106379
  447    3     0.01879     5.39263     1.27982     -0.00187116    0.50457925   -0.00370835    0.16764558
  448    3     0.92484     4.85349     1.82711     -0.00102631    0.28007760   -0.00366438    0.16665478
  449   14     2.67632     0.30145    -3.94551     -0.00290800    0.99926966   -0.00291012    0.17441625
  450    3     1.40694     1.23101    -3.80458     -0.00232443    1.44448197   -0.00160918    0.16499249
  451   16     3.11067     4.06861     2.93587     -0.00259031    0.96266264   -0.00269078    0.17572468
  452   16     2.94775     2.84086     3.51936     -0.00861975    1.93389933   -0.00445719    0.19652320
  453    3     1.42295     3.68550     2.77879     -0.00331163    2.78017875   -0.00119116    0.16694628
  454    3     1.29564     2.21359     3.32901     -0.00147529    1.40732195   -0.00104830    0.17530305
  455    4    -1.81656    -6.05029     1.05158     -0.00022349    0.02752242   -0.00812036    0.17496781
  456    5    -1.39000    -5.98650     1.04200     -0.00018845    0.02752242   -0.00684731    0.17703777
  457   12    -2.08818    -6.14998     1.00799     -0.00020394    0.02752242   -0.00741007    0.17329598
  458    4    -1.80483    -6.16791    -0.10097     -0.00026860    0.02752242   -0.00975932    0.17474184
  459    5    -1.37842    -6.10263    -0.09589     -0.00026604    0.02752242   -0.00966626    0.17637990
  460   12    -2.07747    -6.25730    -0.04363     -0.00020352    0.02752242   -0.00739483    0.17377661
  461    5    -1.33413    -1.28180     3.55171     -0.00078662    0.67470971   -0.00116587    0.16071722
  462    5    -1.22184    -3.28427     3.51889     -0.00186986    1.38134250   -0.00135365    0.15935558
  463    5    -1.10277    -5.30184     2.15589     -0.00406967    1.38134250   -0.00294617    0.17467901
  464    4    -1.90947    -2.08490     3.59217     -0.00141175    1.38134250   -0.00102201    0.15493158
  465    4    -1.77446    -4.44964     3.01570     -0.00238971    1.38134250   -0.00172999    0.16083080
  466    4    -1.69110    -5.82185     1.55499     -0.00168448    0.67470971   -0.00249661    0.17332629
  467    5    -1.05069    -6.00918    -0.63879     -0.00193321    0.68039108   -0.00284132    0.17545153
  468    5    -1.10260    -4.94541    -2.35669     -0.00273496    1.39406944   -0.00196185    0.16250144
  469    5    -1.22257    -2.72103    -3.38911     -0.00198610    1.39406944   -0.00142468    0.15698487
  470    4    -1.68595    -5.68402    -1.33016     -0.00371936    1.39406944   -0.00266799    0.16987030
  471    4    -1.77465    -3.96093    -3.07694     -0.00166276    1.39406944   -0.00119274    0.15248864
  472    4    -1.88333    -1.98695    -3.49775     -0.00056892    0.68039108   -0.00083617    0.15229826
  473   12    -2.48009    -6.23241     1.25867     -0.00093018    0.23616384   -0.00393870    0.17076068
  474   12    -3.10914    -5.84409     2.07373     -0.00176095    0.52429839   -0.00335869    0.16580470
  475   12    -4.23268    -5.25276     2.47611     -0.00164853    0.52429839   -0.00314426    0.15952115
  476   12    -5.37789    -4.73231     2.03843     -0.00195622    0.52429839   -0.00373112    0.15967538
  477   12    -6.08562    -4.49139     0.93615     -0.00171177    0.52429839   -0.00326489    0.16331969
  478   12    -6.07214    -4.62661    -0.38880     -0.00205748    0.52429839   -0.00392426    0.16310348
  479   12    -5.34285    -5.08374    -1.40521     -0.00166854    0.52429839   -0.00318243    0.15858023
  480   12    -4.19013    -5.67951    -1.70560     -0.00176598    0.52429839   -0.00336827    0.15839985
  481   12    -3.07613    -6.17508    -1.16953     -0.00160763    0.52429839   -0.00306625    0.16483479
  482   12    -2.46443    -6.38947    -0.28033     -0.00089669    0.23616384   -0.00379691    0.17006904
  483    4    -2.37138    -5.87825     1.71129     -0.00170264    0.51400988   -0.00331246    0.17083771
  484    4    -3.41777    -5.27902     2.58584     -0.00154029    0.51400988   -0.00299661    0.15978812
  485    4    -4.75524    -4.62360     2.56503     -0.00152353    0.51400988   -0.00296401    0.15590110
  486    4    -5.84759    -4.17476     1.65719     -0.00169071    0.51400988   -0.00328925    0.16002592
  487    4    -6.25686    -4.11245     0.22629     -0.00133145    0.51400988   -0.00259032    0.16450892
  488    4    -5.81898    -4.46165    -1.15399     -0.00171891    0.51400988   -0.00334413    0.15952110
  489    4    -4.70950    -5.08236    -1.93027     -0.00154564    0.51400988   -0.00300703    0.15486577
  490    4    -3.37322    -5.72572    -1.79133     -0.00145767    0.51400988   -0.00283588    0.15846415
  491    4    -2.34590    -6.13381    -0.79287     -0.00185013    0.51400988   -0.00359941    0.17033243
  492    5     1.44862    -1.02315     3.31511     -0.00076814    0.18779892   -0.00409021    0.18845619
  493    6     1.64053    -0.63939     3.26455     -0.00079704    0.18779892   -0.00424410    0.19167909
  494    7     2.13107    -0.63276     3.25735     -0.00080918    0.18779892   -0.00430875    0.19592545
  495    5     1.16181    -1.44994    -3.40811     -0.00101979    0.30393479   -0.00335530    0.17825888
  496    6     1.35458    -1.06275    -3.43475     -0.00120210    0.30393479   -0.00395514    0.18004571
  497   14     2.08707    -1.09619    -3.58403     -0.00153779    0.30393479   -0.00505960    0.18237577
  498    6     0.66171    -0.25234     3.32349     -0.00151191    0.72128145   -0.00209615    0.18103647
  499    5     0.63537    -0.92136     3.45508     -0.00154100    0.75532838   -0.00204017    0.17910786
  500    6     0.70600    -0.90283    -3.47919     -0.00103467    0.43460852   -0.00238070    0.17446857
  501    5     0.26929    -1.37439    -3.51296     -0.00097254    0.45515675   -0.00213672    0.17008684
  502    5     2.56438    -4.07879    -1.84523     -0.00114273    0.23140451   -0.00493823    0.19269875
  503    7     3.21796    -3.63931    -1.85186     -0.00143165    0.23140451   -0.00618679    0.19165612
  504   13     2.62439    -4.28162    -1.63955     -0.00104054    0.23140451   -0.00449662    0.19418469
  505    5     2.76924    -3.46532    -2.30221     -0.00110869    0.17996024   -0.00616076    0.18880073
  506    7     3.47846    -3.14315    -2.41166     -0.00090090    0.17996024   -0.00500613    0.18810027
  507   14     3.58640    -2.98812    -2.64066     -0.00079651    0.17996024   -0.00442603    0.18665453
  508    5     2.17363    -1.82172     3.21606     -0.00127559    0.23584059   -0.00540867    0.19419769
  509    7     2.86090    -1.43730     3.23490     -0.00118917    0.23584059   -0.00504228    0.20071842
  510   15     3.05338    -1.66563     3.23241     -0.00103980    0.23584059   -0.00440889    0.20108601
  511    7     2.51731    -0.91960     3.37649     -0.00196770    0.75708567   -0.00259904    0.19566695
  512    5     1.62438    -1.61777     3.44289     -0.00167260    0.75708567   -0.00220927    0.18550799
  513    7     3.52011    -3.41949    -2.20364     -0.00088769    0.32857123   -0.00270165    0.18533290
  514    5     2.52201    -3.94021    -2.18455     -0.00092225    0.32857123   -0.00280684    0.18595946
  515   12    -2.23136    -6.31954     0.38284     -0.00264588    0.73874409   -0.00358159    0.17403182
  516    5    -1.17864    -6.12330     0.58456     -0.00281635    1.04256507   -0.00270137    0.17742994
  517    5     2.33254    -3.85453     2.55056     -0.00130330    0.27344956   -0.00476615    0.19552582
  518   13     2.42334    -4.08440     2.38780     -0.00142952    0.27344956   -0.00522772    0.19733237
  519   15     3.15564    -3.51102     2.50069     -0.00158284    0.27344956   -0.00578841    0.19788112
  520   13     1.92267    -4.55566     2.49806     -0.00112372    0.23605523   -0.00476043    0.19117462
  521   13     1.04761    -5.21420     2.39469     -0.00242190    0.52403820   -0.00462161    0.18594762
  522   13     0.21966    -5.91126     1.61909     -0.00219860    0.52403820   -0.00419550    0.18519627
  523   13    -0.03281    -6.23620     0.35276     -0.00260864    0.52403820   -0.00497796    0.18612889
  524   13     0.39135    -6.05883    -0.89687     -0.00223113    0.52403820   -0.00425756    0.18316098
  525   13     1.32219    -5.45021    -1.62903     -0.00227110    0.52403820   -0.00433385    0.18387791
  526   13     2.20839    -4.80124    -1.68890     -0.00109846    0.23605523   -0.00465339    0.18945705
  527    5     1.37791    -4.52970     2.70905     -0.00192448    0.51378838   -0.00374567    0.18648898
  528    5     0.25810    -5.40623     2.26712     -0.00206964    0.51378838   -0.00402819    0.18158939
  529    5    -0.37882    -6.00870     1.06339     -0.00195208    0.51378838   -0.00379939    0.18519822
  530    5    -0.27760    -6.09569    -0.41978     -0.00241171    0.51378838   -0.00469397    0.18337642
  531    5     0.52117    -5.63235    -1.58805     -0.00206496    0.51378838   -0.00401909    0.17905426
  532    5     1.69744    -4.80433    -1.97328     -0.00213945    0.51378838   -0.00416406    0.18482655
  533   14     3.51381    -2.82071    -3.07007     -0.00259590    0.85074144   -0.00305134    0.18173752
  534   14     2.82662    -1.84986    -3.67095     -0.00655362    1.71393118   -0.00382373    0.18283055
  535    5     2.00335    -3.19947    -2.98792     -0.00556778    2.40585402   -0.00231426    0.17874783
  536    5     1.24007    -2.01262    -3.56695     -0.00193360    1.21968805   -0.00158533    0.17215504
  537   15     3.25257    -2.11038     3.26808     -0.00285034    0.77825719   -0.00366246    0.19742754
  538   15     3.49978    -3.05743     2.90737     -0.00308896    0.77825719   -0.00396907    0.19571048
  539    5     2.11461    -2.92774     3.12586     -0.00567736    2.16559346   -0.00262162    0.18913430
  540    6     2.14030     0.79502     3.18997     -0.00119234    0.23732241   -0.00502415    0.19812888
  541    7     2.62001     0.82276     3.28778     -0.00149023    0.23732241   -0.00627937    0.20382766
  542   16     2.99973     1.31889     3.44934     -0.00171945    0.23732241   -0.00724522    0.20840758
  543    7     2.42403     0.17588     3.33099     -0.00205307    0.62299521   -0.00329548    0.19883676
  544    6     1.72780    -0.05104     3.28551     -0.00161535    0.59435102   -0.00271784    0.19171382
  545   14     2.50895    -0.65164    -3.90334     -0.00224380    0.61338211   -0.00365808    0.17919568
  546    6     1.47264    -0.39101    -3.61923     -0.00163385    0.79075736   -0.00206618    0.17628205
  547   16     3.05861     1.70920     3.70330     -0.00119121    0.28273420   -0.00421318    0.20388108
  548    6     1.81799     0.91049     3.35009     -0.00013803    0.37531977   -0.00036778    0.18907192
  549    7     5.97365     1.42591    -2.93185     -0.00011940    0.01955754   -0.00610515    0.13519729
  550    8     6.06616     1.80945    -2.73290     -0.00000777    0.01955754   -0.00039751    0.12201789
  551   14     5.90190     1.20539    -3.11542     -0.00014674    0.01955754   -0.00750280    0.14214392
  552    7     5.39728     1.70287    -3.15056     -0.00011146    0.01955754   -0.00569927    0.13916166
  553    8     5.51351     2.07502    -2.94262     -0.00005872    0.01955754   -0.00300265    0.12682605
  554   14     5.37708     1.45758    -3.31457     -0.00008219    0.01955754   -0.00420222    0.14505529
  555    7     6.98483     0.37571     1.97550     -0.00040928    0.13146643   -0.00311315    0.16402903
  556    8     7.10055     0.79917     2.03277     -0.00040367    0.13146643   -0.00307051    0.16146050
  557   16     7.01558     0.91745     2.32636     -0.00075539    0.13146643   -0.00574589    0.17070650
  558    8     7.34773     0.74739     1.51915     -0.00019950    0.55607520   -0.00035877    0.14388121
  559    8     7.59761     1.00943    -0.12733      0.00228582    1.15615739    0.00197708    0.11037864
  560    8     6.88136     1.68863    -1.92577      0.00164778    1.15615739    0.00142522    0.10575675
  561    7     7.37415     0.21046     0.79167     -0.00060280    1.19292274   -0.00050532    0.14011735
  562    7     7.27335     0.70577    -1.28297      0.00029693    1.19292274    0.00024891    0.12144055
  563    7     6.36632     1.36045    -2.62430     -0.00057827    0.60801041   -0.00095108    0.12792411
  564    8     4.91995     2.66274    -2.81398      0.00015354    0.96804442    0.00015861    0.12250449
  565    7     4.34198     2.25713    -3.04579     -0.00218452    1.05792350   -0.00206491    0.14404707
  566    7     4.39891    -3.86461    -0.16520     -0.00133526    0.27879159   -0.00478946    0.19216309
  567   13     3.67186    -4.37768    -0.03231     -0.00170725    0.27879159   -0.00612373    0.19690046
  568   15     4.46288    -3.90093     0.12518     -0.00111687    0.27879159   -0.00400611    0.19287463
  569   13     2.85525    -4.56341    -1.33710     -0.00282827    0.75114580   -0.00376528    0.19284310
  570   13     3.29161    -4.76785    -0.45860     -0.00316098    0.75114580   -0.00420821    0.19486435
  571    7     4.03915    -3.81316    -1.17915     -0.00558415    2.09417966   -0.00266651    0.18698140
  572   14     3.47063     0.87038    -3.95326     -0.00112654    0.26338203   -0.00427719    0.16950600
  573   14     4.61006     1.20513    -3.74271     -0.00233724    0.59667768   -0.00391708    0.16008506
  574    7     3.74223     1.33324    -3.64842     -0.00227341    0.56289729   -0.00403876    0.16680782
  575    7     5.01598     1.58778    -3.38297     -0.00096064    0.31925095   -0.00300903    0.14820812
  576   14     6.07640     0.76896    -3.25377     -0.00098857    0.26071767   -0.00379171    0.14747285
  577   14     6.58863    -0.23913    -2.86783     -0.00223071    0.58915271   -0.00378630    0.15389961
  578   14     6.42218    -1.63611    -2.55964     -0.00217075    0.58915271   -0.00368452    0.16251222
  579   14     5.40016    -2.65082    -2.56886     -0.00215948    0.58915271   -0.00366539    0.17254916
  580   14     4.25853    -2.91996    -2.79647     -0.00110638    0.26071767   -0.00424358    0.18026505
  581    7     6.42776     0.61697    -2.77372     -0.00192985    0.55847265   -0.00345559    0.14530354
  582    7     6.78552    -0.88074    -2.30462     -0.00200054    0.55847265   -0.00358216    0.15536825
  583    7     6.07833    -2.31581    -2.12672     -0.00188485    0.55847265   -0.00337501    0.16623591
  584    7     4.63993    -3.01098    -2.32398     -0.00204294    0.55847265   -0.00365808    0.18009129
  585    7     6.35516    -0.29215     2.61597     -0.00066215    0.11010639   -0.00601370    0.18504645
  586   15     6.26996    -0.57163     2.66553     -0.00064621    0.11010639   -0.00586898    0.18601234
  587   16     6.36960     0.30075     2.86922     -0.00077587    0.11010639   -0.00704654    0.18944356
  588    7     4.58561    -0.26909     3.50976     -0.00092985    0.11010639   -0.00844504    0.20479197
  589   15     4.67023    -0.55078     3.47354     -0.00080966    0.11010639   -0.00735340    0.20225805
  590   16     4.79315     0.32129     3.66548     -0.00099423    0.11010639   -0.00902971    0.20955598
  591   15     4.16896    -1.20882     3.45532     -0.00203987    0.46018250   -0.00443273    0.20114610
  592    7     3.71954    -0.97755     3.41251     -0.00253632    0.55779697   -0.00454703    0.20324441
  593   15     5.13960    -3.70421     0.14957     -0.00117547    0.24611524   -0.00477610    0.18504366
  594   15     6.09595    -3.12833     0.33372     -0.00188958    0.54854167   -0.00344474    0.17661693
  595   15     6.77665    -2.19169     1.06212     -0.00190910    0.54854167   -0.00348031    0.17284066
  596   15     6.63363    -1.32723     2.11257     -0.00238708    0.54854167   -0.00435169    0.17881401
  597    7     5.50659    -3.39510    -0.20528     -0.00196757    0.53393985   -0.00368501    0.17981793
  598    7     6.62880    -2.47821     0.28426     -0.00189453    0.53393985   -0.00354821    0.17004538
  599    7     6.94660    -1.41367     1.33565     -0.00210579    0.53393985   -0.00394388    0.16994594
  600    7     6.58395    -0.71874     2.30153     -0.00111635    0.29832150   -0.00374211    0.17855349
  601   16     3.57650     1.34027     3.85429     -0.00421648    0.67290955   -0.00626604    0.21145729
  602   16     4.53508     0.79429     3.95089     -0.00416391    0.67290955   -0.00618792    0.21148337
  603    7     3.67139     0.33020     3.55117     -0.00751576    1.57703679   -0.00476575    0.20968091
  604   16     6.74543     0.74860     2.85285     -0.00240377    0.60473628   -0.00397490    0.18291117
  605    7     6.78770     0.01932     2.27137     -0.00159891    0.73301367   -0.00218128    0.17226087
  606   11     1.88455     5.11308     1.35552     -0.00148295    0.77309536   -0.00191819    0.16044917
  607   11     2.27953     5.57589     0.20380     -0.00428706    1.56093357   -0.00274647    0.15397791
  608   11     2.48798     5.29602    -1.33654     -0.00439132    1.56093357   -0.00281327    0.14889743
  609   11     2.38161     4.44572    -2.31752     -0.00180252    0.77309536   -0.00233156    0.15085760
  610    8     3.20727     5.10338     1.26985      0.00195137    1.88390643    0.00103581    0.13791430
  611    8     3.63251     5.36842    -0.38511      0.00393047    1.88390643    0.00208634    0.11415224
  612    8     3.63574     4.52812    -1.89634      0.00340372    1.88390643    0.00180673    0.11437585
  613   14     5.60215     1.27488    -3.38668     -0.00116640    0.48345505   -0.00241263    0.14459805
  614    8     5.94552     2.12492    -2.83245      0.00033541    0.58989250    0.00056859    0.11667365
  615   16     7.22680     1.40804     2.46821     -0.00135327    0.29887036   -0.00452795    0.16796131
  616   16     7.43263     2.60324     2.31786     -0.00295015    0.64423409   -0.00457932    0.15939887
  617   16     6.91682     3.99271     2.25722     -0.00349410    0.64423409   -0.00542366    0.15938435
  618   16     5.67746     4.80075     2.36399     -0.00350995    0.64423409   -0.00544826    0.16551695
  619   16     4.21562     4.70067     2.59499     -0.00326363    0.64423409   -0.00506591    0.17331508
  620    8     7.45004     1.76646     1.96551     -0.00159309    0.64084892   -0.00248591    0.15003745
  621    8     7.39342     3.35855     1.81523     -0.00197846    0.64084892   -0.00308725    0.14147592
  622    8     6.39492     4.60870     1.84148     -0.00272371    0.64084892   -0.00425017    0.14747317
  623    8     4.85823     5.01145     2.03363     -0.00254383    0.64084892   -0.00396948    0.15524226
  624    8     3.62030     4.66953     2.25490     -0.00081521    0.34043511   -0.00239460    0.16113669
  625   15     3.75032    -3.66203     2.51156     -0.00194770    0.78332321   -0.00248646    0.19177510
  626   15     4.25728    -4.07382     1.59781     -0.00510425    1.56673555   -0.00325789    0.19160588
  627   15     4.53992    -4.11618     0.51161     -0.00201923    0.78332321   -0.00257777    0.18795180
  628   13     2.88649    -4.60526     1.93050     -0.00549490    1.56673555   -0.00350723    0.19445091
  629   13     3.37906    -4.88857     0.68289     -0.00572682    1.56673555   -0.00365526    0.19477413
  630   16     5.25933     0.50676     3.82925     -0.00421780    0.96978375   -0.00434922    0.20404864
  631   16     6.22868     0.49413     3.33964     -0.00376077    0.96978375   -0.00387795    0.19256917
  632   15     5.54881    -0.72122     3.22950     -0.00735956    1.94378259   -0.00378620    0.19508050
