COSMO Results from DMol3

Note: COSMO for ideal conductor limit (fepsi= 1.0000)
  Basic Grid Size                  =   1082
  Number of Segments on an Atom    =     92
  Number of Segments on Hydrogen   =     32
  Solvent Radius    [au]           =   2.46
  A - Matrix Cutoff [au]           =  13.23
  factor for Outlying Charge corr  =   0.85
  maximum segment or cutoff radius =   1.46
  total number of segments         =    831
  number of charge corr segments   =    345




$coordinates xyz [au]                         and cosmo atom analysis:   radius   charge    area  charge density  (srad)
C            -6.44850462823445   -1.07668084589887   -0.54263099247378   3.7795  -0.0564    49.09    -0.00115    6.2361
C            -5.18264105866140    1.23663748492900   -0.52607931031279   3.7795  -0.0499    48.70    -0.00102    6.2361
C            -2.56098113891038    1.27910867518684   -0.44895963817440   3.7795  -0.0792    46.26    -0.00171    6.2361
C            -5.03521378778166   -3.30835423790806   -0.47990001819426   3.7795  -0.0493    47.93    -0.00103    6.2361
C            -2.42438493914069   -3.17118091955926   -0.39928983859958   3.7795  -0.0852    48.31    -0.00176    6.2361
N            -1.21402301325256   -0.90117024925093   -0.38748501618375   3.4582  -0.0156     6.61    -0.00237    5.9148
C             1.63537040964350   -0.90537281118030   -0.39687772603322   3.7795  -0.0444    22.10    -0.00201    6.2361
C             2.88342945398812    1.53775546912772    0.46311403043718   3.7795  -0.0120    17.93    -0.00067    6.2361
C             5.78318539903382    1.23394659051605    0.56462306919339   3.7795  -0.0131    32.58    -0.00040    6.2361
O             6.99362618319315    3.59558164488790    1.04322058592530   3.2503   0.1788    57.51     0.00311    5.7070
H            -8.50931572278509   -1.14434303215566   -0.60332519725906   2.4566  -0.0655    23.06    -0.00284    4.9133
H            -6.20170075547781    3.02747431550099   -0.57165662828447   2.4566  -0.0675    23.54    -0.00287    4.9133
H            -1.47927866700189    3.02451326584121   -0.43387400554119   2.4566  -0.0582    15.82    -0.00368    4.9133
H            -5.93854810612339   -5.16059893400562   -0.48364366580336   2.4566  -0.0677    23.51    -0.00288    4.9133
H            -1.21519443369045   -4.83625377798402   -0.34437244154073   2.4566  -0.0804    22.24    -0.00362    4.9133
H             2.19910845790338   -1.39065040960858   -2.33929394128570   2.4566  -0.0706    26.51    -0.00266    4.9133
H             2.18825873708619   -2.48762594663600    0.82828389991788   2.4566  -0.0637    22.79    -0.00280    4.9133
H             2.18266194656015    2.09475705382257    2.34412832713221   2.4566  -0.0467    25.49    -0.00183    4.9133
H             2.48818081566562    3.09943761668403   -0.85133327531214   2.4566  -0.0427    22.37    -0.00191    4.9133
H             6.48749071187326    0.59042316008491   -1.28397987710719   2.4566  -0.0402    25.16    -0.00160    4.9133
H             6.32465011284269   -0.20959563203198    1.96911164283474   2.4566  -0.0420    26.02    -0.00161    4.9133
H             7.04382402326990    3.87219151963801    2.88022001666496   2.4566  -0.1279    32.82    -0.00390    4.9133
$end


$cosmo_energy               [Hartree atomic units]       [eV]     [kcal/mol]
  Total energy                 =       -442.001529
  Total energy + OC corr.      =       -441.998087
  Dielectric energy            =         -0.093050      -2.532      -58.39
  Diel. energy + OC corr.      =         -0.089608      -2.438      -56.23

  Surface area of cavity [au]  =           666.355
  Total Volume of cavity [au]  =          1237.472


$screening_charge
  cosmo           =   -1.02686
  corrected total =   -0.99968


$segment information
    n  atom        position (X, Y, Z) [au]            charge       area [au]   charge/area    potential [au]

    1    1    -5.64751    -1.07271     3.15097      0.00005423    0.49769306    0.00010896    0.14345661
    2    1    -8.28316    -2.70448     2.33286     -0.00027322    1.16128380   -0.00023527    0.14205015
    3    1    -8.67912     0.42298     2.11436     -0.00067599    0.99538612   -0.00067912    0.14250806
    4    1    -7.98229    -1.25641    -3.99218     -0.00081173    1.32718149   -0.00061162    0.13727159
    5    1    -8.87171    -1.33812    -3.43121     -0.00111894    1.16128380   -0.00096354    0.14239279
    6    1    -9.13896     0.96836    -2.23481     -0.00031444    0.33179537   -0.00094770    0.15226482
    7    1    -9.22062     0.47526     1.50458     -0.00089692    0.66359074   -0.00135162    0.14827576
    8    1    -9.00614    -2.33990     1.93667     -0.00112046    0.99538612   -0.00112565    0.14506540
    9    1    -9.11480    -3.58858    -1.47286      0.00013829    0.33179537    0.00041678    0.15820115
   10    1    -8.95107    -3.20510     1.32581     -0.00074185    0.66359074   -0.00111793    0.15038704
   11    1    -8.40516    -1.65783     2.63824     -0.00066942    1.16128380   -0.00057645    0.13899754
   12    1    -8.44620    -0.33248     2.57820     -0.00043694    0.82948843   -0.00052676    0.13900177
   13    1    -8.91416     0.63564    -2.83888     -0.00066952    0.66359074   -0.00100893    0.14677958
   14    1    -8.35571    -0.05702    -3.64217     -0.00059542    1.16128380   -0.00051273    0.13956637
   15    1    -8.11007    -2.58020    -3.58611     -0.00045660    1.32718149   -0.00034404    0.14062410
   16    1    -8.88207    -3.27286    -2.42377     -0.00082557    0.66359074   -0.00124410    0.15094378
   17    1    -7.42586    -1.89463     3.01545     -0.00052175    1.16128380   -0.00044929    0.13812610
   18    1    -6.49278    -1.38292     3.22413     -0.00002109    0.82948843   -0.00002542    0.13905021
   19    1    -6.57027    -0.64677     3.21031     -0.00001873    0.82948843   -0.00002258    0.13869430
   20    1    -7.76991     0.23238     2.74742     -0.00006636    0.82948843   -0.00008000    0.13887181
   21    1    -6.96428    -0.66434    -4.26395     -0.00057239    1.49307918   -0.00038336    0.13674767
   22    1    -7.10707    -1.97305    -4.15470     -0.00062365    1.49307918   -0.00041769    0.13752610
   23    1    -8.93541    -0.12727    -3.22556     -0.00086065    0.82948843   -0.00103757    0.14386020
   24    1    -9.17038     1.13461     0.86655     -0.00006415    0.49769306   -0.00012889    0.15300129
   25    1    -9.00418    -0.87768     2.23462     -0.00107418    1.16128380   -0.00092499    0.14229293
   26    1    -9.09347    -3.51600     0.61407      0.00035532    0.33179537    0.00107091    0.15607601
   27    1    -8.83658    -2.55465    -3.07183     -0.00079189    0.99538612   -0.00079556    0.14518600
   28    1    -5.79316    -1.15047    -4.26411      0.00025729    1.65897686    0.00015509    0.14024788
   29    1    -7.55243    -0.71847     3.05421     -0.00071688    1.32718149   -0.00054015    0.13727469
   30    1    -7.47365     0.06078    -3.99799     -0.00014550    0.82948843   -0.00017541    0.13770842
   31    2    -4.71477     0.46165     3.14337      0.00006473    0.33179537    0.00019510    0.14697746
   32    2    -7.54618     2.03740     2.31238     -0.00045782    1.16128380   -0.00039424    0.14141328
   33    2    -4.96062     3.85031     2.19493     -0.00054195    0.99538612   -0.00054446    0.14912386
   34    2    -5.97538     2.58504    -3.96666     -0.00045174    1.32718149   -0.00034038    0.13843360
   35    2    -6.73731     3.07756    -3.43782     -0.00071300    1.16128380   -0.00061398    0.14279152
   36    2    -4.58977     4.60661    -2.13111     -0.00009398    0.33179537   -0.00028325    0.16104283
   37    2    -4.96967     4.45444     1.44491     -0.00076151    0.99538612   -0.00076504    0.15729106
   38    2    -7.55178     2.85547     1.93379     -0.00076625    0.99538612   -0.00076980    0.14535147
   39    2    -8.69346     2.40842    -1.29115     -0.00104770    0.49769306   -0.00210512    0.15869754
   40    2    -8.27656     2.41682     1.29579     -0.00043364    0.66359074   -0.00065348    0.14986339
   41    2    -6.68496     2.62651     2.65129     -0.00037590    1.16128380   -0.00032370    0.13962628
   42    2    -5.53089     3.28196     2.63300     -0.00030055    0.82948843   -0.00036233    0.14289232
   43    2    -4.89669     4.20119    -2.85286     -0.00109942    0.99538612   -0.00110452    0.15276195
   44    2    -4.93663     3.36068    -3.64251     -0.00013508    1.32718149   -0.00010178    0.14411871
   45    2    -7.25825     2.07403    -3.57154     -0.00051179    1.32718149   -0.00038562    0.14014869
   46    2    -8.05360     2.15476    -2.80618      0.00027389    0.66359074    0.00041274    0.14696426
   47    2    -6.60182     1.58254     2.95970      0.00005372    1.16128380    0.00004626    0.13814296
   48    2    -5.45992     0.84343     3.22264      0.00010833    0.82948843    0.00013060    0.14093902
   49    2    -4.84356     1.41833     3.23376      0.00007186    0.66359074    0.00010829    0.14287542
   50    2    -4.93047     2.67983     2.95789      0.00014542    1.16128380    0.00012522    0.14306944
   51    2    -4.88452     2.06489    -4.20158     -0.00016466    1.82487455   -0.00009023    0.14023100
   52    2    -6.19675     1.48046    -4.15875      0.00007069    1.49307918    0.00004734    0.13718435
   53    2    -5.82238     3.71810    -3.30409     -0.00066435    0.99538612   -0.00066743    0.14614126
   54    2    -6.26512     3.52883     2.27722     -0.00084105    1.16128380   -0.00072424    0.14491131
   55    2    -8.60099     2.41344     0.57589     -0.00063489    0.33179537   -0.00191350    0.15560012
   56    2    -7.89484     2.70294    -2.71198     -0.00108117    0.82948843   -0.00130341    0.14889862
   57    2    -4.85379     0.70426    -4.25335      0.00030514    1.65897686    0.00018393    0.14219557
   58    2    -5.69460     1.99996     3.13993     -0.00024520    1.32718149   -0.00018475    0.13901967
   59    3    -2.92455     0.30878     3.18569     -0.00079893    0.66359074   -0.00120395    0.16000382
   60    3    -3.13263     3.67216     2.41999     -0.00003990    0.99538612   -0.00004009    0.15568399
   61    3    -1.83790     2.76014    -3.85011     -0.00091762    0.99538612   -0.00092188    0.15622732
   62    3    -1.46090     3.55313    -3.26015     -0.00186703    1.16128380   -0.00160773    0.16311407
   63    3    -2.49551     4.18623     1.96530     -0.00119923    0.66359074   -0.00180719    0.16289632
   64    3    -3.22704     4.89129    -1.33931     -0.00214476    0.66359074   -0.00323205    0.17262859
   65    3    -2.59634     0.11155    -4.04336     -0.00077382    0.66359074   -0.00116611    0.16122262
   66    3    -3.04727     4.52314     1.42829     -0.00105469    0.66359074   -0.00158937    0.16507384
   67    3    -2.20387     3.44126     2.63030     -0.00178468    1.49307918   -0.00119530    0.15873433
   68    3    -0.94045     2.39670    -3.67526     -0.00155002    0.99538612   -0.00155721    0.16352471
   69    3    -2.67224     3.55917    -3.46112     -0.00148921    1.49307918   -0.00099741    0.15501302
   70    3    -3.07551     4.28526    -2.68111     -0.00004175    0.66359074   -0.00006292    0.16110734
   71    3    -3.07564     2.54062     3.07639     -0.00090443    1.32718149   -0.00068147    0.15231543
   72    3    -3.12581     1.25863     3.28801      0.00006308    0.82948843    0.00007604    0.15389833
   73    3    -2.16544     0.82050     3.28167     -0.00141241    1.16128380   -0.00121625    0.16139277
   74    3    -1.68370     0.72869    -4.08373     -0.00118520    0.82948843   -0.00142883    0.16296122
   75    3    -1.57958     1.61086    -4.08364     -0.00186061    1.49307918   -0.00124616    0.15946567
   76    3    -2.74781     2.35982    -4.06577     -0.00057248    1.49307918   -0.00038342    0.15137932
   77    3    -3.18874     4.82102     0.71081     -0.00080070    0.33179537   -0.00241323    0.17084029
   78    3    -2.52053     4.40596    -2.57153     -0.00151239    0.82948843   -0.00182328    0.16508804
   79    3    -2.79322     0.95458    -4.20727     -0.00103076    1.32718149   -0.00077665    0.15458140
   80    3    -2.35070     1.93230     3.26769     -0.00104003    0.99538612   -0.00104485    0.15642773
   81    4    -4.39684    -2.51544    -4.11969      0.00010703    0.33179537    0.00032257    0.14677757
   82    4    -7.16681    -4.26733    -3.44992     -0.00047640    1.16128380   -0.00041023    0.14202085
   83    4    -4.48251    -5.91016    -3.16496     -0.00052598    0.99538612   -0.00052842    0.15037871
   84    4    -5.94673    -4.69501     2.91577     -0.00047126    1.32718149   -0.00035508    0.14073143
   85    4    -6.36411    -5.46349     2.32612     -0.00095053    1.16128380   -0.00081852    0.14619529
   86    4    -4.32632    -6.62870     1.18055     -0.00022622    0.33179537   -0.00068181    0.16434365
   87    4    -4.49827    -6.51148    -2.41279     -0.00076879    0.99538612   -0.00077235    0.15899624
   88    4    -7.14300    -5.08298    -3.06686     -0.00080999    0.99538612   -0.00081374    0.14631937
   89    4    -8.50380    -4.70092     0.08048     -0.00106669    0.49769306   -0.00214328    0.16009921
   90    4    -7.93157    -4.68995    -2.47658     -0.00048216    0.66359074   -0.00072659    0.15084275
   91    4    -6.25080    -4.80091    -3.73245     -0.00044238    1.16128380   -0.00038094    0.14039871
   92    4    -5.06041    -5.38086    -3.64036     -0.00027945    0.82948843   -0.00033689    0.14372792
   93    4    -4.55960    -6.29820     1.78261     -0.00078801    0.66359074   -0.00118750    0.15713095
   94    4    -4.93411    -5.41399     2.65703     -0.00024408    1.49307918   -0.00016348    0.14639348
   95    4    -7.19229    -4.26371     2.47283     -0.00050644    1.32718149   -0.00038159    0.14190741
   96    4    -8.09794    -4.66491     1.27048     -0.00049977    0.66359074   -0.00075314    0.15208513
   97    4    -6.17885    -3.66355    -4.06463      0.00008298    1.32718149    0.00006253    0.13861297
   98    4    -5.10991    -2.94449    -4.24106      0.00007165    0.82948843    0.00008638    0.14099451
   99    4    -4.45853    -3.47867    -4.21122      0.00004604    0.66359074    0.00006939    0.14320392
  100    4    -4.48116    -4.74235    -3.93259      0.00015623    1.16128380    0.00013453    0.14375739
  101    4    -4.90755    -4.10524     3.21237     -0.00011196    1.82487455   -0.00006135    0.14254735
  102    4    -6.24945    -3.60638     3.08676      0.00001261    1.49307918    0.00000844    0.13926846
  103    4    -5.27803    -6.01269     2.14916     -0.00048346    0.82948843   -0.00058284    0.15091628
  104    4    -5.79753    -5.67333    -3.32773     -0.00087287    1.16128380   -0.00075164    0.14595851
  105    4    -8.29849    -4.70534    -1.77754     -0.00057858    0.33179537   -0.00174379    0.15628406
  106    4    -7.44703    -4.92815     1.93748     -0.00074310    0.99538612   -0.00074654    0.14707652
  107    4    -4.96702    -2.74530     3.25674      0.00030293    1.65897686    0.00018260    0.14403494
  108    4    -5.27478    -4.11346    -4.16484     -0.00028428    1.32718149   -0.00021419    0.13945521
  109    5    -2.64243    -2.22661    -4.05232     -0.00078574    0.66359074   -0.00118408    0.16069133
  110    5    -2.56863    -5.59882    -3.29241     -0.00037245    1.16128380   -0.00032072    0.15790270
  111    5    -1.79696    -4.59837     3.04362     -0.00095848    0.99538612   -0.00096293    0.16125722
  112    5    -1.22701    -5.34119     2.45405     -0.00218431    1.32718149   -0.00164583    0.17049209
  113    5    -2.00223    -6.06315    -2.79568     -0.00088367    0.66359074   -0.00133165    0.16570883
  114    5    -2.87433    -6.82352     0.46223     -0.00182834    0.66359074   -0.00275522    0.17698455
  115    5    -2.75838    -2.01304     3.18278     -0.00080799    0.66359074   -0.00121761    0.16244570
  116    5    -2.55854    -6.44034    -2.29111     -0.00136477    0.66359074   -0.00205665    0.16799480
  117    5    -1.73464    -5.18764    -3.52060     -0.00115243    1.16128380   -0.00099237    0.16020816
  118    5    -0.81310    -4.52541    -3.53844     -0.00107203    0.99538612   -0.00107700    0.16725547
  119    5    -0.90729    -4.31531     2.86776     -0.00096654    0.99538612   -0.00097102    0.17037216
  120    5    -2.54573    -5.45629     2.60866     -0.00149418    1.49307918   -0.00100073    0.15939415
  121    5    -2.84756    -6.20933     1.80860     -0.00028734    0.66359074   -0.00043301    0.16548461
  122    5    -2.51989    -4.48715    -3.94097     -0.00087925    1.32718149   -0.00066250    0.15404277
  123    5    -2.61520    -3.24485    -4.17322     -0.00032422    1.16128380   -0.00027919    0.15529246
  124    5    -1.79477    -2.62062    -4.08506     -0.00138451    0.99538612   -0.00139092    0.16392352
  125    5    -1.80680    -2.56131     3.27913     -0.00091248    0.82948843   -0.00110005    0.16532448
  126    5    -1.63822    -3.43341     3.28816     -0.00198674    1.49307918   -0.00133064    0.16360480
  127    5    -2.74504    -4.26637     3.20375     -0.00049684    1.49307918   -0.00033276    0.15489988
  128    5    -0.79084    -5.24788    -3.10174     -0.00174259    0.99538612   -0.00175067    0.17062768
  129    5    -2.71994    -6.74855    -1.58225     -0.00041230    0.33179537   -0.00124264    0.17413113
  130    5    -2.27968    -6.28871     1.73245     -0.00085069    0.82948843   -0.00102556    0.17007242
  131    5    -2.90204    -2.86844     3.33759     -0.00088945    1.32718149   -0.00067018    0.15667566
  132    5    -1.50750    -3.75775    -4.01864     -0.00198538    1.49307918   -0.00132973    0.16155879
  133    6    -0.96444    -0.84208    -3.83616     -0.00025036    0.13889369   -0.00180256    0.17498436
  134    6    -1.46374    -0.96034     3.06118     -0.00006356    0.13889369   -0.00045759    0.17159196
  135    6    -1.09906    -0.90598     3.06880     -0.00058102    0.27778738   -0.00209160    0.17326510
  136    6    -1.28160    -1.07738    -3.84053     -0.00016938    0.13889369   -0.00121951    0.17345703
  137    7     2.70581    -4.41435    -1.30537     -0.00046726    0.49769306   -0.00093884    0.17006858
  138    7     1.28895    -1.30666     3.34523     -0.00087383    0.66359074   -0.00131682    0.17218844
  139    7     0.55022    -1.03993     3.22096     -0.00054863    0.33179537   -0.00165353    0.17486007
  140    7     2.58049    -4.14127    -2.10562     -0.00081553    0.99538612   -0.00081931    0.16940253
  141    7     4.45898    -2.97667    -1.81852     -0.00090478    0.49769306   -0.00181794    0.15821130
  142    7     0.72824     0.18079    -3.90138     -0.00050332    0.33179537   -0.00151696    0.17511287
  143    7     4.34227    -3.46267    -1.04270     -0.00105248    0.99538612   -0.00105736    0.15834292
  144    7     3.52531    -4.09791    -1.11796     -0.00069543    0.99538612   -0.00069865    0.16330810
  145    7     0.87458    -1.83706     3.18607     -0.00112147    0.49769306   -0.00225333    0.17721122
  146    7     3.79375    -3.69303    -1.75866     -0.00028437    0.66359074   -0.00042853    0.16008801
  147    7     1.35317     0.85949    -3.72701     -0.00079594    0.49769306   -0.00159926    0.16947404
  148    8     3.54177     2.04224    -3.22419     -0.00022305    0.33179537   -0.00067226    0.14244318
  149    8     2.81958     4.81949     2.33671      0.00011108    0.66359074    0.00016740    0.12141919
  150    8     2.53860    -0.20587     3.79857     -0.00031229    0.49769306   -0.00062748    0.15948650
  151    8     3.27782    -0.41298     3.67612     -0.00023754    0.33179537   -0.00071593    0.15656044
  152    8     2.46106     5.19498     1.31783      0.00039942    1.16128380    0.00034395    0.11914082
  153    8     1.59023     4.99314     1.28301      0.00020719    0.82948843    0.00024978    0.13429510
  154    8     2.96931     2.04235    -3.28151     -0.00036920    0.33179537   -0.00111272    0.14941339
  155    8     1.96792     4.85470     2.02644      0.00033659    0.49769306    0.00067631    0.12980462
  156    8     3.03873     0.01825     3.92019     -0.00006546    0.16589769   -0.00039460    0.15574102
  157    9     9.39433     0.12737     0.42540      0.00021147    0.99538612    0.00021245    0.08298503
  158    9     6.73193    -2.38706     0.04252     -0.00010156    1.16128380   -0.00008745    0.12837794
  159    9     5.29409     1.09377     4.30966     -0.00039296    0.49769306   -0.00078957    0.14558929
  160    9     6.95899    -2.10538    -0.75855     -0.00011699    0.99538612   -0.00011753    0.12489266
  161    9     9.09500    -0.31535    -0.39237      0.00002831    1.49307918    0.00001896    0.09165274
  162    9     5.41761     2.45295    -2.99413     -0.00030336    0.49769306   -0.00060954    0.11626214
  163    9     5.78682     3.27805    -2.61435     -0.00007939    0.66359074   -0.00011963    0.09771685
  164    9     9.43856     0.86440    -0.32190      0.00052953    0.82948843    0.00063838    0.07335470
  165    9     8.82995    -1.00066     0.65428      0.00027556    1.32718149    0.00020763    0.09876017
  166    9     7.79807    -1.92729     0.08379      0.00054302    0.99538612    0.00054554    0.11258528
  167    9     9.48445     0.69157     1.10378      0.00107895    0.82948843    0.00130074    0.07503898
  168    9     9.18793    -0.10454     1.51352      0.00002815    1.16128380    0.00002424    0.09158382
  169    9     4.91534     0.51092     4.17133     -0.00022641    0.33179537   -0.00068237    0.14589328
  170    9     8.40378    -1.35670    -0.27524      0.00041557    0.99538612    0.00041749    0.10379560
  171    9     9.20639     1.08461    -1.03025     -0.00002705    0.66359074   -0.00004077    0.07737490
  172    9     6.35649     2.94660    -2.75538     -0.00043386    0.66359074   -0.00065381    0.09639740
  173    9     8.99981     0.54252     2.42458      0.00029112    0.66359074    0.00043870    0.09369237
  174   10     9.78327     4.02045    -0.56989      0.00552754    1.22697929    0.00450500    0.02032440
  175   10     7.27054     6.23318    -0.83589      0.00500291    1.22697929    0.00407742    0.02621289
  176   10     9.08029     5.89858     1.99542      0.00122194    0.98158343    0.00124486    0.05854472
  177   10     5.64354     6.31755     2.19764      0.00207798    0.85888550    0.00241939    0.07379383
  178   10     9.82036     2.96264     2.51755      0.00324534    0.98158343    0.00330623    0.05981467
  179   10     8.28041     3.80908    -1.93392      0.00221089    0.73618757    0.00300316    0.04321136
  180   10     9.06080     3.74515    -1.46062      0.00452138    1.22697929    0.00368497    0.03190819
  181   10     7.20746     4.44136    -2.08786      0.00330727    1.22697929    0.00269545    0.04801338
  182   10     7.38787     5.40258    -1.62962      0.00421322    1.10428136    0.00381535    0.03135250
  183   10     9.23618     4.96601    -0.86927      0.00562284    1.34967722    0.00416606    0.01966235
  184   10     8.33543     5.72669    -1.01169      0.00540187    1.34967722    0.00400234    0.02210307
  185   10     6.21954     6.03204    -0.96405      0.00725270    1.47237514    0.00492585    0.03440009
  186   10     9.66661     2.98597    -0.70272      0.00547519    1.22697929    0.00446233    0.03075245
  187   10     8.07588     6.47760     2.08595      0.00021329    0.85888550    0.00024833    0.06728124
  188   10     6.76749     6.64721     2.13911      0.00151981    1.10428136    0.00137629    0.07063861
  189   10     4.98749     5.85892     2.23371      0.00258097    0.73618757    0.00350586    0.07963676
  190   10     9.41265     2.15465     2.66701      0.00129169    0.49079171    0.00263186    0.07246923
  191   10     9.93427     3.86605     2.40122      0.00247160    0.85888550    0.00287769    0.05569664
  192   10     9.70505     4.90301     2.26940      0.00183453    1.10428136    0.00166129    0.05804502
  193   10     9.84711     4.90468     0.20143      0.00565589    1.34967722    0.00419055    0.02077999
  194   10     9.66246     5.44408     1.20162      0.00400474    1.34967722    0.00296719    0.03552091
  195   10     8.63218     6.40253     1.07229      0.00390327    1.71777100    0.00227229    0.04089676
  196   10     8.03452     6.49824     0.01569      0.00474713    1.34967722    0.00351723    0.02785762
  197   10     6.78546     6.71212     0.14404      0.00585555    1.47237514    0.00397694    0.03271098
  198   10     6.02839     6.69834     1.11949      0.00608259    1.59507307    0.00381336    0.04759644
  199   10     5.10237     6.22818     1.28232      0.00432001    0.85888550    0.00502978    0.05663618
  200   10     9.89059     2.30537     1.75573      0.00423698    0.85888550    0.00493311    0.04674648
  201   10    10.18412     3.16841     1.49378      0.00498496    1.10428136    0.00451422    0.03472921
  202   10    10.18566     3.62235     0.43087      0.00667366    1.34967722    0.00494463    0.02235328
  203   10     8.33509     4.72682    -1.69275      0.00437346    1.22697929    0.00356441    0.02978799
  204   10     6.31161     5.19121    -1.70515      0.00432956    1.10428136    0.00392071    0.04521893
  205   10     9.08357     5.84343    -0.02636      0.00490105    1.34967722    0.00363128    0.02330398
  206   10     5.48867     6.30501     0.06408      0.00717892    1.34967722    0.00531899    0.04112394
  207   10    10.02374     2.56016     0.48552      0.00554533    1.22697929    0.00451950    0.03177144
  208   10     7.38483     6.81599     1.24463      0.00351674    1.47237514    0.00238848    0.04745937
  209   10    10.13171     4.37780     1.36768      0.00528393    1.34967722    0.00391496    0.03247789
  210   11   -10.92643    -1.55771    -0.45610     -0.00612486    1.96256963   -0.00312084    0.15197586
  211   11   -10.22365    -2.35513     0.67340     -0.00336101    1.40183545   -0.00239757    0.15276010
  212   11   -10.08904    -2.83846    -1.42152     -0.00289860    1.19156013   -0.00243261    0.15462954
  213   11   -10.18400    -1.08600    -2.39973     -0.00320374    1.33174368   -0.00240567    0.15074889
  214   11   -10.28017     0.53318    -0.89503     -0.00334211    1.26165190   -0.00264900    0.15471571
  215   11   -10.26503    -0.27916     0.88126     -0.00351832    1.47192722   -0.00239028    0.15187672
  216   11   -10.32802    -2.77863    -0.36580     -0.00425362    1.61211077   -0.00263854    0.15427663
  217   11   -10.38787    -2.02235    -1.92057     -0.00448970    1.68220254   -0.00266894    0.15186491
  218   11   -10.83001    -0.70406    -1.27828     -0.00456060    1.54201899   -0.00295755    0.15170593
  219   11   -10.56192     0.09564    -0.07010     -0.00465465    1.68220254   -0.00276700    0.15288431
  220   11   -10.46261    -1.31928     0.87623     -0.00424198    1.61211077   -0.00263132    0.15116760
  221   11   -10.20178     0.00783    -1.96096     -0.00304664    1.26165190   -0.00241480    0.15251908
  222   12    -7.69854     4.96933    -0.41728     -0.00626173    1.96256963   -0.00319058    0.15519071
  223   12    -8.10247     3.95127     0.68089     -0.00333394    1.40183545   -0.00237827    0.15457728
  224   12    -8.41727     3.65284    -1.42915     -0.00289395    1.19156013   -0.00242871    0.15589692
  225   12    -6.88893     4.57522    -2.35134     -0.00317258    1.33174368   -0.00238228    0.15411878
  226   12    -5.53792     5.38208    -0.79608     -0.00339949    1.26165190   -0.00269448    0.16189649
  227   12    -6.29124     4.95106     0.95380     -0.00346611    1.47192722   -0.00235481    0.15694086
  228   12    -8.50093     3.86894    -0.37013     -0.00435850    1.61211077   -0.00270360    0.15581052
  229   12    -7.82330     4.30852    -1.89998     -0.00458349    1.68220254   -0.00272470    0.15415746
  230   12    -6.87928     5.30002    -1.21318     -0.00465649    1.54201899   -0.00301973    0.15606232
  231   12    -6.07582     5.40922     0.01710     -0.00472990    1.68220254   -0.00281173    0.15886162
  232   12    -7.30293     4.64104     0.91794     -0.00429972    1.61211077   -0.00266714    0.15442559
  233   12    -5.94053     5.09122    -1.87850     -0.00310984    1.26165190   -0.00246490    0.15818672
  234   13    -0.95940     5.39691    -0.06440     -0.00478452    1.19156013   -0.00401534    0.17305080
  235   13    -1.91011     5.19601     0.63107     -0.00271952    0.91119304   -0.00298457    0.17324409
  236   13    -2.03985     5.28150    -1.22561     -0.00281144    0.98128481   -0.00286506    0.17355050
  237   13    -1.24485     4.83784    -2.07459     -0.00375134    1.19156013   -0.00314826    0.17291119
  238   13    -2.03406     5.41056    -0.24928     -0.00313547    0.98128481   -0.00319527    0.17364600
  239   13    -1.07236     5.32634    -1.18953     -0.00422824    1.12146836   -0.00377027    0.17306578
  240   13    -1.19275     4.91045     1.11410     -0.00403572    1.12146836   -0.00359861    0.17303901
  241   14    -7.29615    -7.19498    -0.71470     -0.00627900    1.96256963   -0.00319938    0.15678235
  242   14    -7.69718    -6.20811    -1.84200     -0.00335595    1.40183545   -0.00239397    0.15582261
  243   14    -8.15740    -5.92446     0.24322     -0.00287855    1.19156013   -0.00241578    0.15743084
  244   14    -6.63180    -6.74417     1.26187     -0.00318105    1.33174368   -0.00238864    0.15625895
  245   14    -5.14043    -7.46709    -0.20384     -0.00346485    1.26165190   -0.00274628    0.16423360
  246   14    -5.81258    -7.09033    -1.99873     -0.00349446    1.47192722   -0.00237407    0.15851747
  247   14    -8.16291    -6.14852    -0.81743     -0.00437836    1.61211077   -0.00271592    0.15717282
  248   14    -7.55230    -6.53930     0.75333     -0.00460004    1.68220254   -0.00273453    0.15596064
  249   14    -6.50706    -7.47012     0.13125     -0.00469036    1.54201899   -0.00304170    0.15805311
  250   14    -5.62535    -7.53103    -1.04771     -0.00470155    1.68220254   -0.00279488    0.16073910
  251   14    -6.84233    -6.84580    -2.02588     -0.00430428    1.61211077   -0.00266997    0.15578433
  252   14    -5.62551    -7.19958     0.85042     -0.00308012    1.26165190   -0.00244134    0.16056436
  253   15    -0.25068    -7.09041    -0.49814     -0.00574615    1.61211077   -0.00356436    0.17974403
  254   15    -1.25467    -7.02324    -1.46271     -0.00397965    1.33174368   -0.00298830    0.17734213
  255   15    -1.58628    -7.12896     0.45616     -0.00363247    1.19156013   -0.00304850    0.17841818
  256   15    -0.25173    -6.15138     1.49336     -0.00348382    1.05137659   -0.00331358    0.18264441
  257   15     0.29848    -5.91775    -1.94885     -0.00392069    1.12146836   -0.00349603    0.18358713
  258   15    -1.47026    -7.27396    -0.51061     -0.00376828    1.19156013   -0.00316247    0.17799361
  259   15    -0.76109    -6.86719     0.96106     -0.00548007    1.68220254   -0.00325768    0.17920467
  260   15     0.39121    -6.51039     0.46301     -0.00570824    1.47192722   -0.00387807    0.18427429
  261   15     0.65515    -6.33370    -0.88719     -0.00562548    1.47192722   -0.00382185    0.18482930
  262   15    -0.40691    -6.57925    -1.87532     -0.00458383    1.47192722   -0.00311417    0.17873216
  263   16     2.68297    -2.06583    -4.65124     -0.00323381    1.19156013   -0.00271393    0.16346931
  264   16     3.18878    -0.36047    -4.33790     -0.00275644    0.91119304   -0.00302509    0.16083298
  265   16     1.36740    -0.64143    -4.52608     -0.00275073    1.05137659   -0.00261631    0.17008609
  266   16     1.59985    -2.47260    -4.46186     -0.00240447    1.05137659   -0.00228697    0.17004193
  267   16     2.67653    -3.57245    -3.36245     -0.00203339    1.19156013   -0.00170649    0.16820038
  268   16     4.05497    -2.51529    -3.49084     -0.00218014    0.84110127   -0.00259201    0.16056692
  269   16     2.46710    -0.97887    -4.74631     -0.00303197    1.19156013   -0.00254454    0.16336217
  270   16     1.37316    -1.60590    -4.64288     -0.00337331    1.26165190   -0.00267372    0.16992605
  271   16     2.21967    -3.12690    -4.07712     -0.00368930    1.33174368   -0.00277028    0.16829861
  272   16     3.36583    -2.66959    -4.08232     -0.00275367    1.05137659   -0.00261911    0.16199760
  273   16     3.60159    -1.51063    -4.35269     -0.00392779    1.33174368   -0.00294936    0.16011310
  274   16     2.24591    -0.04570    -4.39454     -0.00203291    0.91119304   -0.00223104    0.16510036
  275   16     3.67625    -3.16904    -3.17022     -0.00192854    0.91119304   -0.00211650    0.16284729
  276   17     3.08122    -4.32365     2.19458     -0.00341236    1.26165190   -0.00270467    0.17233277
  277   17     2.49315    -2.73947     3.25291     -0.00247704    0.91119304   -0.00271846    0.17309159
  278   17     3.62901    -4.42619     0.37972     -0.00251004    1.12146836   -0.00223817    0.16979412
  279   17     2.03022    -3.73569     2.93838     -0.00319510    1.12146836   -0.00284903    0.17667065
  280   17     3.16750    -3.52230     2.82970     -0.00350729    1.12146836   -0.00312741    0.17091161
  281   17     3.84349    -4.20814     1.40716     -0.00449989    1.40183545   -0.00321000    0.16890133
  282   17     2.89489    -4.83733     0.94921     -0.00365406    1.26165190   -0.00289625    0.17579392
  283   17     2.15729    -4.52559     2.19973     -0.00375628    1.12146836   -0.00334943    0.17929914
  284   17     1.62971    -2.96113     3.17328     -0.00209150    0.77100950   -0.00271267    0.17807012
  285   18     1.31713     2.70825     4.55990     -0.00207701    1.05137659   -0.00197552    0.15132854
  286   18     2.87595     2.05436     4.70057     -0.00191984    0.98128481   -0.00195645    0.14976158
  287   18     1.45968     0.88130     4.35410     -0.00210211    1.19156013   -0.00176416    0.15904398
  288   18     1.00800     4.04043     3.27668     -0.00215269    1.05137659   -0.00204750    0.14899170
  289   18     2.34748     3.88512     4.01820     -0.00144111    0.77100950   -0.00186912    0.14229318
  290   18     1.84364     1.90300     4.76971     -0.00203487    1.12146836   -0.00181447    0.15203832
  291   18     0.75365     1.67477     4.29777     -0.00277375    1.26165190   -0.00219851    0.15903408
  292   18     0.63782     3.02350     4.01328     -0.00200664    0.98128481   -0.00204491    0.15472006
  293   18     1.49201     3.67073     4.09754     -0.00195645    1.05137659   -0.00186084    0.14692132
  294   18     2.43851     3.00284     4.61239     -0.00240793    1.19156013   -0.00202082    0.14680754
  295   18     2.49575     1.08462     4.56150     -0.00146024    0.98128481   -0.00148809    0.15371256
  296   18     1.95062     4.33082     3.33471     -0.00099806    0.84110127   -0.00118662    0.14019470
  297   19     1.97872     4.96586    -2.36527     -0.00310708    1.33174368   -0.00233309    0.14192128
  298   19     1.94262     3.38893    -3.22909     -0.00150520    0.84110127   -0.00178956    0.15175743
  299   19     3.47002     3.80418    -2.99013     -0.00162048    0.98128481   -0.00165138    0.13100597
  300   19     2.16782     5.50628    -0.47788     -0.00236687    1.33174368   -0.00177727    0.13180838
  301   19     2.61440     4.24216    -3.02236     -0.00180274    0.98128481   -0.00183712    0.13815808
  302   19     3.27318     4.83860    -2.39865     -0.00266951    1.26165190   -0.00211588    0.12489691
  303   19     2.85104     5.44625    -1.48050     -0.00233264    1.26165190   -0.00184888    0.12414069
  304   19     1.81249     5.38320    -1.45374     -0.00187679    0.98128481   -0.00191258    0.14076713
  305   19     1.65651     4.21428    -2.87632     -0.00180021    0.77100950   -0.00233488    0.15062746
  306   19     2.73452     3.24546    -3.29124     -0.00122840    0.77100950   -0.00159323    0.14353756
  307   20     7.37312    -0.22157    -3.42676     -0.00212082    1.19156013   -0.00177987    0.11912089
  308   20     7.76175     1.67098    -3.08506     -0.00194436    1.12146836   -0.00173376    0.10076737
  309   20     5.97039     1.19382    -3.60856     -0.00152981    0.91119304   -0.00167891    0.12443777
  310   20     7.16731    -1.63537    -2.07063     -0.00164278    1.26165190   -0.00130208    0.12595093
  311   20     8.68662    -0.01880    -2.19387     -0.00178923    1.26165190   -0.00141817    0.10313589
  312   20     7.11901     0.94181    -3.63194     -0.00200432    1.19156013   -0.00168209    0.11443365
  313   20     6.36211     0.12284    -3.69247     -0.00245602    1.19156013   -0.00206118    0.12780562
  314   20     6.84961    -1.12870    -3.00114     -0.00288781    1.40183545   -0.00206002    0.12872576
  315   20     7.94609    -0.78003    -2.70860     -0.00183948    1.12146836   -0.00164024    0.11528735
  316   20     8.09981     0.56134    -3.13729     -0.00227127    1.26165190   -0.00180023    0.10731301
  317   20     6.70210     1.82249    -3.39848     -0.00108215    0.91119304   -0.00118762    0.11087320
  318   20     8.26426    -1.01479    -1.83312     -0.00119116    1.12146836   -0.00106215    0.11129113
  319   20     8.63309     1.02483    -2.39884     -0.00164516    1.05137659   -0.00156477    0.09581580
  320   21     7.22869    -1.77816     3.62965     -0.00229434    1.26165190   -0.00181852    0.12910324
  321   21     5.39256    -1.37052     3.92321     -0.00187347    0.98128481   -0.00190920    0.14467340
  322   21     6.64778    -0.19126     4.40435     -0.00161588    1.12146836   -0.00144086    0.13457672
  323   21     8.32133    -0.59005     3.34886     -0.00150341    1.19156013   -0.00126171    0.11704087
  324   21     7.89909    -2.09326     1.87957     -0.00135247    1.26165190   -0.00107199    0.12044564
  325   21     6.40710    -1.30286     4.16753     -0.00184431    1.12146836   -0.00164455    0.13541984
  326   21     7.56621    -0.60875     4.05102     -0.00246308    1.61211077   -0.00152786    0.12603533
  327   21     7.96366    -1.73413     2.98131     -0.00184334    1.12146836   -0.00164369    0.12159860
  328   21     6.85696    -2.50933     2.64949     -0.00241289    1.40183545   -0.00172124    0.13307453
  329   21     6.12720    -2.18097     3.42160     -0.00239809    1.26165190   -0.00190075    0.13973531
  330   21     5.68731    -0.49499     4.32441     -0.00122763    0.91119304   -0.00134728    0.14110825
  331   21     8.51196    -1.23957     2.40496     -0.00107445    1.05137659   -0.00102194    0.11354682
  332   21     6.88255    -2.58897     1.71946     -0.00144347    1.05137659   -0.00137293    0.13243310
  333   22     7.15502     4.23917     5.30677     -0.00816938    1.68220254   -0.00485636    0.14725480
  334   22     6.48425     6.04160     3.88805     -0.00622569    1.68220254   -0.00370091    0.12364333
  335   22     8.71381     5.32286     3.94879     -0.00731639    1.75229431   -0.00417532    0.11647897
  336   22     8.89015     2.95723     4.21776     -0.00635330    1.75229431   -0.00362570    0.12210483
  337   22     6.81808     2.84048     5.09828     -0.00627356    1.19156013   -0.00526499    0.15430857
  338   22     7.37208     5.40902     4.76850     -0.00915845    1.89247786   -0.00483940    0.13590746
  339   22     8.37864     4.27399     4.90308     -0.00811704    1.75229431   -0.00463224    0.13450348
  340   22     7.92365     2.91265     4.96356     -0.00866057    1.75229431   -0.00494241    0.14296833
  341   22     6.07551     3.58011     5.11903     -0.00791645    1.47192722   -0.00537829    0.15566817
  342   22     5.89314     4.81335     4.83607     -0.00911316    1.89247786   -0.00481547    0.14606991
  343   22     7.70088     6.08575     3.71903     -0.00559164    1.47192722   -0.00379885    0.11661317
  344   22     9.22535     4.16906     3.97014     -0.00474459    1.47192722   -0.00322338    0.11262974
  345   22     5.48869     5.46057     3.92607     -0.00530761    1.40183545   -0.00378619    0.13029448
  346    1    -4.59239    -1.05234    -3.84981     -0.00026183    0.16122416   -0.00162403    0.15274842
  347    2    -4.39496    -0.66596    -3.81177     -0.00026255    0.16122416   -0.00162846    0.15477300
  348    4    -4.37036    -1.42528    -3.80399     -0.00028156    0.16122416   -0.00174642    0.15507131
  349    1    -4.59244    -0.97984     2.81146     -0.00055391    0.34037304   -0.00162737    0.15615425
  350    2    -4.38532    -0.59378     2.79620     -0.00062207    0.34037304   -0.00182761    0.15806123
  351    5    -3.92304    -1.33631     2.77824     -0.00081473    0.34037304   -0.00239364    0.16281386
  352    2    -4.77972    -0.10614    -4.03961     -0.00036532    0.62179681   -0.00058752    0.14722807
  353    2    -6.39993     0.77992    -3.96794     -0.00109019    1.26385270   -0.00086259    0.14124926
  354    2    -8.07368     1.68712    -2.75673     -0.00254287    1.26385270   -0.00201200    0.15068637
  355    2    -8.76852     2.05218    -0.64121     -0.00371376    1.26385270   -0.00293845    0.16359223
  356    2    -8.20197     1.72669     1.51855     -0.00237406    1.26385270   -0.00187843    0.15114652
  357    2    -6.60435     0.84298     2.84450     -0.00109576    1.26385270   -0.00086700    0.14205661
  358    2    -4.99184    -0.04071     3.02955     -0.00035767    0.62179681   -0.00057522    0.14815026
  359    1    -5.69940    -0.31386    -4.06313     -0.00100558    1.26385270   -0.00079565    0.14353706
  360    1    -7.62274     0.73471    -3.52205     -0.00175465    1.26385270   -0.00138834    0.14412864
  361    1    -8.87224     1.40587    -1.76711     -0.00342920    1.26385270   -0.00271329    0.15923514
  362    1    -8.93991     1.42674     0.48821     -0.00348142    1.26385270   -0.00275461    0.15942422
  363    1    -7.79825     0.78885     2.32701     -0.00172415    1.26385270   -0.00136420    0.14469825
  364    1    -5.91140    -0.24846     3.00173     -0.00105685    1.26385270   -0.00083622    0.14454239
  365    1    -4.58013    -1.35432     2.84394     -0.00028271    0.15909990   -0.00177695    0.15556840
  366    4    -4.33914    -1.71520     2.89028     -0.00026611    0.15909990   -0.00167257    0.15604216
  367    5    -3.90786    -1.70412     2.86826     -0.00035736    0.15909990   -0.00224614    0.16034976
  368    4    -4.93102    -1.94902     3.04902     -0.00035512    0.62284610   -0.00057016    0.14859998
  369    4    -6.48341    -2.93678     2.88218     -0.00115325    1.26587818   -0.00091103    0.14305101
  370    4    -8.01992    -3.94654     1.57516     -0.00241781    1.26587818   -0.00190999    0.15235431
  371    4    -8.56269    -4.35074    -0.57677     -0.00371766    1.26587818   -0.00293682    0.16471650
  372    4    -7.89116    -3.98512    -2.69906     -0.00240361    1.26587818   -0.00189877    0.15190789
  373    4    -6.27821    -2.99828    -3.92923     -0.00117612    1.26587818   -0.00092910    0.14238832
  374    4    -4.71806    -2.01284    -4.02012     -0.00033738    0.62284610   -0.00054168    0.14789032
  375    1    -5.86240    -1.79965     3.01725     -0.00109515    1.26587818   -0.00086513    0.14499549
  376    1    -7.67828    -2.96793     2.36420     -0.00179574    1.26587818   -0.00141857    0.14565318
  377    1    -8.77513    -3.71382     0.53955     -0.00369545    1.26587818   -0.00291928    0.16037563
  378    1    -8.70721    -3.73417    -1.71516     -0.00343860    1.26587818   -0.00271638    0.16015842
  379    1    -7.50211    -3.02073    -3.48363     -0.00177265    1.26587818   -0.00140033    0.14506850
  380    1    -5.64958    -1.86343    -4.04716     -0.00106819    1.26587818   -0.00084384    0.14409474
  381   11    -9.74199     0.98186    -0.65071     -0.00083700    0.23078666   -0.00362671    0.15946137
  382   11    -9.70107     0.65365    -1.67414     -0.00182200    0.50968840   -0.00357473    0.15872349
  383   11    -9.64365    -0.30521    -2.55494     -0.00175580    0.50968840   -0.00344484    0.15418484
  384   11    -9.59680    -1.59916    -2.70336     -0.00176051    0.50968840   -0.00345410    0.15344644
  385   11    -9.57841    -2.73394    -2.06271     -0.00180936    0.50968840   -0.00354993    0.15731564
  386   11    -9.59551    -3.27612    -0.87769     -0.00197851    0.50968840   -0.00388179    0.16153309
  387   11    -9.64156    -3.01860     0.39905     -0.00183172    0.50968840   -0.00359380    0.15926765
  388   11    -9.69898    -2.05974     1.27985     -0.00173461    0.50968840   -0.00340328    0.15467327
  389   11    -9.74583    -0.76580     1.42827     -0.00166180    0.50968840   -0.00326042    0.15335621
  390   11    -9.76422     0.36899     0.78762     -0.00177397    0.50968840   -0.00348050    0.15687138
  391   11    -9.75522     0.92219    -0.13471     -0.00084981    0.23078666   -0.00368223    0.15840889
  392    1    -9.40799     1.13919    -1.09633     -0.00183538    0.50484424   -0.00363554    0.16150565
  393    1    -9.34714     0.42387    -2.36512     -0.00148827    0.50484424   -0.00294798    0.15462154
  394    1    -9.28582    -0.90094    -2.97038     -0.00143586    0.50484424   -0.00284417    0.15061178
  395    1    -9.24745    -2.32920    -2.68091     -0.00157647    0.50484424   -0.00312268    0.15287190
  396    1    -9.24669    -3.31538    -1.60728     -0.00152749    0.50484424   -0.00302567    0.15992075
  397    1    -9.28383    -3.48278    -0.15959     -0.00188907    0.50484424   -0.00374190    0.16230370
  398    1    -9.34468    -2.76746     1.10920     -0.00147859    0.50484424   -0.00292880    0.15528921
  399    1    -9.40600    -1.44265     1.71445     -0.00156022    0.50484424   -0.00309050    0.15112046
  400    1    -9.44437    -0.01438     1.42499     -0.00137582    0.50484424   -0.00272523    0.15257703
  401    1    -9.44513     0.97179     0.35136     -0.00157579    0.50484424   -0.00312134    0.15924484
  402    2    -4.04449    -0.38699     2.80599     -0.00070108    0.33113729   -0.00211719    0.16062169
  403    3    -3.60986    -0.38450     2.83882     -0.00090584    0.33113729   -0.00273553    0.16388823
  404    5    -3.57719    -1.12635     2.79028     -0.00104324    0.33113729   -0.00315047    0.16567016
  405    2    -3.85053    -0.45417    -3.75109     -0.00072339    0.33113729   -0.00218457    0.16022647
  406    3    -3.41472    -0.45209    -3.75821     -0.00092268    0.33113729   -0.00278640    0.16338050
  407    5    -3.38542    -1.19277    -3.69264     -0.00106747    0.33113729   -0.00322364    0.16555933
  408    2    -4.35758     4.85936    -1.22959     -0.00022014    0.03330745   -0.00660939    0.16930112
  409    3    -3.92703     4.82605    -1.20775     -0.00020165    0.03330745   -0.00605423    0.17109203
  410   12    -4.63423     4.93899    -1.17750     -0.00027099    0.03330745   -0.00813605    0.16909234
  411    2    -4.39872     4.87138     0.16238     -0.00023997    0.03330745   -0.00720461    0.16903669
  412    3    -3.96765     4.83791     0.16658     -0.00029682    0.03330745   -0.00891153    0.17112807
  413   12    -4.67177     4.94995     0.09267     -0.00022909    0.03330745   -0.00687816    0.16925762
  414    3    -3.65220     4.70501     0.70224     -0.00176896    0.66594612   -0.00265631    0.16972252
  415    3    -3.67785     3.47516     2.25136     -0.00262217    1.36140510   -0.00192608    0.15851455
  416    3    -3.66407     1.20037     3.03512     -0.00197281    1.36140510   -0.00144910    0.15538682
  417    2    -4.28387     4.26632     1.31105     -0.00343163    1.36140510   -0.00252065    0.16507491
  418    2    -4.29815     2.39679     2.82557     -0.00156087    1.36140510   -0.00114652    0.15041743
  419    2    -4.27288     0.43142     3.04839     -0.00053937    0.66594612   -0.00080993    0.15194517
  420    3    -3.44354     0.36996    -4.00506     -0.00078996    0.66717687   -0.00118403    0.15592792
  421    3    -3.48086     2.34263    -3.82235     -0.00185979    1.36414030   -0.00136334    0.15295821
  422    3    -3.55516     4.24293    -2.34221     -0.00375055    1.36414030   -0.00274938    0.16720085
  423    2    -4.07649     1.12065    -4.00745     -0.00141621    1.36414030   -0.00103817    0.15009211
  424    2    -4.13536     3.41367    -3.26848     -0.00226261    1.36414030   -0.00165863    0.15454200
  425    2    -4.20070     4.67354    -1.74053     -0.00161498    0.66717687   -0.00242062    0.16723183
  426    2    -4.06724    -0.84015    -3.71305     -0.00071475    0.33824878   -0.00211308    0.15940980
  427    4    -4.03339    -1.59840    -3.76253     -0.00065078    0.33824878   -0.00192396    0.15836753
  428    5    -3.60011    -1.57961    -3.73144     -0.00077672    0.33824878   -0.00229629    0.16240887
  429    4    -4.22594    -1.58365    -3.90021      0.00001818    0.00759184    0.00239443    0.15392621
  430    2    -4.25942    -0.50097    -3.91078     -0.00000594    0.00759184   -0.00078241    0.15364319
  431    5    -3.59869    -1.47553     2.97127     -0.00003417    0.01397848   -0.00244423    0.16127661
  432    2    -4.26179    -0.42099     2.94083      0.00003463    0.01397848    0.00247724    0.15593009
  433   12    -5.03121     5.01307    -1.42482     -0.00090961    0.23203015   -0.00392024    0.16603425
  434   12    -5.62822     4.65228    -2.25261     -0.00167548    0.51329415   -0.00326418    0.16115102
  435   12    -6.69393     4.03440    -2.70197     -0.00161065    0.51329415   -0.00313786    0.15590401
  436   12    -7.79222     3.41875    -2.33563     -0.00183575    0.51329415   -0.00357641    0.15693719
  437   12    -8.49738     3.04395    -1.29558     -0.00164435    0.51329415   -0.00320352    0.16111942
  438   12    -8.53612     3.05526     0.01508     -0.00198770    0.51329415   -0.00387244    0.16131357
  439   12    -7.89341     3.44831     1.08834     -0.00167154    0.51329415   -0.00325649    0.15719387
  440   12    -6.81836     4.07074     1.50823     -0.00175713    0.51329415   -0.00342324    0.15643665
  441   12    -5.72766     4.68132     1.11199     -0.00150575    0.51329415   -0.00293351    0.16160569
  442   12    -5.08262     5.02808     0.31480     -0.00088864    0.23203015   -0.00382984    0.16618294
  443    2    -4.89908     4.70220    -1.89640     -0.00172743    0.50672319   -0.00340903    0.16561398
  444    2    -5.89118     4.11458    -2.80285     -0.00144730    0.50672319   -0.00285620    0.15532595
  445    2    -7.16469     3.38865    -2.85171     -0.00150429    0.50672319   -0.00296867    0.15270928
  446    2    -8.22602     2.80577    -2.02404     -0.00165414    0.50672319   -0.00326438    0.15768632
  447    2    -8.66381     2.59186    -0.64064     -0.00129143    0.50672319   -0.00254859    0.16269652
  448    2    -8.30837     2.82982     0.76230     -0.00161419    0.50672319   -0.00318554    0.15788859
  449    2    -7.29747     3.42743     1.64101     -0.00144781    0.50672319   -0.00285721    0.15303452
  450    2    -6.02292     4.15306     1.65493     -0.00143445    0.50672319   -0.00283083    0.15586537
  451    2    -4.97873     4.72546     0.79865     -0.00173265    0.50672319   -0.00341931    0.16600859
  452    3    -2.16210    -0.60136    -3.81209     -0.00053112    0.16248968   -0.00326865    0.16995571
  453    5    -2.13930    -1.34433    -3.80367     -0.00060370    0.16248968   -0.00371529    0.17061736
  454    6    -1.93163    -0.96495    -3.78453     -0.00057022    0.16248968   -0.00350927    0.17203641
  455    3    -2.35888    -0.53176     2.96952     -0.00056574    0.16248968   -0.00348173    0.16936987
  456    5    -2.33607    -1.27473     2.97767     -0.00052702    0.16248968   -0.00324340    0.16991758
  457    6    -2.12741    -0.89570     2.96283     -0.00050465    0.16248968   -0.00310576    0.17081786
  458    5    -2.82113    -1.44756     3.05604     -0.00122301    0.83576153   -0.00146334    0.16506520
  459    3    -3.04201    -0.39423     3.02039     -0.00130284    0.83576153   -0.00155886    0.16394717
  460    5    -2.80620    -1.52462    -3.89396     -0.00137848    0.83230673   -0.00165622    0.16438126
  461    3    -2.65007    -0.45960    -3.91861     -0.00128941    0.83230673   -0.00154920    0.16471586
  462    3    -0.80597     0.07660    -3.75797     -0.00090725    0.23940169   -0.00378964    0.17546708
  463    6    -0.58340    -0.29286    -3.75474     -0.00092386    0.23940169   -0.00385902    0.17776799
  464   16     0.13160    -0.44276    -3.86485     -0.00104894    0.23940169   -0.00438151    0.17905341
  465    3    -1.06025     0.48389     3.04367     -0.00129227    0.46372635   -0.00278670    0.17212151
  466    6    -0.83712     0.11086     3.00389     -0.00136169    0.46372635   -0.00293641    0.17454354
  467   18    -0.09028     0.74116     3.29145     -0.00143332    0.46372635   -0.00309088    0.17080647
  468    6    -1.52846    -0.40305     3.02981     -0.00115517    0.50396291   -0.00229218    0.17181294
  469    3    -2.02442     0.01432     3.08890     -0.00099077    0.52778010   -0.00187725    0.16759729
  470    6    -1.46980    -0.55995    -3.82189     -0.00127727    0.55319772   -0.00230888    0.17272736
  471    3    -1.60335     0.07711    -3.91185     -0.00121316    0.57933505   -0.00209406    0.16907997
  472    3    -0.43043     0.30020    -3.73573     -0.00032392    0.04644664   -0.00697394    0.17561197
  473    7     0.26657    -0.05593    -3.83456     -0.00026640    0.04644664   -0.00573571    0.17795190
  474   16     0.48592    -0.22698    -3.93690     -0.00026854    0.04644664   -0.00578174    0.17807673
  475    3     0.23473     2.02026    -3.18175     -0.00233522    0.61160533   -0.00381818    0.17409282
  476    7     0.94785     1.66695    -3.21597     -0.00199729    0.61160533   -0.00326566    0.17233303
  477   19     1.16712     2.35233    -3.04792     -0.00192592    0.61160533   -0.00314895    0.16859652
  478    7     0.42487     0.59126    -3.72678     -0.00352525    1.48599679   -0.00237231    0.17497040
  479    3    -0.43648     1.38252    -3.65351     -0.00355043    1.48599679   -0.00238926    0.17130280
  480   12    -4.81206     5.04127    -0.41676     -0.00329088    0.88933672   -0.00370038    0.17073424
  481    3    -3.74376     4.93429    -0.63674     -0.00313050    1.25429558   -0.00249582    0.17263618
  482    3    -1.05605     3.85294     2.01713     -0.00115526    0.31246135   -0.00369727    0.17097808
  483   13    -0.90062     4.02894     1.83885     -0.00122775    0.31246135   -0.00392929    0.17265267
  484   18    -0.09198     3.75236     2.37111     -0.00097363    0.31246135   -0.00311599    0.16167429
  485    3    -0.51270     3.70218    -2.68335     -0.00102515    0.23868498   -0.00429500    0.17558492
  486   13    -0.39595     3.91203    -2.51531     -0.00125200    0.23868498   -0.00524540    0.17665985
  487   19     0.45206     3.88101    -2.52526     -0.00116447    0.23868498   -0.00487867    0.16866148
  488   13    -1.00028     4.12829    -2.57453     -0.00115137    0.23939304   -0.00480954    0.17498035
  489   13    -1.87930     4.66928    -2.13692     -0.00213506    0.53447791   -0.00399467    0.17579176
  490   13    -2.55982     5.08154    -1.03943     -0.00220366    0.53447791   -0.00412301    0.17882761
  491   13    -2.52830     5.05030     0.31540     -0.00244615    0.53447791   -0.00457670    0.17843667
  492   13    -1.79795     4.58864     1.35990     -0.00236806    0.53447791   -0.00443060    0.17608009
  493    3    -1.57988     4.10932    -2.67522     -0.00203166    0.51812450   -0.00392118    0.17277295
  494    3    -2.63640     4.75655    -1.80199     -0.00209437    0.51812450   -0.00404222    0.17529090
  495    3    -3.01990     4.98170    -0.35289     -0.00248237    0.51812450   -0.00479108    0.17905934
  496    3    -2.56970     4.69044     1.06490     -0.00212320    0.51812450   -0.00409786    0.17468221
  497    3    -1.75726     4.18025     1.83876     -0.00117617    0.29017339   -0.00405333    0.17049545
  498   16     0.53966    -0.43354    -4.14199     -0.00042005    0.24207387   -0.00173521    0.17411031
  499    3    -0.81527     0.38913    -3.99158     -0.00024086    0.35106322   -0.00068608    0.16801851
  500   18     0.19453     3.60932     3.02582     -0.00139939    0.80642686   -0.00173529    0.15644240
  501   18     0.04007     2.52035     3.60616     -0.00369749    1.62135380   -0.00228049    0.16169375
  502   18     0.16368     1.29190     3.75496     -0.00142396    0.80642686   -0.00176577    0.16437621
  503    3    -1.31525     3.19173     2.76730     -0.00321248    2.29430169   -0.00140020    0.16121289
  504    3    -1.33747     1.52272     3.29243     -0.00302517    2.29430169   -0.00131856    0.16265626
  505   19     1.14917     3.23597    -2.97979     -0.00363834    1.37033384   -0.00265508    0.16385765
  506    3    -0.32994     3.10868    -3.12706     -0.00422445    1.95925204   -0.00215615    0.16881488
  507    4    -4.00949    -6.87544     0.24301     -0.00022222    0.03055665   -0.00727252    0.17277566
  508    5    -3.58297    -6.81264     0.24750     -0.00019625    0.03055665   -0.00642255    0.17474749
  509   14    -4.27819    -6.97204     0.17956     -0.00023767    0.03055665   -0.00777794    0.17182749
  510    4    -3.96894    -6.89262    -1.04112     -0.00028011    0.03055665   -0.00916703    0.17289206
  511    5    -3.54294    -6.82960    -1.02038     -0.00027150    0.03055665   -0.00888517    0.17410933
  512   14    -4.24119    -6.98772    -0.99219     -0.00020998    0.03055665   -0.00687191    0.17199576
  513    5    -3.57640    -2.33813     3.09692     -0.00081318    0.66916145   -0.00121522    0.15741719
  514    5    -3.46653    -4.31811     2.90810     -0.00178827    1.36907511   -0.00130619    0.15587962
  515    5    -3.32059    -6.21511     1.40951     -0.00391453    1.36907511   -0.00285925    0.17146270
  516    4    -4.15333    -3.13456     3.06023     -0.00135757    1.36907511   -0.00099160    0.15201004
  517    4    -4.00939    -5.43243     2.30874     -0.00229118    1.36907511   -0.00167352    0.15791928
  518    4    -3.89589    -6.68475     0.76378     -0.00167124    0.66916145   -0.00249752    0.17096626
  519    5    -3.20495    -6.68206    -1.54179     -0.00190391    0.67250094   -0.00283109    0.17323881
  520    5    -3.22007    -5.46225    -3.12801     -0.00258432    1.37652824   -0.00187742    0.16052985
  521    5    -3.31539    -3.17140    -3.93965     -0.00190695    1.37652824   -0.00138534    0.15611709
  522    4    -3.82500    -6.29093    -2.20259     -0.00356535    1.37652824   -0.00259010    0.16780335
  523    4    -3.87523    -4.42140    -3.75764     -0.00157430    1.37652824   -0.00114368    0.15134940
  524    4    -3.97221    -2.43674    -3.99432     -0.00055885    0.67250094   -0.00083100    0.15209036
  525   14    -4.67950    -7.07337     0.40788     -0.00092543    0.23384906   -0.00395738    0.16902669
  526   14    -5.33811    -6.75380     1.21635     -0.00171857    0.51818004   -0.00331656    0.16400304
  527   14    -6.46899    -6.20310     1.61888     -0.00163150    0.51818004   -0.00314851    0.15825192
  528   14    -7.59219    -5.65445     1.19277     -0.00192083    0.51818004   -0.00370688    0.15878231
  529   14    -8.26551    -5.32388     0.10578     -0.00169094    0.51818004   -0.00326323    0.16270704
  530   14    -8.22383    -5.34154    -1.21412     -0.00201918    0.51818004   -0.00389667    0.16255217
  531   14    -7.48357    -5.70046    -2.24725     -0.00168697    0.51818004   -0.00325556    0.15832953
  532   14    -6.33619    -6.25935    -2.58686     -0.00177389    0.51818004   -0.00342332    0.15779851
  533   14    -5.23343    -6.79815    -2.09923     -0.00149985    0.51818004   -0.00289446    0.16337188
  534   14    -4.62739    -7.09544    -1.24258     -0.00094626    0.23384906   -0.00404647    0.16894319
  535    4    -4.58959    -6.75665     0.88803     -0.00171395    0.50988024   -0.00336147    0.16883128
  536    4    -5.66396    -6.23445     1.75689     -0.00151559    0.50988024   -0.00297245    0.15807974
  537    4    -6.99154    -5.58696     1.74300     -0.00150474    0.50988024   -0.00295117    0.15478501
  538    4    -8.04964    -5.06913     0.85183     -0.00169513    0.50988024   -0.00332456    0.15943124
  539    4    -8.42165    -4.88483    -0.56575     -0.00131927    0.50988024   -0.00258741    0.16399300
  540    4    -7.96112    -5.10663    -1.95161     -0.00169088    0.50988024   -0.00331623    0.15913155
  541    4    -6.84936    -5.64720    -2.76011     -0.00153338    0.50988024   -0.00300733    0.15442416
  542    4    -5.52409    -6.29370    -2.67293     -0.00148328    0.50988024   -0.00290907    0.15756883
  543    4    -4.50710    -6.79160    -1.72439     -0.00177885    0.50988024   -0.00348877    0.16854490
  544    5    -0.84109    -2.06749     2.96458     -0.00073216    0.18566210   -0.00394352    0.17762080
  545    6    -0.64296    -1.68258     2.95049     -0.00071636    0.18566210   -0.00385839    0.17898978
  546    7    -0.16225    -1.68847     2.96060     -0.00073833    0.18566210   -0.00397675    0.18041499
  547    5    -0.91281    -1.96677    -3.79388     -0.00095289    0.30859315   -0.00308785    0.17631104
  548    6    -0.71460    -1.58024    -3.77954     -0.00113933    0.30859315   -0.00369201    0.17837821
  549   16     0.01075    -1.65310    -3.90773     -0.00139436    0.30859315   -0.00451844    0.17994143
  550    6    -1.56353    -1.31260     3.01195     -0.00144829    0.67299436   -0.00215201    0.17303323
  551    5    -1.61888    -1.98201     3.08706     -0.00143070    0.70478054   -0.00203000    0.17139875
  552    6    -1.36213    -1.38437    -3.82612     -0.00100602    0.44566339   -0.00225736    0.17366613
  553    5    -1.80756    -1.84498    -3.90965     -0.00096543    0.46673851   -0.00206846    0.16933061
  554    5    -0.14936    -2.83603     2.84475     -0.00115013    0.23321257   -0.00493167    0.18184570
  555    7     0.53104    -2.46727     2.91300     -0.00097131    0.23321257   -0.00416491    0.18397451
  556   17     0.71605    -2.70158     2.90233     -0.00085098    0.23321257   -0.00364894    0.18475704
  557    7     0.20313    -1.97579     3.07140     -0.00144985    0.70672927   -0.00205150    0.17862868
  558    5    -0.68987    -2.64981     3.05693     -0.00142603    0.70672927   -0.00201778    0.17491509
  559   14    -4.40499    -7.08672    -0.53052     -0.00298107    0.81889818   -0.00364035    0.17298702
  560    5    -3.36049    -6.90917    -0.26696     -0.00311943    1.15537416   -0.00269993    0.17574691
  561    5     0.41095    -4.61333    -2.53872     -0.00121800    0.27571063   -0.00441768    0.18579694
  562   15     0.46206    -4.82453    -2.33966     -0.00122998    0.27571063   -0.00446113    0.18779696
  563   16     1.16685    -4.01493    -2.71123     -0.00119860    0.27571063   -0.00434733    0.18202845
  564    5     0.04531    -4.90489     1.97673     -0.00130037    0.26710090   -0.00486845    0.18797403
  565   15     0.14310    -5.11592     1.79491     -0.00127369    0.26710090   -0.00476858    0.18957137
  566   17     0.85703    -4.57217     1.99050     -0.00139570    0.26710090   -0.00522538    0.18807179
  567   15    -0.35475    -5.58417     1.83271     -0.00103663    0.23211203   -0.00446609    0.18501618
  568   15    -1.21367    -6.21467     1.62851     -0.00235346    0.51392366   -0.00457940    0.18170329
  569   15    -2.00504    -6.81768     0.77025     -0.00209732    0.51392366   -0.00408100    0.18207161
  570   15    -2.22071    -7.01654    -0.51056     -0.00253479    0.51392366   -0.00493223    0.18332876
  571   15    -1.77654    -6.73369    -1.71440     -0.00208401    0.51392366   -0.00405510    0.18040954
  572   15    -0.84578    -6.07945    -2.37179     -0.00217210    0.51392366   -0.00422651    0.18048194
  573   15     0.03207    -5.44199    -2.37342     -0.00107095    0.23211203   -0.00461395    0.18469102
  574    5    -0.90242    -5.57490     2.02372     -0.00184141    0.50644239   -0.00363598    0.18109704
  575    5    -1.99139    -6.38435     1.45902     -0.00194540    0.50644239   -0.00384130    0.17795207
  576    5    -2.58421    -6.85640     0.19978     -0.00184923    0.50644239   -0.00365141    0.18236342
  577    5    -2.44970    -6.80696    -1.26289     -0.00231804    0.50644239   -0.00457711    0.18069540
  578    5    -1.64030    -6.25531    -2.35857     -0.00197011    0.50644239   -0.00389009    0.17612898
  579    5    -0.47169    -5.41658    -2.65995     -0.00194507    0.50644239   -0.00384065    0.18096747
  580   16     1.45750    -3.62528    -3.35082     -0.00265487    0.92608159   -0.00286678    0.17660097
  581   16     0.75772    -2.51155    -3.99638     -0.00666106    1.87215811   -0.00355796    0.18017909
  582    5    -0.05621    -3.91859    -3.38766     -0.00595292    2.60229026   -0.00228757    0.17611006
  583    5    -0.83106    -2.56031    -3.98767     -0.00202621    1.32319918   -0.00153130    0.17025270
  584   17     0.90910    -3.17127     2.90558     -0.00266085    0.81302013   -0.00327279    0.18328417
  585   17     1.17349    -4.14462     2.45413     -0.00294605    0.81302013   -0.00362359    0.18483399
  586    5    -0.20098    -3.97673     2.63962     -0.00579436    2.25404359   -0.00257065    0.18036104
  587    6    -0.18639    -0.42412     3.03834     -0.00119003    0.33392768   -0.00356374    0.17723050
  588    7     0.28563    -0.42638     3.13799     -0.00103124    0.33392768   -0.00308821    0.17584091
  589   18     0.52538     0.21769     3.38316     -0.00104361    0.33392768   -0.00312524    0.17160205
  590    7     0.14048    -1.05371     3.11502     -0.00106052    0.45537943   -0.00232887    0.17693611
  591    6    -0.54501    -1.20240     3.02659     -0.00116791    0.43451251   -0.00268786    0.17722581
  592   16     0.46962    -1.17433    -4.15831     -0.00228142    0.67418950   -0.00338394    0.17781188
  593    6    -0.54056    -0.84420    -3.88875     -0.00169137    0.86880391   -0.00194678    0.17583891
  594   18     0.42553     0.68482     3.70377     -0.00056345    0.43487299   -0.00129566    0.16612498
  595    6    -0.57156    -0.29763     3.20295     -0.00042444    0.57549792   -0.00073752    0.17170010
  596    7     2.41764     0.97081    -3.59081     -0.00032695    0.08565857   -0.00381693    0.16327267
  597    8     2.62089     1.35903    -3.40838     -0.00027712    0.08565857   -0.00323520    0.15823807
  598   16     2.48410     0.71931    -3.73514     -0.00029281    0.08565857   -0.00341840    0.16444977
  599    7     2.37073    -1.42279     3.28088     -0.00032162    0.08640983   -0.00372198    0.17073649
  600    8     2.57458    -1.00620     3.38195     -0.00023183    0.08640983   -0.00268289    0.16573350
  601   17     2.43890    -1.70825     3.23833     -0.00034521    0.08640983   -0.00399508    0.17262891
  602    7     1.66506    -0.61021     3.47583     -0.00022093    0.08851413   -0.00249598    0.16791353
  603    8     1.86565    -0.22053     3.65814     -0.00021639    0.08851413   -0.00244473    0.16493111
  604   18     1.78936     0.03641     3.78904     -0.00025242    0.08851413   -0.00285175    0.16415591
  605    7     2.20311     1.52881    -3.37092     -0.00023896    0.08357661   -0.00285917    0.16055320
  606    8     2.40996     1.94413    -3.27081     -0.00021764    0.08357661   -0.00260409    0.15654368
  607   19     2.35385     2.23467    -3.24256     -0.00018796    0.08357661   -0.00224901    0.15571312
  608    8     2.19088    -0.50697     3.60836     -0.00061654    0.47226199   -0.00130550    0.16379885
  609    7     2.04532    -1.15558     3.38763     -0.00082939    0.47226199   -0.00175622    0.16893767
  610    8     2.58676     1.74159    -3.35404     -0.00023841    0.16093754   -0.00148136    0.15509681
  611    7     2.24029     1.18756    -3.55186     -0.00033025    0.16093754   -0.00205205    0.16180107
  612    7     4.68614    -3.15551     0.04996     -0.00076844    0.22438230   -0.00342469    0.16213897
  613    9     5.33708    -2.72726     0.21531     -0.00073470    0.22438230   -0.00327430    0.15237585
  614   17     4.57281    -3.28970     0.29110     -0.00074673    0.22438230   -0.00332795    0.16487210
  615    7     5.19924    -2.33891    -1.51172     -0.00070894    0.22769313   -0.00311358    0.15214055
  616    9     5.92904    -2.04671    -1.38295     -0.00056134    0.22769313   -0.00246534    0.14293992
  617   20     6.03824    -1.91718    -1.62982     -0.00044936    0.22769313   -0.00197353    0.14172195
  618    9     5.84926    -2.48748    -0.43072     -0.00176785    1.45116403   -0.00121823    0.14268643
  619    7     4.88034    -2.90681    -0.95208     -0.00236306    1.45116403   -0.00162839    0.15545097
  620    7     1.52475    -4.09189    -2.47983     -0.00054953    0.15374675   -0.00357423    0.18047206
  621   15     0.86388    -4.61746    -2.22467     -0.00089595    0.15374675   -0.00582746    0.18629534
  622   16     1.62533    -3.92437    -2.70390     -0.00057079    0.15374675   -0.00371256    0.17963669
  623    7     2.20918    -4.69870    -0.61710     -0.00099652    0.27313724   -0.00364843    0.18232692
  624   15     1.48608    -5.20477    -0.55986     -0.00149829    0.27313724   -0.00548548    0.18897990
  625   17     2.25442    -4.75854    -0.32708     -0.00096269    0.27313724   -0.00352457    0.18350373
  626   15     0.73702    -5.27457    -1.91407     -0.00277910    0.74046759   -0.00375317    0.18722100
  627   15     1.12820    -5.54645    -1.03091     -0.00298639    0.74046759   -0.00403312    0.18865383
  628    7     1.90063    -4.56516    -1.64102     -0.00408374    2.06065896   -0.00198176    0.17830368
  629    7     4.69648    -2.38789    -2.18033     -0.00077318    0.29311801   -0.00263778    0.15873057
  630   16     4.59323    -2.34287    -2.45906     -0.00093167    0.29311801   -0.00317848    0.16006782
  631   20     5.47388    -1.84980    -2.20056     -0.00086932    0.29311801   -0.00296578    0.14784173
  632   16     4.06565    -2.93667    -2.63412     -0.00104104    0.31053409   -0.00335242    0.16398109
  633   16     2.85216    -3.60067    -2.82043     -0.00233201    0.73651291   -0.00316629    0.17301856
  634    7     3.64931    -3.34697    -2.29673     -0.00211582    0.63887027   -0.00331182    0.16777857
  635    7     2.25595    -3.93292    -2.55474     -0.00091353    0.37640496   -0.00242700    0.17444083
  636   16     1.12576    -0.19240    -4.17297     -0.00095013    0.31899785   -0.00297849    0.17459703
  637   16     2.09442     0.36382    -4.03079     -0.00090861    0.31899785   -0.00284831    0.16826702
  638    7     1.43080     0.33633    -3.86080     -0.00259830    0.65162834   -0.00398739    0.17584189
  639   17     2.11803    -2.13592     3.25734     -0.00085595    0.24967865   -0.00342822    0.17571586
  640   17     1.32227    -2.51590     3.12572     -0.00074057    0.24967865   -0.00296609    0.18035166
  641    7     1.54826    -1.96163     3.17909     -0.00185592    0.54015596   -0.00343589    0.17886860
  642   17     2.91299    -4.57387    -0.24993     -0.00093469    0.23823531   -0.00392341    0.17648110
  643   17     3.83496    -4.04350     0.01897     -0.00163042    0.52726450   -0.00309222    0.17073180
  644    7     3.29066    -4.25068    -0.56344     -0.00147169    0.52027621   -0.00282867    0.17196316
  645    7     4.25459    -3.62714    -0.19315     -0.00089583    0.28877007   -0.00310223    0.16484775
  646   18     1.17613     0.36732     3.80928     -0.00174670    0.74650606   -0.00233983    0.16674228
  647    7     1.10530    -0.66818     3.42994     -0.00144296    1.05278770   -0.00137061    0.17004865
  648   19     2.04824     2.48062    -3.23600     -0.00123254    0.55207864   -0.00223254    0.15766187
  649    7     1.62276     1.48918    -3.46457     -0.00116501    0.77896039   -0.00149559    0.16447925
  650   20     6.12080    -1.88199    -1.94946     -0.00059591    0.39595891   -0.00150497    0.13943044
  651    7     4.91009    -2.58843    -1.93273     -0.00034366    0.56382657   -0.00060951    0.15289037
  652    8     3.67384     0.68401     4.06703     -0.00016345    0.09461948   -0.00172743    0.15151021
  653    9     4.15348     0.64556     4.04225     -0.00016298    0.09461948   -0.00172246    0.14911738
  654   18     3.47311     0.87908     4.17029     -0.00020614    0.09461948   -0.00217863    0.15297368
  655    8     4.13891     2.70297    -2.91594     -0.00019934    0.10375794   -0.00192118    0.13121861
  656    9     4.61354     2.64134    -2.85967     -0.00018566    0.10375794   -0.00178937    0.12481236
  657   19     3.96585     2.94496    -2.91369     -0.00029263    0.10375794   -0.00282029    0.13213994
  658    8     4.49505     1.92771    -3.05108     -0.00017092    0.09241117   -0.00184959    0.13335181
  659    9     4.97443     1.88692    -3.07674     -0.00020494    0.09241117   -0.00221770    0.12909354
  660   20     5.17758     1.69012    -3.16935     -0.00021655    0.09241117   -0.00234333    0.12946704
  661    8     4.06965     0.15245     3.89557     -0.00018104    0.08877365   -0.00203931    0.15061006
  662    9     4.54369     0.08993     3.95446     -0.00017694    0.08877365   -0.00199317    0.14891906
  663   21     4.74859    -0.12717     3.96833     -0.00018551    0.08877365   -0.00208970    0.14879004
  664    9     4.45065     0.37413     4.05593     -0.00019362    0.19638139   -0.00098595    0.14782046
  665    8     3.75821     0.38073     4.01280     -0.00012608    0.19638139   -0.00064200    0.15036624
  666    9     4.89071     2.20766    -3.02876     -0.00017654    0.32165212   -0.00054886    0.12504674
  667    8     4.21473     2.38726    -3.02441     -0.00034559    0.32165212   -0.00107442    0.13206358
  668    8     3.35855     5.32503     0.41569      0.00018453    0.22591310    0.00081680    0.10307149
  669   10     4.13138     5.52356     0.51872      0.00119263    0.22591310    0.00527916    0.07595528
  670   19     3.26598     5.34875     0.13232     -0.00012212    0.22591310   -0.00054057    0.10724715
  671    8     3.90109     4.76056     2.62541      0.00031495    0.24590555    0.00128077    0.11176561
  672   10     4.61288     5.12275     2.72318      0.00025607    0.24590555    0.00104135    0.10421358
  673   22     4.75479     5.06827     3.01334     -0.00037004    0.24590555   -0.00150481    0.11392272
  674   10     4.44076     5.76248     1.11019      0.00387993    0.93030852    0.00417059    0.06846186
  675   10     4.45648     5.40335     2.27280      0.00225703    0.93030852    0.00242611    0.09005066
  676    8     3.38514     5.15874     1.57485      0.00182864    2.04564220    0.00089392    0.10415148
  677    8     0.68739     4.31601     1.89990     -0.00033464    0.24217748   -0.00138178    0.15236157
  678   13    -0.08581     4.33736     1.54604     -0.00097770    0.24217748   -0.00403714    0.16547174
  679   18     0.68829     4.19464     2.17451     -0.00053507    0.24217748   -0.00220940    0.15357504
  680    8     1.13693     4.96130     0.39341     -0.00054112    0.25727956   -0.00210323    0.14996512
  681   13     0.31397     4.95375     0.17462     -0.00140803    0.25727956   -0.00547276    0.16605400
  682   19     1.15684     5.03216     0.10253     -0.00062917    0.25727956   -0.00244547    0.15137080
  683   13    -0.36725     4.79596     0.91479     -0.00470043    1.09340243   -0.00429890    0.17301492
  684    8     0.90607     4.83120     1.08602     -0.00146742    1.54181943   -0.00095174    0.14808184
  685    8     3.97860     1.13279    -3.21227     -0.00114829    0.57004566   -0.00201437    0.14762270
  686   16     3.75451     0.48701    -3.48496     -0.00174667    0.57004566   -0.00306409    0.15595665
  687   20     4.68129     0.91509    -3.25675     -0.00123942    0.57004566   -0.00217425    0.14208384
  688   16     2.84105     0.49239    -3.84104     -0.00201705    0.64008331   -0.00315124    0.16333893
  689    8     3.28073     1.40181    -3.39694     -0.00099977    0.90296309   -0.00110721    0.15017868
  690    8     3.50489    -0.96890     3.32731     -0.00106466    0.57322044   -0.00185733    0.16072645
  691   17     3.32744    -1.65096     3.12197     -0.00171153    0.57322044   -0.00298581    0.16731546
  692   21     4.22179    -1.15816     3.36731     -0.00126045    0.57322044   -0.00219890    0.15645215
  693   17     2.72896    -1.93627     3.22611     -0.00098888    0.32078465   -0.00308268    0.17169696
  694    8     2.87851    -0.89542     3.51822     -0.00036877    0.45295791   -0.00081415    0.16122653
  695    8     3.40186     4.48623     2.86376     -0.00018388    0.29376607   -0.00062595    0.12455682
  696   18     3.24445     4.35311     3.08317     -0.00043267    0.29376607   -0.00147283    0.13023743
  697   22     4.32624     4.65716     3.15906     -0.00020920    0.29376607   -0.00071213    0.12080168
  698   18     2.10892     0.37118     4.08740     -0.00052370    0.26563030   -0.00197153    0.16019518
  699   18     2.93567     0.78166     4.27386     -0.00053231    0.26563030   -0.00200395    0.15542516
  700    8     2.71155     0.29277     3.96591     -0.00129790    0.56856358   -0.00228277    0.15946606
  701   18     2.40173     4.43474     2.99320     -0.00060196    0.32441656   -0.00185552    0.13645082
  702   18     1.32735     4.36195     2.61449     -0.00064036    0.32441656   -0.00197387    0.14566191
  703    8     1.98308     4.50650     2.44676     -0.00138473    0.66079490   -0.00209555    0.13886440
  704   19     2.03329     5.26643     0.05210     -0.00086677    0.46324499   -0.00187108    0.13580412
  705    8     2.36951     5.22962     0.43223     -0.00072995    0.56150908   -0.00129998    0.12697036
  706   19     3.46491     2.97346    -3.10255     -0.00052523    0.24200873   -0.00217028    0.13827266
  707   19     2.68259     2.64445    -3.25821     -0.00048650    0.24200873   -0.00201026    0.14956855
  708    8     3.22460     2.43408    -3.14614     -0.00106695    0.52744062   -0.00202287    0.14569955
  709   20     5.20796     1.33647    -3.32139     -0.00067467    0.34137431   -0.00197633    0.13252304
  710    8     4.20665     1.76638    -3.20447     -0.00028328    0.48193158   -0.00058780    0.13688692
  711   21     4.77489    -0.55334     3.89485     -0.00120509    0.63700549   -0.00189181    0.14952150
  712    8     3.68776    -0.36329     3.75560     -0.00055797    0.89834302   -0.00062111    0.15321644
  713   22     4.78698     5.11444     3.27375     -0.00007397    0.13777008   -0.00053688    0.11801393
  714    8     3.45683     4.74970     2.79869      0.00019468    0.19717185    0.00098735    0.11803051
  715    9     5.32331     3.87665    -2.14978      0.00007995    0.32054827    0.00024942    0.09262622
  716   10     5.55059     4.22388    -1.95449      0.00070299    0.32054827    0.00219307    0.07874337
  717   19     4.62773     4.05235    -2.17776     -0.00028207    0.32054827   -0.00087996    0.10588137
  718    9     8.74953     1.99539    -1.65583      0.00011459    0.05240557    0.00218652    0.07118940
  719   10     8.85865     2.40389    -1.48527      0.00021483    0.05240557    0.00409946    0.05865218
  720   20     8.65169     1.80600    -1.86304     -0.00004408    0.05240557   -0.00084114    0.08019706
  721    9     7.45003     2.81995    -2.43798     -0.00003338    0.05240557   -0.00063686    0.08207993
  722   10     7.61289     3.19435    -2.23507      0.00012290    0.05240557    0.00234512    0.06855192
  723   20     7.46820     2.55694    -2.57536     -0.00008538    0.05240557   -0.00162924    0.08874560
  724    9     8.68310     1.50551     3.10504     -0.00007893    0.13632842   -0.00057901    0.10187392
  725   10     8.85168     1.92774     3.14844     -0.00006355    0.13632842   -0.00046618    0.09882349
  726   22     8.74421     2.07526     3.41904     -0.00037495    0.13632842   -0.00275038    0.10892217
  727   10     9.17594     1.80210     2.62424      0.00108278    0.65119452    0.00166275    0.07908012
  728   10     9.61836     1.94702     0.79013      0.00548066    1.37076610    0.00399825    0.04405536
  729   10     9.26025     2.49064    -0.98663      0.00207008    0.65119452    0.00317889    0.04482050
  730    9     9.21025     1.20482     1.85024      0.00203189    1.39878254    0.00145261    0.07519936
  731    9     9.26479     1.65028    -0.48587      0.00229135    1.39878254    0.00163810    0.06071644
  732   10     7.02629     3.86078    -2.09757      0.00155190    1.03705023    0.00149646    0.06151099
  733    9     6.38386     3.49540    -2.30426      0.00004041    1.13286365    0.00003567    0.08328669
  734    9     5.78571    -2.59743     0.84233     -0.00061303    0.29687645   -0.00206494    0.14679271
  735   17     4.93610    -3.02174     0.89650     -0.00105311    0.29687645   -0.00354729    0.15910187
  736   21     5.86670    -2.60697     1.13316     -0.00066145    0.29687645   -0.00222804    0.14636861
  737   17     4.56851    -3.46994     0.54610     -0.00082914    0.34150624   -0.00242790    0.16330540
  738    9     5.78533    -2.75945     0.52033     -0.00011449    0.48661716   -0.00023527    0.14351439
  739    9     4.88082     1.98155     4.20641     -0.00135241    0.47778530   -0.00283059    0.15119005
  740   18     4.16552     2.13958     4.22624     -0.00107049    0.47778530   -0.00224052    0.14942348
  741   22     5.21988     2.52334     4.35392     -0.00223825    0.47778530   -0.00468464    0.15575723
  742   18     3.46746     1.35006     4.32811     -0.00163277    0.75492117   -0.00216283    0.15268419
  743    9     4.56696     1.25277     4.23884     -0.00103990    1.06453880   -0.00097685    0.14729134
  744   19     4.06486     3.68461    -2.64589     -0.00166922    0.84137491   -0.00198393    0.12448340
  745    9     4.99972     3.11953    -2.70298     -0.00073121    1.18690456   -0.00061607    0.11277083
  746   20     5.70110     1.77997    -3.28235     -0.00053948    0.25325763   -0.00213017    0.12314281
  747   20     6.74766     2.20848    -3.03277     -0.00120299    0.56715701   -0.00212109    0.10721888
  748    9     5.89412     2.28511    -3.01070     -0.00100768    0.54710146   -0.00184185    0.11513090
  749    9     7.06920     2.65804    -2.69281     -0.00030774    0.30697895   -0.00100249    0.09262842
  750   20     8.73302     1.31460    -1.96518     -0.00020717    0.24943717   -0.00083056    0.08853720
  751   20     8.84802     0.25606    -1.55288     -0.00101209    0.55669876   -0.00181803    0.09839941
  752   20     8.29375    -0.98800    -1.33101     -0.00080759    0.55669876   -0.00145068    0.11089804
  753   20     7.13238    -1.70810    -1.52283     -0.00095023    0.55669876   -0.00170690    0.12745509
  754    9     8.92560     1.09351    -1.44089     -0.00074107    0.54055012   -0.00137095    0.08621721
  755    9     8.76917    -0.37366    -0.98977     -0.00075953    0.54055012   -0.00140510    0.10054427
  756    9     7.75423    -1.53562    -0.97198     -0.00060925    0.54055012   -0.00112709    0.11639033
  757    9     6.61293    -1.97600    -1.25353     -0.00044739    0.30234809   -0.00147972    0.13245312
  758    9     8.25080     1.03924     3.43950     -0.00025430    0.11848039   -0.00214637    0.11631994
  759   21     8.14980     0.76573     3.50493     -0.00029529    0.11848039   -0.00249231    0.11908215
  760   22     8.27819     1.64580     3.67742     -0.00040105    0.11848039   -0.00338498    0.12117826
  761    9     6.35076     1.17853     4.31518     -0.00044805    0.11848039   -0.00378163    0.14512981
  762   21     6.43223     0.89164     4.29652     -0.00039780    0.11848039   -0.00335756    0.14251876
  763   22     6.58629     1.76983     4.45719     -0.00074991    0.11848039   -0.00632940    0.15059247
  764   21     6.08400     0.36691     4.33992     -0.00063601    0.27038895   -0.00235220    0.14192190
  765   21     5.26481    -0.09876     4.17715     -0.00047442    0.27038895   -0.00175457    0.14563922
  766    9     5.48722     0.48542     4.19540     -0.00132903    0.57699628   -0.00230337    0.14636013
  767   21     6.62107    -2.51158     1.17445     -0.00048841    0.26331350   -0.00185486    0.13588886
  768   21     7.70989    -2.02326     1.25655     -0.00097147    0.59394270   -0.00163563    0.12229968
  769   21     8.55771    -1.06215     1.91749     -0.00099105    0.59394270   -0.00166859    0.11211118
  770   21     8.49521    -0.06961     2.96168     -0.00122462    0.59394270   -0.00206184    0.11403008
  771    9     7.02099    -2.27145     0.77066     -0.00084831    0.56521924   -0.00150086    0.12904773
  772    9     8.33433    -1.41519     1.14436     -0.00071022    0.56521924   -0.00125653    0.11142664
  773    9     8.80149    -0.25303     2.15868     -0.00088115    0.56521924   -0.00155895    0.10486980
  774    9     8.47731     0.57104     3.13061     -0.00042384    0.31916787   -0.00132795    0.11071041
  775   22     6.03355     2.44221     4.68029     -0.00436961    0.84689037   -0.00515959    0.15857834
  776    9     5.85112     1.54949     4.38818     -0.00248727    1.02653378   -0.00242298    0.14897663
  777   22     8.58450     2.02565     3.76614     -0.00060263    0.31224347   -0.00193000    0.11743106
  778    9     8.55170     1.22768     3.28462      0.00000804    0.37847693    0.00002124    0.10698570
  779   19     3.30029     5.51236    -0.28340     -0.00020521    0.79736174   -0.00025737    0.10638571
  780   19     3.78415     5.22946    -1.35999     -0.00129686    1.60311463   -0.00080897    0.10585432
  781   19     4.22501     4.48863    -2.21439     -0.00059390    0.79736174   -0.00074483    0.10850753
  782   10     4.73683     5.79202    -0.20567      0.00701955    1.97118431    0.00356108    0.05930050
  783   10     5.36863     5.09257    -1.52498      0.00533078    1.97118431    0.00270435    0.06297146
  784   20     7.76826     2.33423    -2.60881     -0.00067293    0.62950943   -0.00106897    0.08868140
  785   20     8.47439     1.88618    -2.18381     -0.00062364    0.62950943   -0.00099067    0.08398674
  786   10     8.38545     3.00585    -1.89093      0.00215440    1.51782522    0.00141940    0.05731975
  787   22     9.00269     2.55608     3.55899     -0.00068052    0.30280067   -0.00224741    0.10790289
  788   22     9.37479     3.72613     3.37264     -0.00178227    0.65496486   -0.00272117    0.09973439
  789   22     9.02315     5.17565     3.16398     -0.00253314    0.65496486   -0.00386760    0.10085352
  790   22     7.84889     6.11241     3.05499     -0.00260367    0.65496486   -0.00397529    0.10589282
  791   22     6.34358     6.14428     3.09130     -0.00220590    0.65496486   -0.00336797    0.10946065
  792   22     5.26802     5.53542     3.21236     -0.00071820    0.30280067   -0.00237186    0.11529848
  793   10     9.33523     2.85896     3.07522     -0.00036609    0.64788016   -0.00056506    0.08752280
  794   10     9.48715     4.45775     2.83032     -0.00079343    0.64788016   -0.00122465    0.08063482
  795   10     8.61742     5.81788     2.64927     -0.00173228    0.64788016   -0.00267376    0.08747309
  796   10     7.09012     6.36998     2.60785     -0.00151153    0.64788016   -0.00233304    0.09111687
  797   10     5.54462     5.88293     2.72340     -0.00063093    0.64788016   -0.00097384    0.09694060
  798   18     0.49235     4.15809     2.52049     -0.00039887    0.68963017   -0.00057839    0.15181311
  799   13    -0.70121     4.37818     1.73587     -0.00111344    0.68963017   -0.00161455    0.16695958
  800   19     0.89524     4.35397    -2.48649     -0.00177669    0.77686260   -0.00228701    0.15916738
  801   19     0.98636     5.04297    -1.49695     -0.00415383    1.55533147   -0.00267071    0.15698455
  802   19     1.10750     5.24089    -0.31021     -0.00129171    0.77686260   -0.00166272    0.14986917
  803   13    -0.27705     4.62215    -1.99967     -0.00577579    1.55533147   -0.00371354    0.17386568
  804   13    -0.14473     5.17505    -0.64302     -0.00601636    1.55533147   -0.00386821    0.17209972
  805   16     1.69198    -4.00183    -2.97042     -0.00001324    0.13334021   -0.00009931    0.17316258
  806   15     0.61436    -5.06920    -2.36241      0.00005630    0.13334021    0.00042221    0.18085377
  807   17     1.43955    -4.72325     2.00389     -0.00158652    0.75568718   -0.00209944    0.18236737
  808   17     1.97590    -5.04617     1.09400     -0.00444883    1.51152594   -0.00294327    0.18299926
  809   17     2.30614    -4.99900     0.04112     -0.00156822    0.75568718   -0.00207522    0.17942738
  810   15     0.61644    -5.58445     1.31309     -0.00519438    1.51152594   -0.00343651    0.18774644
  811   15     1.15707    -5.75648     0.08859     -0.00534775    1.51152594   -0.00353798    0.18835378
  812   20     5.97386    -1.70006    -2.57626     -0.00085985    0.82849045   -0.00103785    0.13859560
  813   20     5.79842    -0.92533    -3.31769     -0.00249609    1.65597739   -0.00150732    0.13821296
  814   20     5.31738     0.27505    -3.61629     -0.00229188    1.65597739   -0.00138401    0.13719278
  815   16     4.59735    -2.03100    -3.20341     -0.00316086    1.65597739   -0.00190876    0.15554605
  816   16     4.26859    -0.94913    -3.89835     -0.00340171    1.65597739   -0.00205420    0.15415792
  817   16     3.81835     0.03945    -3.92456     -0.00119108    0.82849045   -0.00143765    0.15337387
  818   21     4.65942    -1.57040     3.56976     -0.00065984    0.83452965   -0.00079068    0.14996690
  819   21     5.22783    -2.34146     3.04847     -0.00233441    1.66802028   -0.00139951    0.14825422
  820   21     5.78146    -2.78163     1.92008     -0.00230426    1.66802028   -0.00138143    0.14509609
  821   17     3.60242    -2.58150     3.04286     -0.00332876    1.66802028   -0.00199564    0.16534221
  822   17     4.26536    -3.35626     2.18625     -0.00367451    1.66802028   -0.00220292    0.16286787
  823   17     4.63651    -3.52353     1.17451     -0.00138537    0.83452965   -0.00166006    0.15998210
  824   22     4.66763     4.87600     3.70200     -0.00104395    0.91686450   -0.00113861    0.12667688
  825   22     4.89289     4.04252     4.42274     -0.00518412    1.83178632   -0.00283009    0.14472309
  826   22     5.23917     3.01038     4.70498     -0.00216883    0.91686450   -0.00236548    0.15144174
  827   18     3.23217     4.02215     3.83355     -0.00188338    1.83178632   -0.00102816    0.13631666
  828   18     3.58891     2.85770     4.45957     -0.00239630    1.83178632   -0.00130818    0.14498754
  829   22     7.07650     1.94116     4.63420     -0.00370137    1.03495355   -0.00357636    0.14672523
  830   22     8.11793     1.86481     4.15423     -0.00296012    1.03495355   -0.00286014    0.12976629
  831   21     7.36053     0.67126     4.07660     -0.00454895    2.07616983   -0.00219103    0.13371000
