COSMO Results from DMol3

Note: COSMO for ideal conductor limit (fepsi= 1.0000)
  Basic Grid Size                  =   1082
  Number of Segments on an Atom    =     92
  Number of Segments on Hydrogen   =     32
  Solvent Radius    [au]           =   2.46
  A - Matrix Cutoff [au]           =  13.23
  factor for Outlying Charge corr  =   0.85
  maximum segment or cutoff radius =   1.46
  total number of segments         =    517
  number of charge corr segments   =    250




$coordinates xyz [au]                         and cosmo atom analysis:   radius   charge    area  charge density  (srad)
C            -1.84703786945468    2.25945430505096   -0.08540691095664   3.7795  -0.0606    47.71    -0.00127    6.2361
C            -3.14726383149076   -0.04167375592335   -0.03268103117467   3.7795  -0.0684    49.70    -0.00138    6.2361
C            -1.79359271644583   -2.31167704496143   -0.04559544785877   3.7795  -0.0611    48.22    -0.00127    6.2361
C             0.82637582094455   -2.25354377812348   -0.10409606044788   3.7795  -0.1096    51.67    -0.00212    6.2361
N             2.00476095596821    0.01787486286989   -0.12534142546087   3.4582  -0.0270     7.63    -0.00353    5.9148
C             0.77358102096108    2.26154494685757   -0.14756146774543   3.7795  -0.1112    52.11    -0.00213    6.2361
O             4.64323408652729    0.03919423900656   -0.36656213261684   3.2503   0.0284    57.50     0.00049    5.7070
H            -2.83913343646960    4.06624795278679   -0.09516504659554   2.4566  -0.0724    23.55    -0.00307    4.9133
H            -5.20939259427383   -0.06572924383969    0.00573075335640   2.4566  -0.0687    23.16    -0.00296    4.9133
H            -2.74335140737697   -4.14091835627302   -0.02344086379745   2.4566  -0.0724    23.54    -0.00307    4.9133
H             2.05877964085599   -3.90172852833495   -0.14346476449412   2.4566  -0.0883    23.85    -0.00370    4.9133
H             1.96640117103093    3.93729321209257   -0.22728948728016   2.4566  -0.0891    23.93    -0.00372    4.9133
H             5.30663915922359    0.13366118879154    1.39087388507192   2.4566  -0.1993    33.05    -0.00603    4.9133
$end


$cosmo_energy               [Hartree atomic units]       [eV]     [kcal/mol]
  Total energy                 =       -323.995446
  Total energy + OC corr.      =       -323.992170
  Dielectric energy            =         -0.095021      -2.586      -59.63
  Diel. energy + OC corr.      =         -0.091745      -2.497      -57.57

  Surface area of cavity [au]  =           465.615
  Total Volume of cavity [au]  =           806.723


$screening_charge
  cosmo           =   -1.01974
  corrected total =   -0.99952


$segment information
    n  atom        position (X, Y, Z) [au]            charge       area [au]   charge/area    potential [au]

    1    1    -1.27564     1.40537     3.55166     -0.00004586    0.49769306   -0.00009215    0.16294678
    2    1    -4.04380     3.12457     2.86587     -0.00043506    1.16128380   -0.00037464    0.15344109
    3    1    -1.44015     4.89440     2.59336     -0.00079514    0.99538612   -0.00079883    0.16153888
    4    1    -2.80013     3.58838    -3.49273     -0.00069438    1.32718149   -0.00052320    0.14694920
    5    1    -3.25843     4.33782    -2.90899     -0.00122591    1.16128380   -0.00105565    0.15316330
    6    1    -1.28769     5.60436    -1.75368     -0.00017187    0.33179537   -0.00051799    0.17071970
    7    1    -1.47958     5.49161     1.83879     -0.00090198    0.99538612   -0.00090616    0.16919587
    8    1    -4.05672     3.93905     2.47983     -0.00109077    0.99538612   -0.00109583    0.15721600
    9    1    -5.37480     3.48048    -0.67547     -0.00100515    0.49769306   -0.00201961    0.16986987
   10    1    -4.82109     3.50623     1.88556     -0.00090246    0.66359074   -0.00135996    0.16159636
   11    1    -3.15672     3.70285     3.15274     -0.00060341    1.16128380   -0.00051960    0.15182909
   12    1    -1.99516     4.33942     3.06675     -0.00047335    0.82948843   -0.00057065    0.15534173
   13    1    -1.50037     5.26082    -2.35609     -0.00097894    0.66359074   -0.00147521    0.16316127
   14    1    -1.82537     4.35645    -3.22968     -0.00051760    1.49307918   -0.00034667    0.15188672
   15    1    -4.02651     3.09885    -3.05686     -0.00041358    1.32718149   -0.00031162    0.14952626
   16    1    -4.95913     3.45997    -1.86244     -0.00072979    0.66359074   -0.00109975    0.16093919
   17    1    -3.03222     2.57149     3.48981     -0.00039202    1.32718149   -0.00029537    0.15103473
   18    1    -1.93104     1.90565     3.67651      0.00019572    0.82948843    0.00023595    0.15533654
   19    1    -1.30607     2.47063     3.64916     -0.00014027    0.66359074   -0.00021138    0.15774547
   20    1    -1.38781     3.73074     3.36549     -0.00001702    1.16128380   -0.00001466    0.15646728
   21    1    -1.73152     3.04857    -3.77976     -0.00050276    1.82487455   -0.00027551    0.14765798
   22    1    -3.04859     2.48578    -3.66162     -0.00050450    1.49307918   -0.00033789    0.14592728
   23    1    -2.20150     4.93958    -2.72655     -0.00066370    0.82948843   -0.00080013    0.15720468
   24    1    -2.74331     4.59477     2.74784     -0.00112245    1.16128380   -0.00096656    0.15692433
   25    1    -5.18329     3.50138     1.18391      0.00017420    0.33179537    0.00052503    0.16693977
   26    1    -4.31694     3.75206    -2.52589     -0.00107688    0.99538612   -0.00108187    0.15504075
   27    1    -1.72481     1.68720    -3.81929      0.00025574    1.65897686    0.00015416    0.14993914
   28    1    -2.15171     3.06499     3.59461     -0.00052960    1.32718149   -0.00039904    0.15223022
   29    2    -2.03936    -0.00204     3.58054     -0.00007628    0.49769306   -0.00015327    0.15921735
   30    2    -4.87571    -1.62228     2.93354     -0.00043119    1.16128380   -0.00037131    0.15285707
   31    2    -5.21575     1.51227     2.72250     -0.00084887    0.99538612   -0.00085280    0.15403115
   32    2    -4.84828    -0.19830    -3.40405     -0.00098657    1.32718149   -0.00074335    0.14580569
   33    2    -5.71128    -0.25957    -2.80080     -0.00129260    1.16128380   -0.00111308    0.15129121
   34    2    -5.87218     2.05533    -1.60165     -0.00058601    0.33179537   -0.00176619    0.16273358
   35    2    -5.77864     1.77162     1.98529     -0.00105484    0.99538612   -0.00105973    0.16078002
   36    2    -5.60903    -1.24353     2.57108     -0.00113735    0.99538612   -0.00114262    0.15559623
   37    2    -5.90745    -2.49899    -0.82460     -0.00026183    0.33179537   -0.00078913    0.16803244
   38    2    -5.60157    -2.11139     1.96155     -0.00102481    0.66359074   -0.00154434    0.16081524
   39    2    -4.96084    -0.57245     3.24048     -0.00089346    1.16128380   -0.00076938    0.14992018
   40    2    -4.97680     0.75331     3.17749     -0.00063281    0.82948843   -0.00076290    0.15037559
   41    2    -5.68368     1.71626    -2.21454     -0.00058083    0.66359074   -0.00087528    0.15673033
   42    2    -5.17913     1.00970    -3.04106     -0.00094263    1.16128380   -0.00081172    0.14870720
   43    2    -5.11332    -1.44939    -2.93735     -0.00077229    1.32718149   -0.00058190    0.14956516
   44    2    -5.71402    -2.19089    -1.78675     -0.00058159    0.66359074   -0.00087643    0.16043222
   45    2    -3.83078    -0.79625     3.60707     -0.00089931    1.49307918   -0.00060232    0.14995803
   46    2    -2.78636    -0.34665     3.71713      0.00005595    0.82948843    0.00006745    0.15315988
   47    2    -3.07973     0.40103     3.72016     -0.00025954    0.82948843   -0.00031289    0.15175300
   48    2    -4.28143     1.30416     3.31199     -0.00042777    0.82948843   -0.00051571    0.15105136
   49    2    -3.83225     0.37130    -3.72651     -0.00067630    1.49307918   -0.00045296    0.14525801
   50    2    -3.99715    -0.93378    -3.60563     -0.00082939    1.49307918   -0.00055549    0.14578160
   51    2    -5.73953     0.95291    -2.59689     -0.00080000    0.82948843   -0.00096445    0.15324798
   52    2    -5.56198     0.21913     2.86309     -0.00114205    1.16128380   -0.00098343    0.15316003
   53    2    -5.78447    -2.42115     1.25861      0.00065059    0.33179537    0.00196083    0.16633400
   54    2    -5.72065    -1.52267    -2.37116     -0.00101434    0.82948843   -0.00122286    0.15474141
   55    2    -2.67297    -0.13956    -3.78096     -0.00014999    1.65897686   -0.00009041    0.14843163
   56    2    -4.06955     0.34976     3.61157     -0.00076338    1.32718149   -0.00057519    0.14913985
   57    2    -4.31288     1.10779    -3.43918     -0.00032809    0.82948843   -0.00039553    0.14681245
   58    3    -1.50928    -1.47949    -3.72130      0.00000578    0.49769306    0.00001162    0.15236045
   59    3    -4.10500    -3.17641    -2.90809     -0.00069197    1.16128380   -0.00059587    0.15032359
   60    3    -1.45240    -4.88956    -2.78828     -0.00082362    0.99538612   -0.00082744    0.15635771
   61    3    -2.55744    -3.72135     3.37694     -0.00073097    1.32718149   -0.00055077    0.15148904
   62    3    -3.29618    -4.23789     2.83821     -0.00097414    1.16128380   -0.00083884    0.15513336
   63    3    -1.08242    -5.67106     1.53335     -0.00018413    0.33179537   -0.00055495    0.17303909
   64    3    -1.44333    -5.50052    -2.04380     -0.00086944    0.99538612   -0.00087347    0.16544335
   65    3    -4.08169    -3.99755    -2.53693     -0.00098850    0.99538612   -0.00099308    0.15443875
   66    3    -5.23913    -3.56868     0.86690     -0.00153859    0.66359074   -0.00231858    0.16935296
   67    3    -4.82719    -3.59303    -1.90025     -0.00059181    0.66359074   -0.00089184    0.15978247
   68    3    -3.21943    -3.72881    -3.24606     -0.00060323    1.16128380   -0.00051945    0.14758423
   69    3    -2.04111    -4.33954    -3.22533     -0.00047605    0.82948843   -0.00057391    0.14999205
   70    3    -1.40968    -5.28445     2.25649     -0.00137213    0.99538612   -0.00137849    0.16514079
   71    3    -1.48738    -4.45344     3.05334     -0.00036216    1.32718149   -0.00027288    0.15732567
   72    3    -3.85630    -3.25641     2.97718     -0.00082528    1.32718149   -0.00062183    0.15267944
   73    3    -4.64267    -3.36057     2.20540      0.00019050    0.66359074    0.00028707    0.15897627
   74    3    -3.01642    -2.73228    -3.59693     -0.00023181    1.16128380   -0.00019962    0.14572898
   75    3    -2.15553    -2.10552    -3.80201     -0.00012345    0.82948843   -0.00014883    0.14697058
   76    3    -1.52503    -2.49346    -3.81109     -0.00014952    0.82948843   -0.00018026    0.14832573
   77    3    -1.37290    -3.70629    -3.53304      0.00013092    0.99538612    0.00013153    0.14972764
   78    3    -1.48906    -3.16183     3.62440     -0.00055252    1.82487455   -0.00030277    0.15462860
   79    3    -2.82598    -2.56816     3.58108     -0.00020081    1.65897686   -0.00012104    0.15094039
   80    3    -2.35637    -4.84150     2.70534     -0.00087040    0.99538612   -0.00087443    0.15854216
   81    3    -2.76773    -4.61774    -2.87710     -0.00111689    1.16128380   -0.00096177    0.15293002
   82    3    -5.15645    -3.60879    -1.18272     -0.00065039    0.33179537   -0.00196022    0.16599066
   83    3    -4.46227    -3.90134     2.10743     -0.00122852    0.82948843   -0.00148106    0.16079429
   84    3    -1.51112    -1.80157     3.68862      0.00003157    1.65897686    0.00001903    0.15786261
   85    3    -2.18240    -3.35554    -3.65716     -0.00043557    0.99538612   -0.00043759    0.14619244
   86    4     0.38904    -1.25829    -3.72383     -0.00107012    0.66359074   -0.00161262    0.16283125
   87    4     0.55092    -4.63997    -3.02189     -0.00084678    1.16128380   -0.00072917    0.15995549
   88    4     1.82540    -3.74776     3.22058     -0.00174058    1.32718149   -0.00131148    0.17392560
   89    4     1.82403    -4.62212     2.66697     -0.00181662    1.16128380   -0.00156432    0.17546685
   90    4     3.14980    -3.69906    -2.71110     -0.00111800    0.49769306   -0.00224636    0.16537580
   91    4     1.08327    -5.17366    -2.48974     -0.00164362    0.82948843   -0.00198148    0.16775275
   92    4     0.42624    -5.91381     0.74840     -0.00258809    0.82948843   -0.00312010    0.18290598
   93    4     0.68040    -1.15337     3.50872     -0.00109342    0.66359074   -0.00164773    0.18184537
   94    4     0.45543    -5.59601    -1.82883     -0.00167422    0.82948843   -0.00201837    0.17292697
   95    4     1.42739    -4.15673    -3.31362     -0.00166311    1.32718149   -0.00125312    0.15853017
   96    4     2.59057    -3.16522    -3.31981     -0.00141548    1.16128380   -0.00121889    0.15921352
   97    4     2.72912    -3.15670     3.03407     -0.00231140    1.32718149   -0.00174158    0.18514739
   98    4     0.68198    -4.57024     2.87858     -0.00155750    1.32718149   -0.00117354    0.16837015
   99    4     0.49756    -5.33986     2.05249     -0.00042258    0.82948843   -0.00050944    0.17370441
  100    4     0.43243    -3.49632    -3.65159     -0.00120358    1.32718149   -0.00090687    0.15467870
  101    4     0.42300    -2.27413    -3.86192     -0.00054916    1.16128380   -0.00047289    0.15614133
  102    4     1.23867    -1.63965    -3.81050     -0.00132082    0.99538612   -0.00132694    0.16072416
  103    4     2.15199    -2.18941    -3.64287     -0.00230363    1.16128380   -0.00198369    0.15971888
  104    4     1.64317    -1.68940     3.54265     -0.00122657    0.82948843   -0.00147871    0.18590438
  105    4     1.82365    -2.55905     3.52857     -0.00199110    1.49307918   -0.00133355    0.17967458
  106    4     0.66982    -3.38360     3.49905     -0.00094063    1.65897686   -0.00056699    0.16755448
  107    4     3.05121    -3.91385     2.46061     -0.00196302    0.99538612   -0.00197212    0.18620201
  108    4     2.26855    -4.19249    -3.01012     -0.00201179    1.16128380   -0.00173239    0.16348792
  109    4     0.27812    -5.91016    -0.88703     -0.00169096    0.66359074   -0.00254819    0.18079429
  110    4     1.13334    -5.39988     1.96730     -0.00179651    0.82948843   -0.00216580    0.17763153
  111    4     0.62541    -2.07268     3.66566     -0.00119463    1.16128380   -0.00102871    0.17317171
  112    4     1.39512    -2.92757    -3.77923     -0.00161004    1.32718149   -0.00121313    0.15593058
  113    5     2.35788     0.04311     3.31467     -0.00124059    0.55557476   -0.00223298    0.20894381
  114    5     1.85022     0.06776    -3.57974     -0.00008825    0.13889369   -0.00063540    0.16781174
  115    5     2.50410    -0.43396    -3.51736     -0.00027033    0.13889369   -0.00194629    0.16536556
  116    5     2.41175     0.08499    -3.55887     -0.00107160    0.55557476   -0.00192881    0.16514808
  117    5     1.82520     0.17887     3.32442     -0.00021586    0.13889369   -0.00155414    0.20112270
  118    6     0.39600     1.09762     3.42832     -0.00095005    0.49769306   -0.00190891    0.18191373
  119    6     0.60460     4.73088     2.70869     -0.00094869    1.16128380   -0.00081693    0.16975233
  120    6     1.59909     3.60886    -3.58087     -0.00201184    1.49307918   -0.00134744    0.15761925
  121    6     1.55742     4.56440    -3.04010     -0.00185530    1.16128380   -0.00159763    0.16404528
  122    6     3.20388     3.83897     2.27932     -0.00110697    0.49769306   -0.00222419    0.19156059
  123    6     1.09336     5.25950     2.13156     -0.00162494    0.82948843   -0.00195897    0.17639465
  124    6     0.23855     5.88366    -1.08478     -0.00250996    0.82948843   -0.00302591    0.18138015
  125    6     0.41955     5.64696     1.49499     -0.00170817    0.82948843   -0.00205930    0.17818837
  126    6     1.50739     4.27663     2.96456     -0.00166157    1.32718149   -0.00125195    0.17319326
  127    6     2.62026     3.32240     2.97473     -0.00159702    0.99538612   -0.00160442    0.18645119
  128    6     2.59162     3.13591    -3.34359     -0.00133502    1.16128380   -0.00114960    0.15984304
  129    6     0.40689     4.48049    -3.18501     -0.00151941    1.32718149   -0.00114484    0.15952172
  130    6     0.25055     5.27114    -2.37312     -0.00045650    0.82948843   -0.00055034    0.16845023
  131    6     0.54906     3.60502     3.37791     -0.00120889    1.32718149   -0.00091087    0.16788142
  132    6     0.52343     2.22040     3.62338     -0.00049411    1.16128380   -0.00042548    0.17296016
  133    6     1.19293     1.59468     3.54888     -0.00109287    0.82948843   -0.00131752    0.18390372
  134    6     2.01484     2.29716     3.42207     -0.00238809    1.16128380   -0.00205642    0.18780311
  135    6     1.08400     1.38502    -3.81084     -0.00104573    0.66359074   -0.00157586    0.16203850
  136    6     1.42886     2.47103    -3.86388     -0.00169149    1.32718149   -0.00127450    0.15710837
  137    6     0.38855     3.27514    -3.76815     -0.00085169    1.65897686   -0.00051338    0.15483555
  138    6     2.81089     3.89046    -2.88259     -0.00202089    0.99538612   -0.00203026    0.16638726
  139    6     2.32914     4.32168     2.61295     -0.00186951    1.16128380   -0.00160987    0.18098384
  140    6     0.18231     5.92761     0.55580     -0.00163543    0.66359074   -0.00246451    0.18327372
  141    6     0.88848     5.34796    -2.32592     -0.00178554    0.82948843   -0.00215258    0.17169956
  142    6     0.35196     1.78635    -3.87324     -0.00173095    1.49307918   -0.00115932    0.15829565
  143    6     1.45683     3.04199     3.48677     -0.00189442    1.49307918   -0.00126880    0.17582699
  144    6     2.22182     2.04476    -3.63180     -0.00188413    0.99538612   -0.00189286    0.16050386
  145    7     4.15017    -0.18333    -3.57154      0.00032941    0.73618757    0.00044745    0.13431177
  146    7     5.97964    -2.21876    -2.28494      0.00268608    1.10428136    0.00243243    0.11259087
  147    7     6.64625     1.01122    -2.73461      0.00213900    1.22697929    0.00174331    0.10648958
  148    7     7.78735    -0.73250    -0.07739     -0.00209356    0.98158343   -0.00213284    0.15281905
  149    7     6.72216     2.49682     0.08386      0.00066331    0.98158343    0.00067576    0.14874172
  150    7     5.83473    -2.73182     0.84439      0.00049700    0.49079171    0.00101264    0.16266329
  151    7     4.47146    -1.05125    -3.42367      0.00074587    0.85888550    0.00086842    0.12853007
  152    7     5.17693    -1.73371    -3.03798      0.00244320    1.22697929    0.00199123    0.11782420
  153    7     4.89173     0.21673    -3.60249      0.00111450    0.98158343    0.00113541    0.11911198
  154    7     5.78716     0.57829    -3.36078      0.00220887    1.22697929    0.00180025    0.10810865
  155    7     4.33737     0.87185    -3.49349      0.00034952    0.61348964    0.00056973    0.13036485
  156    7     6.43858    -1.31836    -2.71140      0.00264151    1.34967722    0.00195714    0.10683887
  157    7     6.65552    -0.16791    -2.91064      0.00219812    1.34967722    0.00162863    0.10540246
  158    7     6.03734     1.78668    -2.72609      0.00277426    1.22697929    0.00226105    0.10917041
  159    7     5.39129     2.32037    -2.55774      0.00225948    0.85888550    0.00263071    0.11774879
  160    7     5.38049    -2.53438    -2.20984      0.00172121    0.61348964    0.00280561    0.12118379
  161    7     7.85003     0.42640    -0.00433     -0.00182106    0.85888550   -0.00212026    0.15865202
  162    7     7.42672     1.65298     0.09454     -0.00174399    0.98158343   -0.00177671    0.15616938
  163    7     6.05178     2.82791     0.53000      0.00047910    0.73618757    0.00065079    0.16096172
  164    7     6.49220    -2.46504     0.56871      0.00041744    0.73618757    0.00056703    0.15434396
  165    7     7.26997    -1.74717     0.32173     -0.00098167    1.10428136   -0.00088897    0.15502105
  166    7     6.89303    -1.88242    -1.71206      0.00239066    1.34967722    0.00177128    0.11387812
  167    7     7.48945    -1.46317    -0.82102      0.00031776    1.34967722    0.00023544    0.13000595
  168    7     7.82117    -0.10603    -1.03308     -0.00119201    1.71777100   -0.00069393    0.13191737
  169    7     7.40549     0.46234    -2.02651      0.00102951    1.34967722    0.00076278    0.11421251
  170    7     7.04934     1.66822    -1.82312      0.00204584    1.47237514    0.00138948    0.11484988
  171    7     6.90075     2.31644    -0.89801      0.00192888    1.34967722    0.00142914    0.12758090
  172    7     6.04803     2.96746    -0.49510      0.00207171    0.73618757    0.00281411    0.13641030
  173    7     6.22213    -2.79118    -0.12031      0.00184725    0.73618757    0.00250921    0.13760911
  174    7     6.09985    -2.75930    -1.14837      0.00327750    1.10428136    0.00296799    0.12277097
  175    7     5.54341    -0.67464    -3.40706      0.00248790    1.47237514    0.00168972    0.11076245
  176    7     4.97554     1.53441    -3.23335      0.00234477    1.22697929    0.00191101    0.11929006
  177    7     7.30803    -0.77108    -2.04193      0.00128397    1.34967722    0.00095131    0.11279399
  178    7     6.03380     2.66721    -1.67977      0.00433908    1.47237514    0.00294699    0.11886035
  179    7     7.64770     1.19136    -0.82518     -0.00069155    1.47237514   -0.00046969    0.13471611
  180    7     6.88230    -2.30876    -0.56220      0.00162205    1.10428136    0.00146888    0.12937504
  181    8    -4.29522     6.03330     0.11850     -0.00659014    1.96256963   -0.00335791    0.16466569
  182    8    -4.65611     5.03214     1.24678     -0.00357526    1.40183545   -0.00255041    0.16509889
  183    8    -5.08708     4.71920    -0.84051     -0.00305262    1.19156013   -0.00256187    0.16589042
  184    8    -3.59565     5.60822    -1.85160     -0.00342075    1.33174368   -0.00256863    0.16340424
  185    8    -2.15158     6.40764    -0.37829     -0.00359410    1.26165190   -0.00284873    0.17148358
  186    8    -2.81758     6.00511     1.41329     -0.00371750    1.47192722   -0.00252560    0.16741854
  187    8    -5.11104     4.94647     0.21921     -0.00464227    1.61211077   -0.00287962    0.16592058
  188    8    -4.50879     5.36082    -1.34874     -0.00487526    1.68220254   -0.00289814    0.16361983
  189    8    -3.51430     6.34333    -0.72296     -0.00495050    1.54201899   -0.00321040    0.16526321
  190    8    -2.64507     6.45101     0.46191     -0.00493350    1.68220254   -0.00293276    0.16854413
  191    8    -3.83446     5.71112     1.43417     -0.00457508    1.61211077   -0.00283795    0.16472576
  192    8    -2.61556     6.11325    -1.43488     -0.00331374    1.26165190   -0.00262651    0.16742982
  193    9    -7.62485    -0.42736     0.27015     -0.00635354    1.96256963   -0.00323736    0.16072580
  194    9    -6.88563    -1.23640     1.36767     -0.00342064    1.40183545   -0.00244011    0.16220946
  195    9    -6.86190    -1.72823    -0.72946     -0.00288812    1.19156013   -0.00242381    0.16368774
  196    9    -6.96678     0.02316    -1.70858     -0.00331363    1.33174368   -0.00248819    0.15962085
  197    9    -6.95651     1.64814    -0.20711     -0.00325275    1.26165190   -0.00257816    0.16437554
  198    9    -6.87326     0.84055     1.56946     -0.00364905    1.47192722   -0.00247910    0.16176300
  199    9    -7.04864    -1.66045     0.33626     -0.00468207    1.61211077   -0.00290431    0.16341267
  200    9    -7.16709    -0.90734    -1.21669     -0.00470376    1.68220254   -0.00279619    0.16056754
  201    9    -7.55004     0.42180    -0.55891     -0.00484335    1.54201899   -0.00314091    0.16051013
  202    9    -7.20751     1.21894     0.63202     -0.00480482    1.68220254   -0.00285627    0.16233734
  203    9    -7.09271    -0.19516     1.57782     -0.00445278    1.61211077   -0.00276208    0.16060418
  204    9    -6.94044     1.11832    -1.27358     -0.00313845    1.26165190   -0.00248757    0.16179490
  205   10    -4.16318    -6.13737    -0.20607     -0.00659356    1.96256963   -0.00335966    0.16423999
  206   10    -4.59846    -5.12548    -1.29793     -0.00357027    1.40183545   -0.00254686    0.16379553
  207   10    -4.93901    -4.85891     0.81238     -0.00306781    1.19156013   -0.00257461    0.16627357
  208   10    -3.38265    -5.73034     1.73726     -0.00341612    1.33174368   -0.00256515    0.16483812
  209   10    -1.99091    -6.47023     0.18460     -0.00359463    1.26165190   -0.00284915    0.17140928
  210   10    -2.74824    -6.05231    -1.56672     -0.00372100    1.47192722   -0.00252798    0.16541818
  211   10    -5.00701    -5.06826    -0.24911     -0.00462135    1.61211077   -0.00286665    0.16549447
  212   10    -4.32348    -5.49560     1.28157     -0.00485468    1.68220254   -0.00288591    0.16440074
  213   10    -3.33727    -6.44367     0.59273     -0.00494628    1.54201899   -0.00320766    0.16553077
  214   10    -2.52177    -6.51050    -0.63266     -0.00496033    1.68220254   -0.00294871    0.16757634
  215   10    -3.77134    -5.78177    -1.53539     -0.00460834    1.61211077   -0.00285858    0.16308815
  216   10    -2.41186    -6.20510     1.26666     -0.00330417    1.26165190   -0.00261893    0.16856983
  217   11     3.43023    -5.93990    -0.15029     -0.00763231    1.96256963   -0.00388894    0.17851062
  218   11     2.05405    -5.96431    -1.47791     -0.00395907    1.26165190   -0.00313800    0.17748643
  219   11     1.73695    -6.22959     0.57243     -0.00427296    1.33174368   -0.00320855    0.18230040
  220   11     3.21689    -5.20313     1.58865     -0.00386496    1.26165190   -0.00306342    0.18412796
  221   11     3.68376    -4.77222    -1.76729     -0.00418329    1.19156013   -0.00351076    0.17399392
  222   11     2.06649    -6.33752    -0.46268     -0.00624002    1.75229431   -0.00356106    0.17946097
  223   11     2.64616    -5.93960     1.09633     -0.00615820    1.75229431   -0.00351436    0.18139557
  224   11     4.02457    -4.96596     0.87547     -0.00715243    1.82238608   -0.00392476    0.18299113
  225   11     4.14470    -5.09933    -0.64326     -0.00591870    1.61211077   -0.00367140    0.17675728
  226   11     3.00437    -5.58578    -1.66165     -0.00633010    1.82238608   -0.00347352    0.17520152
  227   12     3.27479     6.01375    -0.33486     -0.00728589    1.89247786   -0.00384992    0.17957135
  228   12     1.98677     6.03982     1.04321     -0.00392551    1.26165190   -0.00311140    0.18305015
  229   12     1.54914     6.23402    -0.99286     -0.00434945    1.33174368   -0.00326598    0.18089129
  230   12     3.05837     5.14911    -2.06418     -0.00475373    1.40183545   -0.00339108    0.17534292
  231   12     3.65829     4.89397     1.27518     -0.00450536    1.19156013   -0.00378106    0.18826681
  232   12     1.93341     6.38143     0.01823     -0.00628410    1.75229431   -0.00358621    0.18135143
  233   12     2.43432     5.94823    -1.55857     -0.00600786    1.75229431   -0.00342857    0.17720058
  234   12     3.86243     5.09595    -1.27498     -0.00691709    1.75229431   -0.00394745    0.17670578
  235   12     4.03496     5.20719     0.15162     -0.00610684    1.54201899   -0.00396029    0.18216902
  236   12     2.95471     5.68849     1.18401     -0.00626859    1.82238608   -0.00343977    0.18367230
  237   13     6.19363     0.12640     3.68179     -0.00979557    1.61211077   -0.00607624    0.21684486
  238   13     7.06552     1.75076     1.96216     -0.00791028    1.54201899   -0.00512982    0.19900499
  239   13     7.57769    -0.64281     1.91478     -0.00934735    1.68220254   -0.00555662    0.19771862
  240   13     5.82687    -1.84067     2.75708     -0.00882794    1.61211077   -0.00547601    0.21002490
  241   13     4.62879    -0.20225     3.72815     -0.00898169    1.33174368   -0.00674431    0.22866438
  242   13     5.38637     1.75731     3.23275     -0.00829512    1.33174368   -0.00622877    0.21955236
  243   13     7.24764     0.50209     2.85095     -0.01005188    1.68220254   -0.00597543    0.20702791
  244   13     6.78340    -0.85574     3.08656     -0.01082452    1.82238608   -0.00593975    0.20936103
  245   13     5.36524    -0.93403     3.60260     -0.01013515    1.61211077   -0.00628688    0.22095718
  246   13     4.98360     0.81949     3.72763     -0.00921896    1.47192722   -0.00626319    0.22553304
  247   13     6.42503     1.32127     3.22768     -0.00909015    1.54201899   -0.00589497    0.21293201
  248   13     7.68568     0.64449     1.72884     -0.00901052    1.61211077   -0.00558927    0.19694475
  249   13     6.81756    -1.66382     2.11286     -0.00639921    1.40183545   -0.00456488    0.19849588
  250   13     6.08571     2.25904     2.34527     -0.00824533    1.47192722   -0.00560173    0.20663517
  251    1    -1.04157     0.70141    -3.44759     -0.00042958    0.15919922   -0.00269836    0.16323574
  252    2    -1.26462     0.32873    -3.40281     -0.00035417    0.15919922   -0.00222470    0.16294278
  253    6    -0.60955     0.71344    -3.42232     -0.00046107    0.15919922   -0.00289616    0.16674773
  254    1    -0.88244     0.76533     3.26388     -0.00041730    0.15919922   -0.00262123    0.17421487
  255    2    -1.10720     0.39198     3.23682     -0.00038250    0.15919922   -0.00240267    0.17340181
  256    6    -0.45211     0.77669     3.21794     -0.00040814    0.15919922   -0.00256371    0.17920421
  257    2    -1.78428     0.42766     3.46495     -0.00060445    0.62422244   -0.00096833    0.16306673
  258    2    -3.39418     1.33515     3.37013     -0.00163036    1.26879556   -0.00128496    0.15561223
  259    2    -5.05169     2.24335     2.13240     -0.00282979    1.26879556   -0.00223030    0.16317004
  260    2    -5.73025     2.57797     0.00362     -0.00432480    1.26879556   -0.00340859    0.17528019
  261    2    -5.15317     2.20257    -2.14816     -0.00286998    1.26879556   -0.00226197    0.16149136
  262    2    -3.55577     1.27023    -3.44553     -0.00160825    1.26879556   -0.00126754    0.15091010
  263    2    -1.95177     0.36037    -3.59923     -0.00060769    0.62422244   -0.00097352    0.15477165
  264    1    -2.09321     1.32063     3.46333     -0.00146152    1.26879556   -0.00115190    0.16016620
  265    1    -4.00216     2.38622     2.89366     -0.00199610    1.26879556   -0.00157322    0.15735404
  266    1    -5.23471     3.04195     1.11744     -0.00404630    1.26879556   -0.00318909    0.17130237
  267    1    -5.28826     3.02044    -1.14105     -0.00361025    1.26879556   -0.00284542    0.17063995
  268    1    -4.14097     2.33046    -2.96088     -0.00207384    1.26879556   -0.00163450    0.15416631
  269    1    -2.26067     1.25335    -3.59998     -0.00142232    1.26879556   -0.00112100    0.15282994
  270    1    -1.00646     5.86037    -0.87708     -0.00021394    0.03371615   -0.00634547    0.17871785
  271    6    -0.57620     5.82061    -0.87762     -0.00024637    0.03371615   -0.00730708    0.18093843
  272    8    -1.27850     5.94514    -0.81047     -0.00030344    0.03371615   -0.00899977    0.17917250
  273    1    -0.97305     5.88632     0.53257     -0.00030393    0.03371615   -0.00901428    0.18091654
  274    6    -0.54321     5.84623     0.51419     -0.00030588    0.03371615   -0.00907235    0.18225675
  275    8    -1.24802     5.96882     0.47585     -0.00024875    0.03371615   -0.00737776    0.18034253
  276    6    -0.20198     5.71027     1.03658     -0.00188967    0.66958608   -0.00282215    0.18110987
  277    6    -0.16394     4.48005     2.59930     -0.00307721    1.36962326   -0.00224675    0.17248470
  278    6    -0.14340     2.19362     3.38803     -0.00249001    1.36962326   -0.00181803    0.17324641
  279    1    -0.80656     5.28151     1.68394     -0.00396835    1.36962326   -0.00289740    0.17772240
  280    1    -0.76884     3.40637     3.21126     -0.00207075    1.36962326   -0.00151191    0.16536682
  281    1    -0.76200     1.42960     3.43333     -0.00081900    0.66958608   -0.00122315    0.16959968
  282    6    -0.30965     1.35752    -3.64967     -0.00111672    0.66281818   -0.00168480    0.16179674
  283    6    -0.30711     3.32072    -3.47644     -0.00227778    1.35457960   -0.00168154    0.15916249
  284    6    -0.27404     5.22374    -2.01816     -0.00420637    1.35457960   -0.00310529    0.17592754
  285    1    -0.92987     2.11362    -3.62218     -0.00190164    1.35457960   -0.00140386    0.15723967
  286    1    -0.91457     4.39988    -2.89972     -0.00274354    1.35457960   -0.00202538    0.16282603
  287    1    -0.87980     5.66757    -1.39110     -0.00188771    0.66281818   -0.00284800    0.17701766
  288    8    -1.68733     6.02283    -1.03638     -0.00096922    0.23180189   -0.00418126    0.17569222
  289    8    -2.33448     5.66321    -1.82443     -0.00187497    0.51263850   -0.00365749    0.17084373
  290    8    -3.43171     5.05864    -2.20689     -0.00176102    0.51263850   -0.00343522    0.16565420
  291    8    -4.51666     4.46520    -1.77510     -0.00206676    0.51263850   -0.00403162    0.16723316
  292    8    -5.16988     4.11233    -0.69598     -0.00176267    0.51263850   -0.00343842    0.17199478
  293    8    -5.13885     4.13643     0.61328     -0.00214047    0.51263850   -0.00417540    0.17247026
  294    8    -4.43556     4.52819     1.64654     -0.00181532    0.51263850   -0.00354113    0.16863487
  295    8    -3.33190     5.13616     2.00434     -0.00193525    0.51263850   -0.00377509    0.16798968
  296    8    -2.25454     5.72530     1.54836     -0.00162627    0.51263850   -0.00317236    0.17287247
  297    8    -1.64575     6.05512     0.71786     -0.00100658    0.23180189   -0.00434241    0.17732760
  298    1    -1.58629     5.70482    -1.51057     -0.00189914    0.50637143   -0.00375048    0.17549338
  299    1    -2.63520     5.12430    -2.35279     -0.00164601    0.50637143   -0.00325060    0.16488481
  300    1    -3.91925     4.41936    -2.32376     -0.00163289    0.50637143   -0.00322468    0.16265790
  301    1    -4.94203     3.86253    -1.43471     -0.00164010    0.50637143   -0.00323893    0.16844533
  302    1    -5.30814     3.66907    -0.02932     -0.00209617    0.50637143   -0.00413960    0.17405892
  303    1    -4.87605     3.91377     1.34907     -0.00180094    0.50637143   -0.00355657    0.16965453
  304    1    -3.81280     4.50204     2.16761     -0.00166478    0.50637143   -0.00328766    0.16508573
  305    1    -2.52943     5.20645     2.10984     -0.00163699    0.50637143   -0.00323278    0.16780547
  306    1    -1.52209     5.75468     1.19810     -0.00189663    0.50637143   -0.00374552    0.17761224
  307    2    -1.10342    -0.37305     3.24638     -0.00037627    0.15914629   -0.00236428    0.17313031
  308    3    -0.87007    -0.74045     3.27990     -0.00043334    0.15914629   -0.00272287    0.17402831
  309    4    -0.43953    -0.74251     3.23475     -0.00042599    0.15914629   -0.00267671    0.17901633
  310    2    -1.25781    -0.05290    -3.36884     -0.00076276    0.34212402   -0.00222947    0.16408320
  311    3    -1.03641    -0.43205    -3.35195     -0.00076776    0.34212402   -0.00224411    0.16584596
  312    6    -0.60660     0.33858    -3.32962     -0.00108986    0.34212402   -0.00318556    0.17021630
  313    3    -1.45746    -0.95658     3.47086     -0.00057037    0.62079676   -0.00091877    0.16428937
  314    3    -3.03786    -1.89856     3.39361     -0.00149012    1.26141445   -0.00118131    0.15551374
  315    3    -4.66923    -2.86449     2.18423     -0.00285857    1.26141445   -0.00226616    0.16295955
  316    3    -5.39962    -3.29072     0.54845     -0.00125237    0.62079676   -0.00201735    0.17080161
  317    2    -2.38274    -0.78048     3.49104     -0.00150282    1.26141445   -0.00119138    0.15916763
  318    2    -4.25806    -1.89566     2.94654     -0.00209072    1.26141445   -0.00165744    0.15703149
  319    2    -5.47649    -2.61227     1.19758     -0.00410122    1.26141445   -0.00325129    0.17083705
  320    3    -5.41956    -3.29669    -0.49284     -0.00170089    0.61793954   -0.00275251    0.17035331
  321    3    -4.75618    -2.89165    -2.15354     -0.00269288    1.25524479   -0.00214530    0.16095005
  322    3    -3.18232    -1.94584    -3.43591     -0.00146940    1.25524479   -0.00117060    0.15057215
  323    3    -1.61372    -1.00956    -3.59380     -0.00058732    0.61793954   -0.00095046    0.15556598
  324    2    -5.52254    -2.62641    -1.14343     -0.00364939    1.25524479   -0.00290731    0.16986048
  325    2    -4.37923    -1.93441    -2.94066     -0.00206207    1.25524479   -0.00164276    0.15385034
  326    2    -2.53637    -0.83186    -3.57654     -0.00142250    1.25524479   -0.00113324    0.15252103
  327    2    -0.88895     0.01574     3.15639     -0.00127498    0.51928507   -0.00245526    0.17743211
  328    4    -0.22144    -0.35572     3.14526     -0.00191420    0.51928507   -0.00368622    0.18495234
  329    6    -0.23030     0.40256     3.13795     -0.00184852    0.51928507   -0.00355974    0.18504991
  330    4    -0.22784    -0.69586     3.32962     -0.00002340    0.01508686   -0.00155122    0.17925379
  331    2    -1.17594    -0.17185     3.34745     -0.00000320    0.01508686   -0.00021228    0.17030061
  332    6    -0.40414     0.67600    -3.52801     -0.00003464    0.00699870   -0.00494915    0.16560960
  333    2    -1.33888     0.12868    -3.50098      0.00002082    0.00699870    0.00297458    0.16009563
  334    9    -6.34142    -2.21723     0.35467     -0.00097993    0.24114361   -0.00406367    0.16967466
  335    9    -6.32878    -1.70843     1.35340     -0.00201047    0.53749997   -0.00374041    0.16848717
  336    9    -6.32882    -0.55923     2.07237     -0.00206975    0.53749997   -0.00385070    0.16449150
  337    9    -6.34704     0.78976     1.94003     -0.00176572    0.53749997   -0.00328505    0.16514150
  338    9    -6.37586     1.77695     1.01147     -0.00233751    0.53749997   -0.00434885    0.16992535
  339    9    -6.40327     1.99139    -0.32676     -0.00194317    0.53749997   -0.00361521    0.17150197
  340    9    -6.41787     1.34381    -1.51757     -0.00191341    0.53749997   -0.00355982    0.16640478
  341    9    -6.41358     0.10379    -2.06524     -0.00184615    0.53749997   -0.00343470    0.16269564
  342    9    -6.39218    -1.21246    -1.74178     -0.00210987    0.53749997   -0.00392534    0.16476273
  343    9    -6.36259    -2.05700    -0.68184     -0.00188078    0.53749997   -0.00349912    0.17038111
  344    2    -6.00600    -2.27840     0.83712     -0.00201756    0.52288867   -0.00385848    0.17160513
  345    2    -5.99530    -1.32132     2.01259     -0.00174559    0.52288867   -0.00333837    0.16452752
  346    2    -6.00609     0.15437     2.35911     -0.00176243    0.52288867   -0.00337057    0.16200026
  347    2    -6.03388     1.53435     1.73243     -0.00158859    0.52288867   -0.00303811    0.16608181
  348    2    -6.06709     2.24416     0.39343     -0.00175699    0.52288867   -0.00336017    0.17322812
  349    2    -6.09191     1.98830    -1.10048     -0.00204898    0.52288867   -0.00391858    0.16955990
  350    2    -6.09800     0.87330    -2.12740     -0.00172740    0.52288867   -0.00330357    0.16174383
  351    2    -6.08282    -0.63670    -2.25984     -0.00173326    0.52288867   -0.00331478    0.16062292
  352    2    -6.05270    -1.91308    -1.44267     -0.00174594    0.52288867   -0.00333903    0.16687369
  353    2    -6.02573    -2.47383    -0.34556     -0.00114009    0.29229529   -0.00390048    0.17077324
  354    3    -0.69751    -0.62066    -3.35899     -0.00090856    0.33630734   -0.00270158    0.16806301
  355    4    -0.26308    -0.60645    -3.38847     -0.00113888    0.33630734   -0.00338643    0.17038934
  356    6    -0.26222     0.14685    -3.33735     -0.00130204    0.33630734   -0.00387158    0.17219283
  357    3    -0.83625    -5.90539     0.63888     -0.00026354    0.03365079   -0.00783169    0.18040829
  358    4    -0.40745    -5.85558     0.62037     -0.00023994    0.03365079   -0.00713025    0.18169691
  359   10    -1.10914    -5.99527     0.58342     -0.00029526    0.03365079   -0.00877424    0.17978953
  360    3    -0.86767    -5.90610    -0.76848     -0.00028341    0.03365079   -0.00842211    0.17876212
  361    4    -0.43847    -5.85628    -0.76917     -0.00030976    0.03365079   -0.00920502    0.18040741
  362   10    -1.13781    -5.99592    -0.70080     -0.00024234    0.03365079   -0.00720176    0.17863425
  363    4    -0.11469    -1.38460     3.44659     -0.00112757    0.66899854   -0.00168546    0.17517153
  364    4    -0.07501    -3.36293     3.25816     -0.00233213    1.36832056   -0.00170438    0.16894612
  365    4    -0.06621    -5.26332     1.76476     -0.00424809    1.36832056   -0.00310460    0.17965214
  366    3    -0.71793    -2.16148     3.44273     -0.00194227    1.36832056   -0.00141946    0.16720079
  367    3    -0.68369    -4.45924     2.69377     -0.00277908    1.36832056   -0.00203101    0.16855493
  368    3    -0.69020    -5.71630     1.15409     -0.00187034    0.66899854   -0.00279573    0.17873106
  369    4    -0.12485    -5.70603    -1.30006     -0.00182862    0.66345137   -0.00275622    0.17786907
  370    4    -0.18660    -4.46614    -2.83305     -0.00306038    1.35598997   -0.00225694    0.16471098
  371    4    -0.25410    -2.19209    -3.59660     -0.00241106    1.35598997   -0.00177808    0.16031848
  372    3    -0.76811    -5.28680    -1.90723     -0.00392871    1.35598997   -0.00289730    0.17349576
  373    3    -0.84310    -3.41011    -3.40098     -0.00210182    1.35598997   -0.00155003    0.15658989
  374    3    -0.89125    -1.44906    -3.60877     -0.00078613    0.66345137   -0.00118491    0.15825742
  375    9    -6.23448    -2.37547     0.02757     -0.00029997    0.06519506   -0.00460118    0.16889079
  376    3    -5.59120    -3.24854     0.03875     -0.00019312    0.09209767   -0.00209689    0.16779853
  377   10    -1.50508    -6.08643     0.82654     -0.00101701    0.23182952   -0.00438689    0.17690449
  378   10    -2.12263    -5.75584     1.65047     -0.00182930    0.51272252   -0.00356782    0.17260186
  379   10    -3.21426    -5.18370     2.09459     -0.00177413    0.51272252   -0.00346021    0.16766765
  380   10    -4.33139    -4.60818     1.72441     -0.00199934    0.51272252   -0.00389946    0.16848327
  381   10    -5.04198    -4.25184     0.68311     -0.00178211    0.51272252   -0.00347577    0.17226583
  382   10    -5.07122    -4.25250    -0.62662     -0.00213897    0.51272252   -0.00417179    0.17182684
  383   10    -4.40780    -4.60990    -1.69824     -0.00181858    0.51272252   -0.00354692    0.16687464
  384   10    -3.30829    -5.18582    -2.11733     -0.00193940    0.51272252   -0.00378256    0.16543352
  385   10    -2.19792    -5.75754    -1.72180     -0.00164652    0.51272252   -0.00321132    0.17034496
  386   10    -1.54421    -6.08731    -0.92592     -0.00098191    0.23182952   -0.00423548    0.17543328
  387    3    -1.38916    -5.77453     1.30142     -0.00187658    0.50640918   -0.00370565    0.17718597
  388    3    -2.41044    -5.23340     2.20217     -0.00162540    0.50640918   -0.00320966    0.16751833
  389    3    -3.71016    -4.55807     2.24568     -0.00169663    0.50640918   -0.00335031    0.16484582
  390    3    -4.78565    -4.00973     1.41512     -0.00178561    0.50640918   -0.00352602    0.16948503
  391    3    -5.22099    -3.80043     0.03169     -0.00204763    0.50640918   -0.00404344    0.17387562
  392    3    -4.84782    -4.01113    -1.36958     -0.00180774    0.50640918   -0.00356973    0.16831531
  393    3    -3.81046    -4.56033    -2.24677     -0.00165113    0.50640918   -0.00326046    0.16244509
  394    3    -2.51008    -5.23564    -2.26063     -0.00164004    0.50640918   -0.00323856    0.16456785
  395    3    -1.44960    -5.77589    -1.40580     -0.00189561    0.50640918   -0.00374324    0.17498994
  396    4     0.97252    -0.40368    -3.50722     -0.00079542    0.15515766   -0.00512651    0.17194623
  397    5     1.17520    -0.02410    -3.49544     -0.00075040    0.15515766   -0.00483640    0.17238681
  398    6     0.96371     0.35042    -3.51447     -0.00068918    0.15515766   -0.00444181    0.17183212
  399    4     0.96910    -0.33856     3.26294     -0.00069682    0.15515766   -0.00449102    0.19378627
  400    5     1.17180     0.04072     3.24406     -0.00074184    0.15515766   -0.00478118    0.19650701
  401    6     0.96029     0.41554     3.25568     -0.00078067    0.15515766   -0.00503144    0.19402368
  402    4     2.68526    -1.29337    -3.36929     -0.00096601    0.17605419   -0.00548701    0.16551019
  403    5     2.87674    -0.90776    -3.35805     -0.00088961    0.17605419   -0.00505303    0.16443817
  404    7     3.34401    -0.88926    -3.32630     -0.00070457    0.17605419   -0.00400201    0.15677711
  405    4     2.64173    -1.13461     3.17476     -0.00152250    0.24709051   -0.00616172    0.21033333
  406    5     2.83470    -0.74914     3.16765     -0.00165257    0.24709051   -0.00668811    0.21747374
  407   13     3.50166    -0.67500     3.20849     -0.00233298    0.24709051   -0.00944181    0.22886971
  408    5     1.76912    -0.39641     3.27218     -0.00237313    0.72715920   -0.00326357    0.20180084
  409    4     1.74544    -1.07407     3.34557     -0.00217820    0.76147225   -0.00286051    0.19655870
  410    5     2.11125    -0.63704    -3.47523     -0.00264034    0.80505961   -0.00327969    0.16992726
  411    4     1.55128    -1.03806    -3.57096     -0.00231380    0.84302651   -0.00274464    0.16870553
  412    6     0.38582     0.57026     3.33870     -0.00133824    0.69731419   -0.00191914    0.18554711
  413    4     0.55410    -0.50304     3.36381     -0.00141937    0.69731419   -0.00203548    0.18648563
  414    6     0.47963     0.50457    -3.60035     -0.00195582    0.84508522   -0.00231434    0.16821090
  415    4     0.30413    -0.57268    -3.56779     -0.00175786    0.84508522   -0.00208010    0.16818658
  416    4     3.82232    -3.47408    -2.12733     -0.00091709    0.21551229   -0.00425538    0.16697044
  417    7     4.41141    -2.97694    -2.06788     -0.00027022    0.21551229   -0.00125386    0.14836291
  418   11     3.86341    -3.71059    -1.95768     -0.00083275    0.21551229   -0.00386404    0.17028960
  419    7     4.54996    -2.42688    -2.58576      0.00067982    1.11913956    0.00060745    0.13581683
  420    7     3.83011    -1.30892    -3.28828     -0.00107883    1.11913956   -0.00096398    0.14510008
  421    4     3.26313    -2.46733    -2.94115     -0.00674890    2.45606215   -0.00274785    0.16277384
  422   10    -1.27782    -6.09724    -0.18778     -0.00362705    0.89864906   -0.00403612    0.18084985
  423    4    -0.21655    -5.95133     0.04361     -0.00366855    1.26740016   -0.00289455    0.18237865
  424    4     4.00575    -3.31589     1.73843     -0.00093023    0.23857780   -0.00389906    0.19563704
  425   11     4.01970    -3.54908     1.56062     -0.00121679    0.23857780   -0.00510020    0.19472265
  426   13     4.67411    -2.61627     1.83907     -0.00126271    0.23857780   -0.00529265    0.19792971
  427   11     3.65936    -4.20827     1.69219     -0.00148214    0.24603038   -0.00602420    0.19238671
  428   11     2.76391    -4.88347     1.92717     -0.00252193    0.55171418   -0.00457108    0.18954856
  429   11     1.71654    -5.65539     1.45530     -0.00271157    0.55171418   -0.00491480    0.18753529
  430   11     1.12459    -6.06984     0.27491     -0.00259027    0.55171418   -0.00469496    0.18899539
  431   11     1.24677    -5.94569    -1.09810     -0.00286372    0.55171418   -0.00519059    0.18562975
  432   11     2.02969    -5.33720    -2.06365     -0.00266845    0.55171418   -0.00483664    0.17980688
  433   11     3.13116    -4.51031    -2.19973     -0.00264129    0.55171418   -0.00478743    0.17772142
  434    4     3.18986    -4.16339     2.05746     -0.00232769    0.53039416   -0.00438860    0.19266545
  435    4     1.95052    -5.08972     2.04029     -0.00238631    0.53039416   -0.00449913    0.18554845
  436    4     0.97953    -5.79242     1.06163     -0.00227708    0.53039416   -0.00429318    0.18728267
  437    4     0.70128    -5.96437    -0.45078     -0.00272406    0.53039416   -0.00513591    0.18809246
  438    4     1.23738    -5.53042    -1.83593     -0.00232147    0.53039416   -0.00437687    0.18013365
  439    4     2.35353    -4.68022    -2.48844     -0.00240059    0.53039416   -0.00452604    0.17526229
  440    4     3.35814    -3.93221    -2.35408     -0.00123596    0.29821865   -0.00414447    0.17174785
  441   13     4.02719    -0.93051     3.34698     -0.00561070    0.83693906   -0.00670383    0.22749285
  442   13     4.74277    -1.88654     2.72908     -0.01091377    1.68800384   -0.00646549    0.22003500
  443    4     3.10267    -2.10209     3.06442     -0.00733374    2.35519709   -0.00311385    0.20165835
  444    4     3.91654    -3.11730     2.24646     -0.00283926    1.19511539   -0.00237572    0.19322584
  445    5     2.85963     0.90232    -3.37394     -0.00085043    0.17550224   -0.00484571    0.16416274
  446    6     2.65917     1.28312    -3.39234     -0.00090540    0.17550224   -0.00515890    0.16530286
  447    7     3.32712     0.89264    -3.34175     -0.00067707    0.17550224   -0.00385790    0.15655017
  448    5     2.78887     0.86624     3.16073     -0.00181547    0.25441364   -0.00713589    0.21831769
  449    6     2.58722     1.24757     3.16259     -0.00140272    0.25441364   -0.00551356    0.21157441
  450   13     3.45931     0.83761     3.20406     -0.00267220    0.25441364   -0.01050337    0.23020717
  451    6     1.45846     1.02744     3.34068     -0.00203687    0.74367593   -0.00273892    0.19501731
  452    5     1.99750     0.62300     3.25498     -0.00245832    0.71016051   -0.00346164    0.20508681
  453    6     1.80482     1.14911    -3.57063     -0.00235357    0.84573393   -0.00278287    0.16795628
  454    5     1.81560     0.45628    -3.50624     -0.00256028    0.80764528   -0.00317005    0.17093990
  455    7     3.64519    -0.14314    -3.43086     -0.00139688    0.80565535   -0.00173384    0.14889443
  456    5     2.97117     0.14188    -3.42530     -0.00251482    0.83207752   -0.00302234    0.16258274
  457   13     3.88307     0.21592     3.40872     -0.00689085    0.82338882   -0.00836889    0.23668996
  458    5     2.91593    -0.05293     3.27174     -0.00484119    1.05997228   -0.00456728    0.22009793
  459    6     3.74320     3.49970    -2.19860     -0.00098661    0.21541349   -0.00458006    0.16784369
  460    7     4.34339     3.01520    -2.12915     -0.00025637    0.21541349   -0.00119012    0.14906043
  461   12     3.77811     3.74130    -2.03480     -0.00087575    0.21541349   -0.00406542    0.17133050
  462    7     3.80318     1.31993    -3.31210     -0.00090933    1.11459863   -0.00081583    0.14473606
  463    7     4.49590     2.45935    -2.63447      0.00085125    1.11459863    0.00076373    0.13585064
  464    6     3.20899     2.47103    -2.98937     -0.00654143    2.44620232   -0.00267412    0.16284210
  465    8    -1.41383     6.05751    -0.03274     -0.00363021    0.90033218   -0.00403208    0.18150344
  466    6    -0.36123     5.93124    -0.31103     -0.00371846    1.26976254   -0.00292847    0.18271602
  467    6     3.87374     3.50183     1.72018     -0.00123657    0.24519037   -0.00504332    0.19924946
  468   12     3.88962     3.72802     1.53329     -0.00115292    0.24519037   -0.00470215    0.19784961
  469   13     4.56833     2.84566     1.83056     -0.00157045    0.24519037   -0.00640504    0.20295181
  470   12     3.38727     4.26745    -2.20203     -0.00130611    0.24400034   -0.00535290    0.17551592
  471   12     2.46647     4.91536    -2.35999     -0.00247782    0.54610768   -0.00453723    0.17896487
  472   12     1.45246     5.66318    -1.81232     -0.00268331    0.54610768   -0.00491352    0.18287615
  473   12     0.95058     6.07797    -0.60259     -0.00263479    0.54610768   -0.00482468    0.18867621
  474   12     1.17662     5.98137     0.74907     -0.00281764    0.54610768   -0.00515950    0.18920838
  475   12     2.03338     5.41492     1.66147     -0.00265188    0.54610768   -0.00485596    0.18872829
  476   12     3.15250     4.62218     1.74232     -0.00266322    0.54610768   -0.00487672    0.19439777
  477    6     2.89129     4.20711    -2.52350     -0.00215026    0.52696818   -0.00408043    0.17568933
  478    6     1.64614     5.09898    -2.40645     -0.00235223    0.52696818   -0.00446371    0.17732175
  479    6     0.74909     5.78697    -1.36649     -0.00222209    0.52696818   -0.00421675    0.18489169
  480    6     0.58586     5.97526     0.14924     -0.00267501    0.52696818   -0.00507624    0.18956952
  481    6     1.22662     5.58289     1.48902     -0.00227714    0.52696818   -0.00432121    0.18634218
  482    6     2.39587     4.77858     2.07679     -0.00241034    0.52696818   -0.00457398    0.18913868
  483    6     3.39948     4.05564     1.89668     -0.00133594    0.29575799   -0.00451702    0.19537163
  484   13     4.90691     2.45080     2.41442     -0.00483605    0.83310891   -0.00580482    0.21285948
  485   13     4.23004     1.53202     3.13801     -0.01243493    1.68108503   -0.00739697    0.23103075
  486    6     3.48762     2.92398     2.57183     -0.00726120    2.34020647   -0.00310280    0.20086015
  487    6     2.71490     1.79479     3.28679     -0.00295499    1.18800309   -0.00248736    0.20185321
  488    7     5.08196    -2.67667     1.43388     -0.00061125    0.22708833   -0.00269170    0.18708281
  489   11     4.42089    -3.30434     1.30990     -0.00093821    0.22708833   -0.00413149    0.18838656
  490   13     5.16678    -2.48115     1.68742     -0.00107798    0.22708833   -0.00474696    0.19526990
  491   11     4.13587    -4.00178    -1.68036     -0.00257976    0.89090692   -0.00289566    0.16807440
  492   11     4.53300    -4.18757    -0.36159     -0.00650805    1.79819130   -0.00361922    0.17643789
  493   11     4.37241    -4.00480     1.00670     -0.00286238    0.89090692   -0.00321289    0.18449506
  494    7     5.20226    -3.10826    -1.34186      0.00214036    2.18714230    0.00097861    0.13726939
  495    7     5.36344    -3.11032     0.48909      0.00032954    2.18714230    0.00015067    0.16042225
  496    7     5.15516     2.92170     1.14027     -0.00061565    0.25550776   -0.00240950    0.18598173
  497   12     4.46633     3.52679     1.03320     -0.00116523    0.25550776   -0.00456043    0.18870869
  498   13     5.23508     2.75945     1.41855     -0.00116440    0.25550776   -0.00455720    0.19490009
  499   12     4.37755     4.18618     0.69216     -0.00285528    0.82083414   -0.00347851    0.18483636
  500   12     4.43723     4.27301    -0.59104     -0.00593525    1.65353050   -0.00358944    0.17684940
  501   12     4.03223     4.03774    -1.79035     -0.00244132    0.82083414   -0.00297420    0.16907679
  502    7     5.35363     3.27369     0.20722      0.00029448    2.01787505    0.00014594    0.16021639
  503    7     5.11810     3.17245    -1.48593      0.00208821    2.01787505    0.00103486    0.13814301
  504   13     5.86941    -2.21234     1.84642     -0.00193239    0.31382107   -0.00615763    0.19826499
  505   13     6.91058    -1.62919     1.42206     -0.00418698    0.67973398   -0.00615974    0.19481232
  506   13     7.62687    -0.31549     1.08108     -0.00529479    0.67973398   -0.00778950    0.19598493
  507   13     7.41339     1.20423     1.08000     -0.00496166    0.67973398   -0.00729941    0.19530510
  508   13     6.36282     2.27021     1.41928     -0.00430670    0.67973398   -0.00633586    0.19789796
  509    7     6.19868    -2.21228     1.26029     -0.00276094    0.67139272   -0.00411226    0.18400813
  510    7     7.37036    -1.15504     0.76120     -0.00394060    0.67139272   -0.00586929    0.18148931
  511    7     7.65755     0.46330     0.56582     -0.00436931    0.67139272   -0.00650783    0.18374446
  512    7     6.93557     1.94016     0.75899     -0.00332611    0.67139272   -0.00495404    0.18056139
  513    7     5.85402     2.65964     1.12858     -0.00119255    0.35746506   -0.00333614    0.18391939
  514   13     5.23453    -2.53501     2.02881     -0.00039862    0.26653549   -0.00149554    0.19336135
  515   11     4.24152    -3.80606     1.51800     -0.00013863    0.26653549   -0.00052013    0.18528832
  516   13     5.25472     2.82534     1.82268     -0.00127538    0.69488170   -0.00183539    0.19511596
  517   12     4.15237     3.99622     1.40133     -0.00104837    0.69488170   -0.00150870    0.18830109
