COSMO Results from DMol3

Note: COSMO for ideal conductor limit (fepsi= 1.0000)
  Basic Grid Size                  =   1082
  Number of Segments on an Atom    =     92
  Number of Segments on Hydrogen   =     32
  Solvent Radius    [au]           =   2.46
  A - Matrix Cutoff [au]           =  13.23
  factor for Outlying Charge corr  =   0.85
  maximum segment or cutoff radius =   1.51
  total number of segments         =    504
  number of charge corr segments   =    234




$coordinates xyz [au]                         and cosmo atom analysis:   radius   charge    area  charge density  (srad)
N            -3.09005398106815    1.29073764541813    0.08579480762477   3.4582  -0.0465    24.80    -0.00188    5.9148
C            -3.16187089839636   -1.30378580906772    0.39612571501917   3.7795  -0.0701    61.21    -0.00114    6.2361
C            -0.70964650642336   -2.11452498347662    0.31117211519948   3.7795  -0.0469    52.44    -0.00089    6.2361
N             0.80451363813137    0.00187005044195   -0.05149737071784   3.4582  -0.0094     6.24    -0.00151    5.9148
C            -0.67989633449853    2.05515352112915   -0.18477308924960   3.7795  -0.1232    59.55    -0.00207    6.2361
C             3.57578457737493   -0.01499256725565   -0.28230928685336   3.7795  -0.0831    62.24    -0.00134    6.2361
H            -4.62445203984410    2.47098778705934    0.06309262628586   2.4566  -0.1760    30.55    -0.00576    4.9133
H            -4.91751801629754   -2.33089663490678    0.65510303150795   2.4566  -0.0772    23.00    -0.00336    4.9133
H             0.08493179252556   -3.99756352267140    0.47555404099802   2.4566  -0.0833    25.01    -0.00333    4.9133
H            -0.04587359286765    3.98518109630757   -0.45595354651656   2.4566  -0.0961    24.07    -0.00399    4.9133
H             4.11739262691038   -1.08473958100970   -1.97355763756560   2.4566  -0.0625    25.05    -0.00250    4.9133
H             4.39668218432834   -0.89189869724276    1.40607858542347   2.4566  -0.0617    24.82    -0.00248    4.9133
H             4.25000655012508    1.93447169527453   -0.44482999115577   2.4566  -0.0634    22.92    -0.00277    4.9133
$end


$cosmo_energy               [Hartree atomic units]       [eV]     [kcal/mol]
  Total energy                 =       -266.065735
  Total energy + OC corr.      =       -266.062430
  Dielectric energy            =         -0.094213      -2.564      -59.12
  Diel. energy + OC corr.      =         -0.090909      -2.474      -57.05

  Surface area of cavity [au]  =           441.902
  Total Volume of cavity [au]  =           749.511


$screening_charge
  cosmo           =   -1.01915
  corrected total =   -0.99938


$segment information
    n  atom        position (X, Y, Z) [au]            charge       area [au]   charge/area    potential [au]

    1    1    -4.65600     1.62570     3.15087     -0.00052750    0.55557476   -0.00094947    0.17553025
    2    1    -3.47919     4.15119     1.98990     -0.00057324    0.13889369   -0.00412716    0.20341343
    3    1    -4.75448     1.92884    -2.87759     -0.00122372    0.97225583   -0.00125864    0.18065602
    4    1    -3.53525     3.75653     2.46925     -0.00029698    0.41668107   -0.00071272    0.19121167
    5    1    -5.30775     1.86166     2.67711     -0.00077947    0.69446845   -0.00112240    0.19278608
    6    1    -4.51774     2.42489     3.02425     -0.00157913    0.97225583   -0.00162419    0.18160560
    7    1    -3.78479     3.22196     2.86912     -0.00083951    1.25004321   -0.00067159    0.18261357
    8    1    -3.89130     3.52987    -2.42488     -0.00068087    0.55557476   -0.00122552    0.20105791
    9    1    -4.11758     2.66315    -2.91751     -0.00147886    1.11114952   -0.00133093    0.18372391
   10    1    -5.39692     1.14498    -2.48640     -0.00077178    0.97225583   -0.00079380    0.18352083
   11    1    -5.99433     0.94164    -1.75875     -0.00092896    0.27778738   -0.00334412    0.19912825
   12    1    -3.71170     1.70712     3.46208      0.00072990    0.69446845    0.00105102    0.16507108
   13    1    -2.80735     1.69638     3.50847      0.00013686    0.55557476    0.00024634    0.16292268
   14    1    -3.66232     1.74850    -3.29387      0.00081738    0.97225583    0.00084070    0.16838403
   15    1    -4.48630     1.03345    -3.06752     -0.00007190    0.97225583   -0.00007396    0.16806876
   16    1    -3.46822     0.88260    -3.32735      0.00014637    0.69446845    0.00021076    0.16289048
   17    1    -3.44793     2.46116     3.32017      0.00001953    0.97225583    0.00002009    0.16882400
   18    2    -5.70089    -0.93616    -2.37919     -0.00118019    1.49307918   -0.00079044    0.16210066
   19    2    -3.87212    -4.35873    -1.71266     -0.00011706    1.16128380   -0.00010080    0.14560737
   20    2    -3.87253    -4.45272     2.36167     -0.00137841    0.99538612   -0.00138480    0.15574272
   21    2    -4.29322    -1.63246     3.98728     -0.00029987    1.49307918   -0.00020084    0.14480800
   22    2    -5.25457    -2.01369     3.46223     -0.00103961    1.32718149   -0.00078332    0.15472654
   23    2    -3.89041    -4.83061     1.54284     -0.00041725    0.49769306   -0.00083836    0.16104932
   24    2    -4.74174    -4.18771    -1.46696     -0.00093597    0.99538612   -0.00094031    0.15192215
   25    2    -6.27770    -1.57860    -1.72525     -0.00099664    0.82948843   -0.00120151    0.16618685
   26    2    -6.68085    -0.37245     1.41286     -0.00162003    0.82948843   -0.00195304    0.19058629
   27    2    -6.46765    -0.70388    -1.33481     -0.00196505    0.99538612   -0.00197415    0.17828618
   28    2    -5.33149    -2.03323    -2.61133     -0.00087612    1.82487455   -0.00048010    0.15036786
   29    2    -4.51567    -3.45368    -2.40196     -0.00014503    1.16128380   -0.00012489    0.14289805
   30    2    -3.99950    -4.81390    -0.72707     -0.00091249    0.99538612   -0.00091671    0.15471058
   31    2    -3.78107    -5.00958     0.80585     -0.00138255    0.66359074   -0.00208343    0.16209039
   32    2    -3.58032    -3.95233     3.05966     -0.00051010    1.16128380   -0.00043925    0.14783448
   33    2    -4.31499    -2.78208     3.67778     -0.00042541    1.16128380   -0.00036632    0.14538872
   34    2    -5.34198    -0.78304     3.43920     -0.00102695    1.49307918   -0.00068780    0.15838250
   35    2    -5.95020    -0.14096     2.66712     -0.00243799    1.32718149   -0.00183697    0.17528636
   36    2    -4.51991    -0.91547    -3.10945      0.00029693    1.65897686    0.00017899    0.15242954
   37    2    -3.19292    -1.10461    -3.37793      0.00003166    1.65897686    0.00001908    0.14900022
   38    2    -3.15914    -2.32030    -3.24404      0.00078295    0.99538612    0.00078658    0.13974157
   39    2    -3.53713    -3.43333    -2.70360      0.00072165    1.32718149    0.00054375    0.13831680
   40    2    -3.03795    -1.55889     4.16494      0.00089445    1.65897686    0.00053916    0.13973610
   41    2    -3.93495    -0.58175     4.02454     -0.00024551    1.32718149   -0.00018499    0.14797089
   42    2    -3.67461     0.16363     3.84115      0.00002518    0.66359074    0.00003794    0.15358639
   43    2    -4.51548    -3.51938     3.14260     -0.00061861    0.82948843   -0.00074577    0.15249722
   44    2    -4.12855    -4.94133     0.05275     -0.00094065    0.49769306   -0.00189001    0.16088346
   45    2    -5.43694    -3.01953    -2.08669     -0.00100873    1.32718149   -0.00076006    0.15193415
   46    2    -6.78634    -0.53171    -0.34642     -0.00152358    0.82948843   -0.00183678    0.19028663
   47    2    -6.22258    -0.92620     2.58103     -0.00076831    0.66359074   -0.00115780    0.17326258
   48    2    -2.58651    -0.29786     3.99355      0.00009937    1.49307918    0.00006655    0.14845242
   49    2    -4.13277    -2.31713    -3.11309      0.00009418    1.65897686    0.00005677    0.14164580
   50    2    -3.38817    -2.87896     3.82423      0.00061389    1.32718149    0.00046255    0.13989887
   51    2    -4.76846     0.00994     3.55483      0.00014071    0.82948843    0.00016964    0.15955260
   52    3    -1.74241    -4.33774     3.18782     -0.00002312    1.16128380   -0.00001991    0.14507877
   53    3    -2.14345    -5.45913    -0.70970     -0.00135950    0.99538612   -0.00136580    0.15525904
   54    3    -0.46105    -3.96943    -2.97238     -0.00013205    1.16128380   -0.00011371    0.14345392
   55    3     0.19977    -4.69619    -2.29501     -0.00071077    1.16128380   -0.00061206    0.15317618
   56    3    -2.26138    -5.56069     0.28979     -0.00053103    0.66359074   -0.00080023    0.16136627
   57    3    -0.96156    -4.77757     2.98121     -0.00090622    0.99538612   -0.00091042    0.15112807
   58    3     1.30706    -3.65369     3.11263     -0.00126139    0.99538612   -0.00126724    0.15850071
   59    3     0.73688    -3.03699     3.67880     -0.00046805    1.32718149   -0.00035266    0.14898410
   60    3    -0.63555    -3.83988     3.67302      0.00001426    1.16128380    0.00001228    0.14223549
   61    3    -1.90931    -5.05018     2.36718     -0.00065069    0.82948843   -0.00078445    0.15441859
   62    3    -2.39991    -5.38061     1.18300     -0.00083144    0.33179537   -0.00250587    0.16151077
   63    3    -2.03521    -5.09135    -1.60342     -0.00039456    1.16128380   -0.00033976    0.14702930
   64    3    -0.92200    -4.77081    -2.36900     -0.00027092    1.16128380   -0.00023329    0.14466693
   65    3     0.57491    -3.78332    -2.82717     -0.00041141    0.99538612   -0.00041332    0.15250892
   66    3     0.72126    -1.67229     3.78122     -0.00043888    1.16128380   -0.00037793    0.15187110
   67    3    -0.24619    -1.07381     3.91484     -0.00000758    1.49307918   -0.00000508    0.14865280
   68    3    -0.99637    -1.95817     4.07650      0.00077720    0.99538612    0.00078080    0.13962325
   69    3    -1.32484    -3.15266     3.89282      0.00073587    1.16128380    0.00063367    0.13779488
   70    3    -1.27921    -3.20860    -3.26133      0.00099189    1.65897686    0.00059789    0.13954097
   71    3    -0.02194    -2.73716    -3.35264     -0.00058677    1.49307918   -0.00039299    0.14935819
   72    3    -1.14555    -5.31761    -1.64701     -0.00069165    0.82948843   -0.00083382    0.15154477
   73    3    -2.02603    -5.39040     1.66030     -0.00103748    0.49769306   -0.00208458    0.16028702
   74    3     0.22075    -4.13957     3.36369     -0.00082705    1.16128380   -0.00071219    0.15041430
   75    3     1.17829    -4.29885    -2.12780     -0.00088082    0.66359074   -0.00132736    0.16259757
   76    3    -0.89205    -1.93023    -3.45936      0.00002102    1.49307918    0.00001408    0.14884069
   77    3    -0.21992    -2.55841     4.03239      0.00022100    1.65897686    0.00013322    0.14147540
   78    3    -1.73869    -4.25972    -2.62540      0.00069725    1.16128380    0.00060041    0.13891559
   79    4     0.75675    -0.47879    -3.47581     -0.00016074    0.27778738   -0.00057863    0.16623487
   80    4     0.91576     0.30356     3.39171     -0.00007755    0.13889369   -0.00055834    0.16410714
   81    4     1.48251     0.88122     3.22357     -0.00012914    0.13889369   -0.00092976    0.16733752
   82    4     1.33342     0.20254     3.36011      0.00004717    0.41668107    0.00011321    0.16480594
   83    4     0.39495    -0.55320    -3.44021     -0.00006919    0.13889369   -0.00049812    0.16506206
   84    5    -1.35536     0.74418    -3.66464     -0.00088391    0.66359074   -0.00133201    0.16545974
   85    5     0.92157     2.98800    -3.47863     -0.00036265    0.82948843   -0.00043720    0.17514931
   86    5    -2.34838     3.90774    -3.02526     -0.00130948    1.16128380   -0.00112762    0.18166913
   87    5    -2.15242     5.30051     1.07359     -0.00220573    0.99538612   -0.00221596    0.19892110
   88    5     0.17227     3.95924     2.96680     -0.00139226    1.32718149   -0.00104903    0.16964358
   89    5     0.45433     4.69731     2.26813     -0.00208344    1.16128380   -0.00179409    0.17979152
   90    5    -2.43157     5.37966     0.21953     -0.00150514    0.49769306   -0.00302424    0.20797897
   91    5    -1.81926     4.76147    -2.56427     -0.00328060    1.49307918   -0.00219720    0.18986169
   92    5     1.05214     3.75933    -3.07963     -0.00245254    0.99538612   -0.00246391    0.18383561
   93    5     0.12175     3.16034    -3.70902     -0.00137870    1.32718149   -0.00103882    0.17124649
   94    5    -1.29220     3.81634    -3.47227     -0.00169412    1.49307918   -0.00113465    0.17438523
   95    5    -2.68363     4.69414    -2.00275     -0.00189931    0.82948843   -0.00228974    0.20000185
   96    5    -2.51809     5.34969    -0.41119     -0.00140918    0.33179537   -0.00424714    0.21046767
   97    5    -1.97206     4.85788     1.99677     -0.00251172    1.49307918   -0.00168224    0.18677584
   98    5    -0.66337     4.57395     2.63294     -0.00127750    1.16128380   -0.00110007    0.17452395
   99    5     1.34157     3.81895     2.47735     -0.00152813    1.16128380   -0.00131590    0.17594688
  100    5     0.34194     1.75279    -3.81091     -0.00111407    1.49307918   -0.00074616    0.16785638
  101    5    -0.60029     1.04768    -3.82662     -0.00135762    1.32718149   -0.00102293    0.16500792
  102    5    -1.66071     1.70332    -3.81776     -0.00089163    1.16128380   -0.00076780    0.16482611
  103    5    -2.04974     2.72596    -3.64279     -0.00089984    1.49307918   -0.00060267    0.16921453
  104    5    -1.39561     2.47309     3.50266     -0.00038896    0.99538612   -0.00039077    0.16508733
  105    5    -0.73717     3.34212     3.36833     -0.00141258    1.65897686   -0.00085148    0.16587047
  106    5     0.66768     3.01604     3.21300     -0.00110685    1.32718149   -0.00083398    0.16707370
  107    5     0.47939     2.09717     3.41223     -0.00094494    0.99538612   -0.00094932    0.16543158
  108    5    -0.96882     5.18994     1.90658     -0.00208648    0.99538612   -0.00209615    0.18589432
  109    5    -2.40210     5.23400    -1.28621     -0.00174617    0.49769306   -0.00350854    0.20615477
  110    5    -0.37177     4.12975    -3.32889     -0.00202091    1.16128380   -0.00174024    0.17910163
  111    5     1.55654     4.37405     1.79141     -0.00174286    0.66359074   -0.00262641    0.18663727
  112    5    -0.52112     1.88211     3.58736     -0.00197527    1.65897686   -0.00119065    0.16433801
  113    5    -0.80703     2.52141    -3.93322     -0.00161763    1.65897686   -0.00097508    0.16617270
  114    5    -1.68236     4.06941     2.85199     -0.00118256    1.32718149   -0.00089103    0.17390404
  115    6     3.21530     1.71463     3.05876     -0.00077336    0.82948843   -0.00093233    0.16253709
  116    6     2.72896     0.68010    -3.89949     -0.00088836    0.82948843   -0.00107097    0.16300139
  117    6     5.32090     1.80728    -3.09625     -0.00042737    0.99538612   -0.00042935    0.15089333
  118    6     7.27340    -0.75258    -0.54297     -0.00142035    1.32718149   -0.00107020    0.14136929
  119    6     4.85827    -3.52970     0.25272     -0.00049862    1.32718149   -0.00037570    0.15344927
  120    6     3.88614     2.52450     2.49960     -0.00121183    1.49307918   -0.00081163    0.16202707
  121    6     5.15291     2.41252     2.14756     -0.00062017    0.99538612   -0.00062305    0.15446741
  122    6     3.80488     1.08999     3.32474     -0.00064089    0.66359074   -0.00096579    0.15862343
  123    6     4.32428     1.48951     3.10304     -0.00030930    0.82948843   -0.00037288    0.15464797
  124    6     3.08451     0.81867     3.37117     -0.00072810    0.66359074   -0.00109721    0.16301648
  125    6     5.21544    -3.38580    -0.76543     -0.00031181    0.66359074   -0.00046989    0.15042504
  126    6     6.92784    -1.27750    -1.48819     -0.00176972    1.49307918   -0.00118528    0.14450425
  127    6     5.27211     0.95311    -3.51799     -0.00022960    0.99538612   -0.00023066    0.14923883
  128    6     2.38096    -0.13077    -3.86605     -0.00080437    0.82948843   -0.00096972    0.16663503
  129    6     6.22461     1.75441     1.75174     -0.00075636    1.65897686   -0.00045592    0.14744120
  130    6     6.11014     1.11846     2.28220     -0.00030742    0.82948843   -0.00037062    0.14759880
  131    6     3.17974     1.43942    -3.74816     -0.00067913    0.82948843   -0.00081873    0.16071748
  132    6     4.38334     1.64147    -3.58205     -0.00045460    1.32718149   -0.00034253    0.15327974
  133    6     6.33345     1.31371    -2.49911     -0.00131968    1.82487455   -0.00072316    0.14642667
  134    6     7.12915     0.11871    -1.56299     -0.00155221    1.49307918   -0.00103961    0.14229870
  135    6     6.83760    -1.91138    -0.50271     -0.00090387    1.16128380   -0.00077833    0.14266238
  136    6     5.88108    -2.99241     0.04153     -0.00053942    1.16128380   -0.00046450    0.14692145
  137    6     4.25788    -3.70744    -0.71212     -0.00035130    0.99538612   -0.00035293    0.15821295
  138    6     6.93309     1.53943     0.49017     -0.00181610    1.82487455   -0.00099519    0.14701436
  139    6     7.32943     0.38123    -0.08853     -0.00221360    1.99077223   -0.00111193    0.14207818
  140    6     7.15277    -0.91469     0.54238     -0.00158134    1.32718149   -0.00119150    0.14417627
  141    6     5.10221     1.68819     2.72660     -0.00040601    1.32718149   -0.00030592    0.15055057
  142    6     2.67253     0.05710     3.38691     -0.00051834    0.33179537   -0.00156223    0.16704165
  143    6     6.22580    -2.66081    -0.79350     -0.00055790    0.99538612   -0.00056049    0.14545198
  144    6     6.61198     0.22691    -2.52003     -0.00122162    1.32718149   -0.00092046    0.14517186
  145    6     3.82207     0.86768    -3.94899     -0.00024899    0.66359074   -0.00037521    0.15637699
  146    6     7.01160     0.43823     1.22571     -0.00133013    1.49307918   -0.00089087    0.14428819
  147    6     3.56371     2.23492    -3.31910     -0.00090709    1.16128380   -0.00078111    0.16363035
  148    6     7.01294     1.29212    -1.15512     -0.00200546    1.65897686   -0.00120885    0.14617045
  149    6     6.66126    -2.11200     0.32327     -0.00090959    0.82948843   -0.00109656    0.14566621
  150    7    -6.58571     3.94788    -0.02279     -0.00758235    1.33174368   -0.00569355    0.21457661
  151    7    -6.39236     2.51756     1.76823     -0.00743909    1.40183545   -0.00530668    0.21197915
  152    7    -6.99815     1.97876    -0.33486     -0.00828514    1.47192722   -0.00562877    0.21529675
  153    7    -5.85607     3.13970    -1.95458     -0.00640013    1.40183545   -0.00456553    0.21026385
  154    7    -4.94013     4.78317    -0.70456     -0.00782429    1.47192722   -0.00531568    0.22010147
  155    7    -5.00843     4.36887     1.57498     -0.00726056    1.47192722   -0.00493269    0.21419229
  156    7    -6.96172     3.02993     0.57289     -0.00816194    1.47192722   -0.00554507    0.21410671
  157    7    -6.78827     3.13935    -0.88890     -0.00901811    1.61211077   -0.00559398    0.21328413
  158    7    -6.00029     4.17310    -1.05271     -0.00812555    1.47192722   -0.00552035    0.21484946
  159    7    -5.76696     4.62807     0.34034     -0.00778769    1.40183545   -0.00555535    0.21633659
  160    7    -6.25239     3.88714     1.23762     -0.00852254    1.54201899   -0.00552687    0.21327409
  161    7    -6.91571     2.08305     0.85983     -0.00571397    1.05137659   -0.00543475    0.21546394
  162    7    -6.49519     2.21681    -1.50878     -0.00607019    1.26165190   -0.00481130    0.21123665
  163    7    -5.10005     4.07223    -1.73827     -0.00688955    1.33174368   -0.00517333    0.21521401
  164    7    -4.76099     4.87256     0.56208     -0.00692711    1.26165190   -0.00549051    0.22013656
  165    7    -5.65118     3.39179     2.09611     -0.00607051    1.33174368   -0.00455832    0.20975972
  166    8    -6.80464    -3.80832     1.19472     -0.00719868    1.96256963   -0.00366799    0.16724180
  167    8    -5.68707    -4.03795     2.24537     -0.00395852    1.40183545   -0.00282381    0.16440229
  168    8    -5.56416    -4.65378     0.18477     -0.00345096    1.19156013   -0.00289617    0.16520215
  169    8    -6.59667    -3.28522    -0.86307     -0.00382408    1.33174368   -0.00287148    0.16656655
  170    8    -7.29709    -1.73008     0.54621     -0.00387238    1.26165190   -0.00306929    0.17877692
  171    8    -6.70030    -2.21621     2.34144     -0.00414547    1.47192722   -0.00281636    0.17077004
  172    8    -5.68645    -4.58443     1.25969     -0.00513521    1.61211077   -0.00318539    0.16544096
  173    8    -6.27113    -4.14121    -0.30701     -0.00548582    1.68220254   -0.00326109    0.16509133
  174    8    -7.22095    -3.11702     0.32134     -0.00544124    1.54201899   -0.00352864    0.16967500
  175    8    -7.24205    -2.14404     1.42766     -0.00536489    1.68220254   -0.00318920    0.17386843
  176    8    -6.37176    -3.21924     2.42463     -0.00507211    1.61211077   -0.00314626    0.16616566
  177    8    -7.09137    -2.28318    -0.48824     -0.00359739    1.26165190   -0.00285133    0.17342996
  178    9     0.95231    -6.28120     0.73596     -0.00763837    2.10275317   -0.00363256    0.16754511
  179    9    -0.47960    -6.14974    -0.56592     -0.00336427    1.26165190   -0.00266656    0.16361390
  180    9    -0.75058    -6.06507     1.50633     -0.00386551    1.33174368   -0.00290259    0.16472726
  181    9     0.98018    -5.30992     2.34941     -0.00331895    1.26165190   -0.00263064    0.16592606
  182    9     1.45306    -5.43206    -0.97551     -0.00474157    1.47192722   -0.00322134    0.17022552
  183    9    -0.50750    -6.38168     0.49028     -0.00565496    1.75229431   -0.00322718    0.16478233
  184    9     0.22611    -5.94141     1.97111     -0.00547038    1.75229431   -0.00312184    0.16460775
  185    9     1.82612    -5.33105     1.58242     -0.00676386    1.82238608   -0.00371154    0.17129377
  186    9     1.94006    -5.57708     0.16129     -0.00626104    1.68220254   -0.00372193    0.17241344
  187    9     0.55231    -6.04679    -0.79624     -0.00583740    1.89247786   -0.00308453    0.16557674
  188   10     0.59376     6.32989    -0.81420     -0.00820129    1.96256963   -0.00417885    0.19392988
  189   10    -0.58544     6.09901     0.67349     -0.00413791    1.26165190   -0.00327976    0.19560700
  190   10    -1.16336     5.98915    -1.33369     -0.00461155    1.33174368   -0.00346279    0.19880429
  191   10     0.46441     5.34711    -2.43584     -0.00408434    1.26165190   -0.00323730    0.19278642
  192   10     1.38221     5.48783     0.86226     -0.00506622    1.26165190   -0.00401554    0.19490301
  193   10    -0.78945     6.32480    -0.36456     -0.00658437    1.75229431   -0.00375757    0.19658112
  194   10    -0.26306     5.92869    -1.94281     -0.00652246    1.75229431   -0.00372224    0.19386200
  195   10     1.36914     5.46345    -1.81523     -0.00791983    1.82238608   -0.00434586    0.19544125
  196   10     1.58330     5.82048    -0.34370     -0.00701552    1.61211077   -0.00435176    0.19600470
  197   10     0.44895     6.05826     0.76574     -0.00669383    1.82238608   -0.00367311    0.19307000
  198   11     4.69062    -2.15026    -4.11158     -0.00371834    1.40183545   -0.00265248    0.15507564
  199   11     4.27122    -3.46598    -2.55754     -0.00340000    1.33174368   -0.00255304    0.16004663
  200   11     6.09887    -2.36006    -2.66813     -0.00259070    1.19156013   -0.00217421    0.15083160
  201   11     5.58896    -0.58538    -3.87626     -0.00262946    1.33174368   -0.00197445    0.15170122
  202   11     3.77982    -0.76429    -4.38570     -0.00240883    1.26165190   -0.00190926    0.15886180
  203   11     3.74144    -2.97371    -3.49851     -0.00405522    1.54201899   -0.00262981    0.16093348
  204   11     5.11673    -2.89298    -3.30271     -0.00334006    1.33174368   -0.00250804    0.15414517
  205   11     5.71368    -1.84316    -3.67995     -0.00342470    1.33174368   -0.00257159    0.15147542
  206   11     4.73754    -0.84651    -4.33868     -0.00349178    1.54201899   -0.00226442    0.15433250
  207   11     3.53914    -2.10667    -4.13141     -0.00319160    1.33174368   -0.00239656    0.16034897
  208   11     5.38880    -3.16674    -2.26316     -0.00229264    1.26165190   -0.00181717    0.15379701
  209   11     6.30854    -1.30497    -3.06239     -0.00198246    1.05137659   -0.00188559    0.15032931
  210   11     2.98134    -1.35479    -4.13492     -0.00236457    0.98128481   -0.00240967    0.16407491
  211   12     5.44225    -2.00138     3.33247     -0.00374141    1.40183545   -0.00266894    0.15514342
  212   12     5.53272    -3.04200     1.75467     -0.00233755    1.19156013   -0.00196176    0.15528679
  213   12     4.25751    -2.70510     3.05776     -0.00254590    1.05137659   -0.00242150    0.16243234
  214   12     3.85496    -0.92575     3.80203     -0.00307388    1.19156013   -0.00257971    0.16251675
  215   12     5.69239     0.02510     3.28103     -0.00243909    1.26165190   -0.00193325    0.15305302
  216   12     6.70726    -1.20191     2.18082     -0.00266224    1.26165190   -0.00211012    0.15040733
  217   12     4.84726    -3.08073     2.42640     -0.00362825    1.47192722   -0.00246497    0.15927154
  218   12     4.24649    -1.88051     3.65002     -0.00350558    1.33174368   -0.00263232    0.16093201
  219   12     5.19385    -0.96979     3.72850     -0.00337185    1.33174368   -0.00253191    0.15536000
  220   12     6.29412    -0.78265     2.96266     -0.00364053    1.54201899   -0.00236088    0.15120526
  221   12     6.04445    -2.28047     2.58584     -0.00346450    1.33174368   -0.00260148    0.15279814
  222   12     4.52491    -0.13085     3.73837     -0.00208061    1.12146836   -0.00185526    0.15830891
  223   12     6.47455    -2.17523     1.67177     -0.00199298    1.05137659   -0.00189559    0.15126071
  224   13     5.60179     3.93621    -0.89284     -0.00370124    1.33174368   -0.00277924    0.16392398
  225   13     5.46066     3.39087     1.11987     -0.00227379    1.19156013   -0.00190825    0.16206556
  226   13     5.30366     3.24951    -2.23242     -0.00268192    1.26165190   -0.00212572    0.16254916
  227   13     6.47868     2.92843    -0.72778     -0.00222959    1.05137659   -0.00212064    0.15683621
  228   13     4.51068     3.93250     0.96051     -0.00414732    1.47192722   -0.00281761    0.17236183
  229   13     4.64665     4.35333    -0.28094     -0.00439281    1.40183545   -0.00313361    0.17363719
  230   13     4.65879     4.10088    -1.52862     -0.00387995    1.33174368   -0.00291343    0.17173221
  231   13     6.06209     3.11667    -1.60833     -0.00290501    1.26165190   -0.00230254    0.15863771
  232   13     5.74809     3.78836     0.15001     -0.00372300    1.40183545   -0.00265580    0.16233886
  233   13     4.24051     3.54901    -2.29637     -0.00270973    0.98128481   -0.00276141    0.17285915
  234   13     6.36977     2.94181     0.28106     -0.00215093    1.05137659   -0.00204582    0.15710608
  235    1    -2.73670     0.41053    -3.26000     -0.00031290    0.17782505   -0.00175957    0.16494380
  236    2    -2.74525    -0.02874    -3.23044     -0.00026954    0.17782505   -0.00151578    0.16222585
  237    5    -2.33164     0.53107    -3.32833     -0.00037822    0.17782505   -0.00212692    0.16645692
  238    1    -2.23315     1.19982     3.45498     -0.00030891    0.17782505   -0.00173714    0.16477807
  239    2    -2.23836     0.76579     3.52910     -0.00026699    0.17782505   -0.00150143    0.16190038
  240    5    -1.82459     1.32584     3.43331     -0.00041305    0.17782505   -0.00232277    0.16668407
  241    1    -5.95497     1.19095     2.02830     -0.00068093    0.07622143   -0.00893356    0.20534022
  242    2    -5.97780     0.75606     2.08628     -0.00067076    0.07622143   -0.00880016    0.19809733
  243    7    -6.08129     1.43996     1.88187     -0.00062490    0.07622143   -0.00819842    0.21145553
  244    1    -6.20924     0.79576    -1.33432     -0.00065693    0.07622143   -0.00861872    0.20538652
  245    2    -6.23283     0.35969    -1.28642     -0.00066220    0.07622143   -0.00868791    0.19802578
  246    7    -6.31676     1.07398    -1.23217     -0.00062577    0.07622143   -0.00820991    0.21161080
  247    2    -2.96550     0.54707     3.67643     -0.00044953    0.72079904   -0.00062366    0.15797026
  248    2    -4.92199     0.52082     3.00416     -0.00355233    1.44352368   -0.00246087    0.17712038
  249    1    -3.70564     1.15741     3.32938     -0.00235308    1.44722039   -0.00162593    0.16878328
  250    1    -5.55047     1.10772     2.48699     -0.00252161    0.68823739   -0.00366387    0.19355564
  251    2    -5.95324    -0.02453    -1.79368     -0.00191485    0.72157169   -0.00265372    0.18359805
  252    2    -4.21625    -0.20576    -2.90667     -0.00193547    1.44517012   -0.00133927    0.16377274
  253    1    -5.25384     0.52793    -2.29137     -0.00421325    1.44900055   -0.00290770    0.18465429
  254    1    -3.45061     0.36797    -3.21126     -0.00044419    0.68897528   -0.00064471    0.16240886
  255    1    -3.77663     3.95966    -2.01164     -0.00069966    0.08026993   -0.00871628    0.21254654
  256    5    -3.37662     4.09957    -2.06509     -0.00070907    0.08026993   -0.00883356    0.20752641
  257    7    -4.04699     4.02854    -1.86465     -0.00062613    0.08026993   -0.00780033    0.21747324
  258    1    -3.50568     4.38118     1.59252     -0.00068862    0.08026993   -0.00857876    0.21246403
  259    5    -3.10464     4.52270     1.55284     -0.00070980    0.08026993   -0.00884266    0.20746925
  260    7    -3.79591     4.41914     1.47517     -0.00065897    0.08026993   -0.00820938    0.21766470
  261    5    -2.32157     1.27667    -3.49047     -0.00078892    0.68054230   -0.00115926    0.16720578
  262    5    -2.84563     3.13412    -2.91104     -0.00352810    1.36046667   -0.00259330    0.18722512
  263    1    -3.09950     1.81132    -3.18573     -0.00227964    1.36451571   -0.00167066    0.17383692
  264    1    -3.57646     3.57856    -2.44167     -0.00197856    0.64987867   -0.00304451    0.20007373
  265    5    -2.67326     4.34738     2.05166     -0.00187248    0.67980190   -0.00275445    0.19405173
  266    5    -2.04958     2.75891     3.11953     -0.00231829    1.35890275   -0.00170600    0.17377325
  267    1    -3.00705     3.53885     2.51803     -0.00379805    1.36282152   -0.00278690    0.19039097
  268    1    -2.38412     1.88803     3.40310     -0.00048832    0.64917150   -0.00075222    0.16591799
  269    7    -4.52873     3.84681    -1.96965     -0.00155157    0.27855363   -0.00557010    0.21666731
  270    7    -5.23799     2.92015    -2.20699     -0.00388004    0.60888758   -0.00637235    0.21290822
  271    7    -6.07407     1.84224    -1.73545     -0.00385990    0.60888758   -0.00633926    0.21434905
  272    1    -4.44707     3.30810    -2.29463     -0.00351707    0.60100117   -0.00585202    0.21014804
  273    1    -5.41099     2.05517    -2.28201     -0.00351775    0.60100117   -0.00585315    0.20398638
  274    1    -6.09299     1.18105    -1.62970     -0.00160132    0.32572086   -0.00491622    0.20628012
  275    7    -6.04425     1.95278     1.99959     -0.00166025    0.27831248   -0.00596541    0.21257779
  276    7    -5.34705     2.86518     2.31139     -0.00372648    0.60826327   -0.00612643    0.21204021
  277    7    -4.49555     3.96487     1.92966     -0.00404978    0.60826327   -0.00665793    0.21685958
  278    1    -5.52261     1.99921     2.35719     -0.00348731    0.60055131   -0.00580685    0.20712824
  279    1    -4.56189     3.24994     2.44668     -0.00340492    0.60055131   -0.00566966    0.20471417
  280    1    -3.85668     4.15565     1.86838     -0.00166992    0.32543887   -0.00513130    0.21033181
  281    2    -1.96269    -0.74098    -3.21056     -0.00053734    0.28893273   -0.00185975    0.16038150
  282    3    -1.55569    -0.87553    -3.22507     -0.00049513    0.28893273   -0.00171365    0.16040184
  283    5    -1.54740    -0.17684    -3.27712     -0.00085474    0.28893273   -0.00295826    0.16683903
  284    2    -1.46298     0.06089     3.56072     -0.00049958    0.28893273   -0.00172906    0.16014429
  285    3    -1.05592    -0.07357     3.54701     -0.00055826    0.28893273   -0.00193216    0.16021615
  286    5    -1.05216     0.61785     3.43356     -0.00085900    0.28893273   -0.00297299    0.16648896
  287    3    -1.20149    -0.82640     3.82706     -0.00009124    0.63888740   -0.00014281    0.14894316
  288    3    -1.80922    -2.65776     3.76247      0.00027709    1.30402244    0.00021249    0.13995552
  289    3    -2.46475    -4.50416     2.46173     -0.00247912    1.30402244   -0.00190114    0.15629774
  290    3    -2.75622    -5.15076     0.21946     -0.00387962    1.30402244   -0.00297512    0.16517089
  291    3    -2.55406    -4.31014    -1.96763     -0.00073300    1.30402244   -0.00056210    0.14545066
  292    3    -1.94814    -2.35597    -3.12733      0.00015497    1.30402244    0.00011884    0.14403017
  293    2    -2.01301    -1.33748     3.87385      0.00013048    1.30402244    0.00010006    0.14404186
  294    2    -2.74685    -3.49692     3.30016     -0.00076873    1.30402244   -0.00058951    0.14576583
  295    2    -3.24908    -4.81905     1.42118     -0.00379207    1.30402244   -0.00290798    0.16533491
  296    2    -3.29644    -4.71616    -0.92787     -0.00242490    1.30402244   -0.00185955    0.15631735
  297    2    -2.86789    -3.23398    -2.70279      0.00021401    1.30402244    0.00016411    0.14019949
  298    2    -2.30740    -1.47843    -3.27835     -0.00006749    0.63888740   -0.00010564    0.14907969
  299    5    -1.80074     0.29957    -3.45880     -0.00085803    0.61719408   -0.00139022    0.16538802
  300    2    -2.51022    -0.41106    -3.32352     -0.00049631    0.61719408   -0.00080414    0.15855864
  301    5    -1.39893     1.21219     3.53456     -0.00083725    0.60860525   -0.00137568    0.16489816
  302    2    -1.87127     0.32684     3.67282     -0.00050060    0.60860525   -0.00082254    0.15823205
  303    7    -6.54513     1.21339    -0.90967     -0.00415614    0.59626371   -0.00697030    0.21537463
  304    7    -6.70090     1.26521     0.36183     -0.00941573    1.21272010   -0.00776414    0.22386924
  305    7    -6.35737     1.50522     1.57346     -0.00404695    0.59626371   -0.00678718    0.21538519
  306    2    -6.59397     0.15231    -0.41852     -0.00688706    1.64365370   -0.00419009    0.20226768
  307    2    -6.46002     0.36051     1.35300     -0.00704853    1.64365370   -0.00428833    0.20233747
  308    8    -5.54803    -4.02567    -1.00956     -0.00086737    0.22750439   -0.00381254    0.16314075
  309    8    -5.10810    -4.57381    -0.20115     -0.00192227    0.50301010   -0.00382153    0.16776143
  310    8    -4.84581    -4.70328     1.06350     -0.00228849    0.50301010   -0.00454960    0.16983575
  311    8    -4.99636    -4.15209     2.22902     -0.00194727    0.50301010   -0.00387124    0.16692778
  312    8    -5.50225    -3.13077     2.85021     -0.00202746    0.50301010   -0.00403065    0.16604999
  313    8    -6.17024    -2.02943     2.68980     -0.00174283    0.50301010   -0.00346480    0.17207181
  314    8    -6.74518    -1.26874     1.80907     -0.00240482    0.50301010   -0.00478085    0.18377766
  315    8    -7.00747    -1.13926     0.54442     -0.00241264    0.50301010   -0.00479641    0.18966464
  316    8    -6.85693    -1.69045    -0.62109     -0.00214789    0.50301010   -0.00427007    0.18161611
  317    8    -6.35104    -2.71177    -1.24228     -0.00195570    0.50301010   -0.00388799    0.17043485
  318    8    -5.80856    -3.63537    -1.22779     -0.00089617    0.22750439   -0.00393914    0.16376955
  319    2    -5.02715    -4.25673    -0.93667     -0.00175847    0.49694663   -0.00353854    0.16255687
  320    2    -4.53479    -4.78022     0.32497     -0.00197361    0.49694663   -0.00397147    0.16774581
  321    2    -4.46908    -4.53222     1.75408     -0.00201868    0.49694663   -0.00406217    0.16678359
  322    2    -4.85511    -3.60747     2.80479     -0.00164952    0.49694663   -0.00331932    0.16196460
  323    2    -5.54544    -2.35919     3.07577     -0.00162455    0.49694663   -0.00326907    0.16445044
  324    2    -6.27637    -1.26418     2.46350     -0.00172138    0.49694663   -0.00346392    0.17689604
  325    2    -6.76873    -0.74069     1.20186     -0.00226201    0.49694663   -0.00455181    0.19213062
  326    2    -6.83444    -0.98869    -0.22725     -0.00218008    0.49694663   -0.00438694    0.18986848
  327    2    -6.44841    -1.91344    -1.27796     -0.00184122    0.49694663   -0.00370507    0.17386629
  328    2    -5.75809    -3.16172    -1.54893     -0.00155507    0.49694663   -0.00312924    0.16299096
  329    3    -0.47796    -0.78023    -3.31035     -0.00042597    0.17928565   -0.00237596    0.16376637
  330    4    -0.21730    -0.42449    -3.34872     -0.00041471    0.17928565   -0.00231315    0.16649543
  331    5    -0.47304    -0.08541    -3.39435     -0.00042864    0.17928565   -0.00239083    0.16759268
  332    3     0.02244     0.02039     3.45056     -0.00033942    0.17928565   -0.00189320    0.16260253
  333    4     0.27976     0.37078     3.36697     -0.00041558    0.17928565   -0.00231800    0.16552636
  334    5     0.02757     0.71553     3.36922     -0.00042498    0.17928565   -0.00237038    0.16648900
  335    3     1.33268    -0.85097     3.36707     -0.00041690    0.17052975   -0.00244472    0.16430638
  336    4     1.58214    -0.49281     3.29551     -0.00043067    0.17052975   -0.00252546    0.16675610
  337    6     2.04988    -0.49957     3.26529     -0.00056435    0.17052975   -0.00330937    0.16909807
  338    3     0.87622    -1.63434    -3.23485     -0.00064051    0.31121818   -0.00205806    0.16516153
  339    4     1.12654    -1.27164    -3.28866     -0.00080154    0.31121818   -0.00257548    0.16841029
  340   11     1.84371    -1.42324    -3.41608     -0.00108319    0.31121818   -0.00348049    0.17076552
  341    4     0.43219    -0.97015    -3.35419     -0.00081845    0.56932036   -0.00143760    0.16472101
  342    3    -0.11424    -1.36162    -3.35605     -0.00063600    0.59629113   -0.00106658    0.15927367
  343    4     0.78625    -0.06567     3.40176     -0.00082477    0.62781936   -0.00131370    0.16352743
  344    3     0.62885    -0.70850     3.55728     -0.00066294    0.65755197   -0.00100820    0.15864166
  345    5    -0.90585     0.05087    -3.49736     -0.00093495    0.63550132   -0.00147120    0.16576080
  346    3    -1.06574    -0.93764    -3.36705     -0.00058747    0.63550132   -0.00092443    0.15891969
  347    5    -0.54191     0.88167     3.50907     -0.00097832    0.63674866   -0.00153643    0.16517809
  348    3    -0.39566    -0.11164     3.61733     -0.00060012    0.63674866   -0.00094248    0.15866772
  349    3     1.73510    -1.04297     3.30956     -0.00068307    0.20912598   -0.00326633    0.16659269
  350    6     2.45460    -0.68471     3.30016     -0.00070801    0.20912598   -0.00338557    0.17040481
  351   12     2.70248    -0.83826     3.35612     -0.00061952    0.20912598   -0.00296242    0.17045015
  352    6     2.29146    -0.54749     3.39246     -0.00002817    0.10974394   -0.00025664    0.16693869
  353    3     1.27886    -1.06938     3.53461     -0.00006209    0.10974394   -0.00056577    0.15975990
  354    3     1.92304    -4.12495    -1.60578     -0.00086973    0.23967216   -0.00362881    0.17257501
  355    9     1.89667    -4.33023    -1.40043     -0.00101139    0.23967216   -0.00421989    0.17470075
  356   11     2.74252    -3.61592    -1.88073     -0.00107490    0.23967216   -0.00448487    0.17047341
  357    3     2.14580    -3.72334     2.29182     -0.00087196    0.25595084   -0.00340676    0.17238704
  358    9     2.10357    -3.97086     2.14258     -0.00109582    0.25595084   -0.00428138    0.17401793
  359   12     3.00431    -3.23483     2.27874     -0.00108327    0.25595084   -0.00423233    0.17050579
  360    9     1.57604    -4.48703     2.36273     -0.00122480    0.24385292   -0.00502269    0.17139800
  361    9     0.54775    -4.89587     2.64988     -0.00204662    0.54732806   -0.00373930    0.16678404
  362    9    -0.65492    -5.43886     2.24308     -0.00229099    0.54732806   -0.00418576    0.16619347
  363    9    -1.33426    -5.82490     1.10458     -0.00236893    0.54732806   -0.00432818    0.16948842
  364    9    -1.19318    -5.88514    -0.26772     -0.00237573    0.54732806   -0.00434060    0.16772742
  365    9    -0.29337    -5.59325    -1.27363     -0.00215785    0.54732806   -0.00394252    0.16539330
  366    9     0.97164    -5.07687    -1.47323     -0.00216856    0.54732806   -0.00396208    0.17097350
  367    3     1.13527    -4.29311     2.71039     -0.00195665    0.52509679   -0.00372627    0.16750078
  368    3    -0.28791    -4.88868     2.76727     -0.00180630    0.52509679   -0.00343993    0.16131810
  369    3    -1.40269    -5.43898     1.85194     -0.00195061    0.52509679   -0.00371477    0.16569035
  370    3    -1.72153    -5.70333     0.36471     -0.00225967    0.52509679   -0.00430334    0.16786203
  371    3    -1.10497    -5.56611    -1.04399     -0.00178009    0.52509679   -0.00339002    0.16227635
  372    3     0.17733    -5.08735    -1.75806     -0.00176603    0.52509679   -0.00336324    0.16299029
  373    3     1.33087    -4.59405    -1.68303     -0.00102196    0.29557929   -0.00345748    0.16955961
  374   11     3.10760    -3.37120    -2.57684     -0.00249381    0.93045181   -0.00268022    0.16672595
  375   11     2.50585    -2.33425    -3.38080     -0.00620359    1.87841808   -0.00330256    0.17081552
  376    3     1.54367    -3.53946    -2.53470     -0.00439102    2.62604789   -0.00167210    0.16369635
  377    3     0.88958    -2.25143    -3.33607     -0.00119500    1.33387655   -0.00089589    0.15864554
  378   12     2.93458    -1.23053     3.49608     -0.00217651    0.84375802   -0.00257954    0.16761535
  379   12     3.31862    -2.43085     3.04539     -0.00550245    1.70079272   -0.00323523    0.17011129
  380    3     1.68188    -2.11987     3.40641     -0.00346867    2.38011733   -0.00145735    0.16063558
  381    3     2.13379    -3.43623     2.76875     -0.00171656    1.20718344   -0.00142196    0.16412733
  382    4     1.58062     1.21659     3.10618     -0.00044322    0.16403542   -0.00270201    0.16999415
  383    5     1.33673     1.56658     3.09563     -0.00044795    0.16403542   -0.00273078    0.17001141
  384    6     2.04834     1.21956     3.07561     -0.00039477    0.16403542   -0.00240660    0.16938723
  385    4     1.02589     0.38712    -3.49410     -0.00044023    0.16403542   -0.00268372    0.17072879
  386    5     0.77987     0.73393    -3.52996     -0.00038869    0.16403542   -0.00236952    0.17022225
  387    6     1.49211     0.38785    -3.54249     -0.00040464    0.16403542   -0.00246678    0.17037717
  388    5     0.08334     0.60956    -3.59862     -0.00088594    0.59182297   -0.00149697    0.16810817
  389    4     0.25920    -0.00545    -3.46536     -0.00081436    0.56514889   -0.00144096    0.16762122
  390    5     0.44275     1.32028     3.34755     -0.00094200    0.63593229   -0.00148128    0.16713571
  391    4     0.98519     0.95592     3.25948     -0.00081936    0.60727700   -0.00134924    0.16727045
  392    4     1.48941    -0.98095    -3.41325     -0.00023633    0.05927573   -0.00398697    0.16987287
  393    6     1.93769    -1.00862    -3.54486     -0.00028272    0.05927573   -0.00476966    0.17124841
  394   11     2.17920    -1.15736    -3.62810     -0.00027372    0.05927573   -0.00461770    0.17101791
  395    6     1.80126    -0.47708    -3.60177     -0.00135906    0.66828527   -0.00203365    0.16979128
  396    4     1.14164    -0.23309    -3.49084     -0.00107978    0.63781977   -0.00169292    0.16913500
  397    6     2.37829     0.51365     3.25453     -0.00151248    0.81250416   -0.00186150    0.16829941
  398    4     1.70687     0.22803     3.26234     -0.00141764    0.77549044   -0.00182806    0.16796319
  399   11     2.26953    -1.31641    -3.72232     -0.00026391    0.09328124   -0.00282919    0.16873426
  400    4     1.24504    -1.05267    -3.46317     -0.00008195    0.12029432   -0.00068128    0.16668131
  401    5     2.31392     3.29645    -2.50586     -0.00137776    0.23482649   -0.00586712    0.18943778
  402    6     3.04227     2.99524    -2.57740     -0.00084884    0.23482649   -0.00361473    0.18259774
  403   13     3.20405     3.18457    -2.41550     -0.00082354    0.23482649   -0.00350703    0.18405760
  404    5     2.53813     3.56296     1.62129     -0.00125062    0.23482649   -0.00532572    0.18678708
  405    6     3.27203     3.26835     1.65186     -0.00083035    0.23482649   -0.00353601    0.18147438
  406   13     3.41407     3.43422     1.45051     -0.00096264    0.23482649   -0.00409937    0.18318287
  407    6     1.96338     0.94939    -3.64215     -0.00228659    1.45687577   -0.00156952    0.16945102
  408    6     2.73309     2.50468    -3.06792     -0.00286123    1.45687577   -0.00196395    0.17550811
  409    5     1.32456     2.20001    -3.26392     -0.00823431    2.95247487   -0.00278895    0.18148151
  410    6     3.05579     2.92060     2.18545     -0.00237230    1.24137284   -0.00191103    0.17420949
  411    6     2.48463     1.70773     3.00699     -0.00184531    1.24137284   -0.00148651    0.16806323
  412    5     1.74235     2.78384     2.57503     -0.00607894    2.49792680   -0.00243360    0.17809651
  413    7    -3.98078     4.62141     1.12220     -0.00434377    0.63046441   -0.00688979    0.22228260
  414    7    -4.05076     4.77533    -0.24951     -0.01041146    1.28858820   -0.00807974    0.23331015
  415    7    -4.18123     4.30957    -1.54421     -0.00430076    0.63046441   -0.00682158    0.22229453
  416    5    -2.98819     4.95634     0.61807     -0.00813024    1.73180448   -0.00469466    0.21619415
  417    5    -3.13106     4.73407    -1.28247     -0.00813463    1.73180448   -0.00469720    0.21628386
  418    5     2.14995     4.30781     1.07766     -0.00130469    0.26263120   -0.00496778    0.19642113
  419   10     2.08290     4.52750     0.89634     -0.00126465    0.26263120   -0.00481531    0.19874572
  420   13     2.97765     4.03261     0.85304     -0.00143067    0.26263120   -0.00544746    0.19014758
  421    5     1.96430     3.90080    -2.25314     -0.00121627    0.26263120   -0.00463110    0.19679066
  422   10     1.91457     4.15847    -2.12365     -0.00152190    0.26263120   -0.00579482    0.19932894
  423   13     2.81523     3.67653    -2.06105     -0.00144480    0.26263120   -0.00550124    0.19044346
  424   10     1.34983     4.50506    -2.40899     -0.00151441    0.23561027   -0.00642762    0.19754400
  425   10     0.31964     4.80468    -2.68514     -0.00246648    0.52493585   -0.00469863    0.19607002
  426   10    -0.88791     5.25334    -2.31529     -0.00280905    0.52493585   -0.00535122    0.19928089
  427   10    -1.60076     5.63756    -1.24736     -0.00241775    0.52493585   -0.00460579    0.20723623
  428   10    -1.52672     5.79987     0.08096     -0.00310675    0.52493585   -0.00591834    0.20772598
  429   10    -0.69615     5.67375     1.12523     -0.00239228    0.52493585   -0.00455728    0.19953696
  430   10     0.55053     5.31089     1.45745     -0.00269358    0.52493585   -0.00513125    0.19606259
  431   10     1.54821     4.93998     1.15021     -0.00113866    0.23561027   -0.00483282    0.19722408
  432    5     0.93311     4.25583    -2.73352     -0.00249723    0.51087788   -0.00488811    0.19486383
  433    5    -0.49217     4.71492    -2.79843     -0.00244668    0.51087788   -0.00478916    0.19314333
  434    5    -1.62560     5.20649    -1.94985     -0.00255926    0.51087788   -0.00500953    0.20288392
  435    5    -2.00263     5.52906    -0.53556     -0.00302519    0.51087788   -0.00592156    0.21175888
  436    5    -1.46873     5.55042     0.86476     -0.00265058    0.51087788   -0.00518828    0.20345447
  437    5    -0.24272     5.26182     1.67717     -0.00237724    0.51087788   -0.00465324    0.19342278
  438    5     1.17290     4.78154     1.56870     -0.00234797    0.51087788   -0.00459596    0.19452921
  439   13     3.33812     3.43039    -2.33431     -0.00068628    0.28045461   -0.00244702    0.18219790
  440    5     2.05367     3.74454    -2.52384     -0.00080207    0.39760558   -0.00201726    0.18847251
  441   13     3.53102     3.81541     1.14408     -0.00158198    0.52814375   -0.00299536    0.18249259
  442    5     2.27592     4.04902     1.54841     -0.00156909    0.74855362   -0.00209617    0.18580990
  443    6     3.35298    -3.68840    -1.31579     -0.00067865    0.22117193   -0.00306842    0.16859075
  444    9     2.53794    -4.15190    -1.01595     -0.00116037    0.22117193   -0.00524646    0.17418002
  445   11     3.45081    -3.60179    -1.58207     -0.00077322    0.22117193   -0.00349600    0.16882915
  446    6     3.71488    -3.56030     1.15775     -0.00084561    0.26058520   -0.00324503    0.16898214
  447    9     2.85821    -4.04624     1.17469     -0.00121887    0.26058520   -0.00467745    0.17443035
  448   12     3.84068    -3.45144     1.40425     -0.00088203    0.26058520   -0.00338479    0.16888749
  449    9     2.33513    -4.75722    -0.46785     -0.00376717    1.02434031   -0.00367765    0.17567920
  450    9     2.52773    -4.69270     0.75836     -0.00378492    1.02434031   -0.00369498    0.17608931
  451    6     3.56980    -3.87219    -0.07841     -0.00556413    2.87430018   -0.00193582    0.16730693
  452   11     2.59493    -1.03771    -3.90096     -0.00067729    0.24238391   -0.00279427    0.16867948
  453   11     3.39258    -0.28656    -4.12063     -0.00159175    0.53890773   -0.00295365    0.16489437
  454   11     4.67104     0.12712    -3.97288     -0.00164620    0.53890773   -0.00305470    0.15804314
  455   11     5.84553    -0.20075    -3.38937     -0.00154721    0.53890773   -0.00287101    0.15414706
  456   11     6.43365    -1.13549    -2.60979     -0.00159033    0.53890773   -0.00295102    0.15325697
  457   11     6.19385    -2.29319    -1.95432     -0.00175065    0.53890773   -0.00324851    0.15387908
  458   11     5.22461    -3.19832    -1.69219     -0.00141752    0.53890773   -0.00263036    0.15755725
  459   11     4.16674    -3.53589    -1.81745     -0.00076136    0.24238391   -0.00314115    0.16335744
  460    6     2.61530    -0.44681    -3.86412     -0.00145292    0.52700579   -0.00275693    0.16951390
  461    6     3.87598     0.37899    -3.98273     -0.00138553    0.52700579   -0.00262906    0.16084931
  462    6     5.32389     0.42964    -3.55109     -0.00127222    0.52700579   -0.00241405    0.15405792
  463    6     6.36432    -0.31565    -2.74649     -0.00142605    0.52700579   -0.00270595    0.15162264
  464    6     6.56992    -1.55076    -1.89941     -0.00145435    0.52700579   -0.00275964    0.15150114
  465    6     5.85625    -2.76840    -1.35778     -0.00133996    0.52700579   -0.00254259    0.15292274
  466    6     4.51644    -3.46843    -1.34407     -0.00141627    0.52700579   -0.00268740    0.16110909
  467   12     4.58743    -3.34198     1.45422     -0.00085380    0.23522032   -0.00362977    0.16311791
  468   12     5.57069    -2.97919     1.16461     -0.00137343    0.51992119   -0.00264161    0.15724725
  469   12     6.49894    -2.04545     1.19826     -0.00140234    0.51992119   -0.00269722    0.15374604
  470   12     6.78802    -0.85303     1.67702     -0.00157003    0.51992119   -0.00301975    0.15315441
  471   12     6.32566     0.13504     2.41499     -0.00165100    0.51992119   -0.00317549    0.15371021
  472   12     5.29141     0.53508     3.12559     -0.00140214    0.51992119   -0.00269683    0.15712943
  473   12     4.08689     0.19173     3.53289     -0.00148036    0.51992119   -0.00284727    0.16369834
  474   12     3.26883    -0.52407     3.55885     -0.00077711    0.23522032   -0.00330376    0.16775569
  475    6     4.85701    -3.30712     0.93723     -0.00131637    0.51426097   -0.00255973    0.16020332
  476    6     6.11372    -2.57367     0.70717     -0.00130037    0.51426097   -0.00252861    0.15269369
  477    6     6.83019    -1.32230     1.00876     -0.00145241    0.51426097   -0.00282426    0.15131168
  478    6     6.72820    -0.03896     1.72487     -0.00148163    0.51426097   -0.00288108    0.15151652
  479    6     5.84737     0.77802     2.57744     -0.00120252    0.51426097   -0.00233835    0.15341064
  480    6     4.52972     0.81138     3.23538     -0.00125359    0.51426097   -0.00243766    0.15922082
  481    6     3.28693     0.04818     3.44322     -0.00161577    0.51426097   -0.00314192    0.16794596
  482   13     4.08895     3.38120     1.53191     -0.00093499    0.24925443   -0.00375116    0.17503141
  483   13     5.17459     3.00244     1.49216     -0.00156776    0.55840597   -0.00280757    0.16511761
  484   13     6.24631     2.56758     0.72189     -0.00172520    0.55840597   -0.00308951    0.15947086
  485   13     6.60915     2.33201    -0.59866     -0.00191557    0.55840597   -0.00343042    0.15863614
  486   13     6.10433     2.39882    -1.89160     -0.00187401    0.55840597   -0.00335599    0.15970479
  487   13     4.95276     2.73876    -2.59112     -0.00168878    0.55840597   -0.00302428    0.16547656
  488   13     3.86656     3.11685    -2.56175     -0.00078179    0.24925443   -0.00313650    0.17532301
  489    6     4.39200     2.95243     1.82311     -0.00158784    0.53804167   -0.00295114    0.16899859
  490    6     5.80377     2.43193     1.43620     -0.00140573    0.53804167   -0.00261268    0.15801419
  491    6     6.65354     2.03480     0.19769     -0.00149876    0.53804167   -0.00278558    0.15579754
  492    6     6.56944     1.93483    -1.35042     -0.00165146    0.53804167   -0.00306940    0.15583119
  493    6     5.58826     2.17577    -2.53067     -0.00142587    0.53804167   -0.00265010    0.15825621
  494    6     4.13940     2.65217    -2.82655     -0.00158238    0.53804167   -0.00294100    0.16943959
  495   11     3.43691    -3.74397    -1.95510     -0.00050004    0.70210490   -0.00071219    0.16267628
  496    9     2.10796    -4.64371    -1.26367     -0.00077167    0.70210490   -0.00109908    0.16864527
  497   12     3.72099    -3.39288     2.14131     -0.00239617    1.41820131   -0.00168959    0.16482341
  498    9     2.45744    -4.43156     1.67343     -0.00289962    1.41820131   -0.00204458    0.17104213
  499   13     3.37760     3.92375    -2.00245     -0.00178852    0.81794870   -0.00218660    0.18157006
  500   13     3.60325     4.40162    -1.05044     -0.00482752    1.63507441   -0.00295248    0.18374631
  501   13     3.58173     4.36377     0.27893     -0.00459793    1.63507441   -0.00281206    0.18399052
  502   10     2.15251     4.75857    -1.65636     -0.00572215    1.63507441   -0.00349963    0.19569856
  503   10     2.31896     5.11416    -0.38555     -0.00595055    1.63507441   -0.00363932    0.19555763
  504   10     2.20532     4.88186     0.67215     -0.00225987    0.81794870   -0.00276284    0.19300772
