COSMO Results from DMol3

Note: COSMO for ideal conductor limit (fepsi= 1.0000)
  Basic Grid Size                  =   1082
  Number of Segments on an Atom    =     92
  Number of Segments on Hydrogen   =     32
  Solvent Radius    [au]           =   2.46
  A - Matrix Cutoff [au]           =  13.23
  factor for Outlying Charge corr  =   0.85
  maximum segment or cutoff radius =   1.51
  total number of segments         =    601
  number of charge corr segments   =    261




$coordinates xyz [au]                         and cosmo atom analysis:   radius   charge    area  charge density  (srad)
C             2.51793862575245   -0.08179154561132   -1.29160601576228   3.7795  -0.0448    52.43    -0.00085    6.2361
C             2.51793862575245   -0.08179154561132    1.29160601576228   3.7795  -0.0450    52.59    -0.00086    6.2361
N             0.01665623782442    0.00140975861439    2.06672902160754   3.4582  -0.0087     6.10    -0.00142    5.9148
N             0.01665623782442    0.00140975861439   -2.06672902160754   3.4582  -0.0086     6.10    -0.00141    5.9148
C            -1.46363289446377    0.04865631233698    0.00000000000000   3.7795  -0.0949    51.31    -0.00185    6.2361
C            -0.86330745035518    0.02391755709127   -4.70339654132929   3.7795  -0.0814    61.96    -0.00131    6.2361
C            -0.86330745035518    0.02391755709127    4.70339654132929   3.7795  -0.0811    62.29    -0.00130    6.2361
H             4.06741594440476   -0.12537640018518   -2.63329632660014   2.4566  -0.0827    25.05    -0.00330    4.9133
H             4.06741594440476   -0.12537640018518    2.63329632660014   2.4566  -0.0825    24.91    -0.00331    4.9133
H            -3.51135466288240    0.11652145126158    0.00000000000000   2.4566  -0.0989    25.11    -0.00394    4.9133
H            -2.92098104171192    0.23332916390588   -4.72857937680826   2.4566  -0.0630    23.00    -0.00274    4.9133
H            -0.33440160873981   -1.75607678430507   -5.62393143831494   2.4566  -0.0615    25.13    -0.00245    4.9133
H             0.00417307149837    1.62199936869075   -5.69774807227735   2.4566  -0.0608    24.84    -0.00245    4.9133
H            -0.33440160873981   -1.75607678430507    5.62393143831494   2.4566  -0.0613    24.99    -0.00245    4.9133
H            -2.92098104171192    0.23332916390588    4.72857937680826   2.4566  -0.0633    23.00    -0.00275    4.9133
H             0.00417307149837    1.62199936869075    5.69774807227735   2.4566  -0.0609    24.91    -0.00245    4.9133
$end


$cosmo_energy               [Hartree atomic units]       [eV]     [kcal/mol]
  Total energy                 =       -305.379760
  Total energy + OC corr.      =       -305.376298
  Dielectric energy            =         -0.085636      -2.330      -53.74
  Diel. energy + OC corr.      =         -0.082174      -2.236      -51.57

  Surface area of cavity [au]  =           513.708
  Total Volume of cavity [au]  =           903.891


$screening_charge
  cosmo           =   -1.02130
  corrected total =   -0.99941


$segment information
    n  atom        position (X, Y, Z) [au]            charge       area [au]   charge/area    potential [au]

    1    1     5.38599     2.35130    -0.91907     -0.00002319    1.16128380   -0.00001997    0.14124507
    2    1     5.92897    -1.68654    -1.01954     -0.00131561    0.99538612   -0.00132170    0.15144737
    3    1     3.64958    -3.56643    -2.21944     -0.00009879    1.16128380   -0.00008507    0.13943793
    4    1     4.23875    -2.94883    -3.05318     -0.00065318    1.16128380   -0.00056246    0.14937098
    5    1     6.22236    -0.72504    -0.90706     -0.00053046    0.66359074   -0.00079938    0.15748239
    6    1     5.52596     2.14814    -1.80507     -0.00088830    0.99538612   -0.00089242    0.14759506
    7    1     3.79827     2.62472    -3.59811     -0.00124554    0.99538612   -0.00125132    0.15502655
    8    1     3.48616     3.22513    -2.84442     -0.00044883    1.32718149   -0.00033819    0.14540695
    9    1     4.65866     2.99185    -1.79606      0.00002272    1.16128380    0.00001956    0.13864740
   10    1     5.97238     1.42591    -1.01219     -0.00063006    0.82948843   -0.00075958    0.15060047
   11    1     6.24064     0.17044    -0.68972     -0.00081603    0.33179537   -0.00245945    0.15755156
   12    1     5.44312    -2.44683    -0.92529     -0.00041532    1.16128380   -0.00035764    0.14358652
   13    1     4.64028    -3.12422    -2.01519     -0.00028480    1.16128380   -0.00024525    0.14092565
   14    1     3.18129    -3.31180    -3.13856     -0.00044599    0.99538612   -0.00044805    0.14837235
   15    1     2.33554     3.51608    -2.43459     -0.00037659    0.99538612   -0.00037834    0.14733358
   16    1     1.98389     3.65975    -1.28539     -0.00001765    1.49307918   -0.00001182    0.14413040
   17    1     3.06941     3.63075    -0.84742      0.00078306    0.99538612    0.00078669    0.13540014
   18    1     4.26072     3.25106    -0.91847      0.00077066    1.16128380    0.00066363    0.13380096
   19    1     3.13960    -3.80893    -1.21302      0.00102319    1.65897686    0.00061676    0.13519293
   20    1     2.29753    -3.72845    -2.25983     -0.00055323    1.49307918   -0.00037053    0.14475473
   21    1     5.33870    -2.50904    -1.95198     -0.00073094    0.82948843   -0.00088119    0.14801579
   22    1     6.21270     0.67032    -1.03183     -0.00105462    0.49769306   -0.00211901    0.15666655
   23    1     4.62742     2.71370    -2.71279     -0.00083403    1.16128380   -0.00071820    0.14700667
   24    1     3.59348    -2.64683    -3.85052     -0.00089272    0.66359074   -0.00134529    0.15860056
   25    1     1.78975    -3.78884    -1.18366      0.00005854    1.49307918    0.00003921    0.14375410
   26    1     3.38754     3.56444    -1.77451      0.00022540    1.65897686    0.00013587    0.13767596
   27    1     4.45615    -3.32140    -1.11128      0.00074186    1.32718149    0.00055897    0.13539978
   28    2     5.24457    -2.67232     0.91904     -0.00000008    1.16128380   -0.00000007    0.14116730
   29    2     6.01381     1.32857     1.01950     -0.00132247    0.99538612   -0.00132860    0.15150405
   30    2     3.84380     3.33371     2.21943     -0.00012376    1.16128380   -0.00010658    0.13969626
   31    2     4.46019     2.67882     2.99193     -0.00059245    0.99538612   -0.00059519    0.14927217
   32    2     6.25265     0.35210     0.90702     -0.00054781    0.66359074   -0.00082553    0.15748837
   33    2     5.39576    -2.47736     1.80504     -0.00096312    0.99538612   -0.00096759    0.14743982
   34    2     3.58672    -2.74271     3.75361     -0.00141566    0.99538612   -0.00142222    0.15691064
   35    2     3.35945    -3.40241     2.88834     -0.00054095    1.49307918   -0.00036231    0.14541843
   36    2     4.48237    -3.27095     1.79604      0.00004671    1.16128380    0.00004022    0.13846758
   37    2     5.88209    -1.78138     1.01215     -0.00057016    0.82948843   -0.00068736    0.15052364
   38    2     6.22053    -0.54299     0.68968     -0.00078063    0.33179537   -0.00235274    0.15755118
   39    2     5.57150     2.11499     0.92526     -0.00037019    1.16128380   -0.00031878    0.14362268
   40    2     4.80805     2.83647     2.01517     -0.00024027    1.16128380   -0.00020690    0.14109181
   41    2     3.60501     2.97205     3.23500     -0.00058838    0.99538612   -0.00059111    0.14959688
   42    2     2.13810    -3.72167     2.23561     -0.00025932    1.32718149   -0.00019539    0.14557420
   43    2     1.67338    -3.76462     1.20427     -0.00007063    1.49307918   -0.00004731    0.14490822
   44    2     2.84555    -3.82974     0.93149      0.00088630    1.16128380    0.00076321    0.13547176
   45    2     4.07046    -3.50737     0.91846      0.00077616    1.16128380    0.00066837    0.13367106
   46    2     3.34824     3.60451     1.21303      0.00102220    1.65897686    0.00061616    0.13531522
   47    2     2.74661     3.51385     2.43331     -0.00047570    1.16128380   -0.00040963    0.14465526
   48    2     1.97617     3.55818     2.15271     -0.00028025    0.66359074   -0.00042233    0.14799234
   49    2     5.47076     2.18297     1.95195     -0.00085533    0.82948843   -0.00103116    0.14815989
   50    2     6.16452    -1.04051     1.03179     -0.00114909    0.49769306   -0.00230883    0.15662172
   51    2     4.46684    -2.99148     2.71277     -0.00084207    1.16128380   -0.00072512    0.14673532
   52    2     3.90430     2.29033     3.88688     -0.00046212    0.33179537   -0.00139279    0.16079907
   53    2     1.99940     3.66038     1.18369      0.00006318    1.49307918    0.00004232    0.14380694
   54    2     3.31643    -3.73898     1.81269      0.00015469    1.32718149    0.00011656    0.13731310
   55    2     4.63529     3.04370     1.11127      0.00074676    1.32718149    0.00056266    0.13549275
   56    3     0.28542     3.43303     2.39964     -0.00009169    0.41668107   -0.00022005    0.15929436
   57    3     0.04754    -3.45524     1.96781     -0.00008905    0.13889369   -0.00064116    0.15968165
   58    3    -0.14291    -3.44631     2.28349     -0.00006700    0.27778738   -0.00024119    0.16069805
   59    3     0.32494     3.44428     1.96347     -0.00008820    0.13889369   -0.00063501    0.15856051
   60    4    -0.09159    -3.44801    -2.28824     -0.00014730    0.27778738   -0.00053026    0.16054961
   61    4     0.27544     3.44831    -1.96242     -0.00008719    0.13889369   -0.00062778    0.15870683
   62    4     0.23382     3.43748    -2.39114      0.00014875    0.41668107    0.00035699    0.15939468
   63    4     0.09722    -3.45448    -1.96884     -0.00009753    0.13889369   -0.00070216    0.15953340
   64    5    -0.60193    -3.62971     0.10682     -0.00086233    0.66359074   -0.00129950    0.15969793
   65    5    -3.37294    -2.92695    -1.33589     -0.00022284    0.82948843   -0.00026865    0.16973393
   66    5    -2.98967     3.50493    -0.09801     -0.00130783    1.32718149   -0.00098542    0.16433530
   67    5    -3.88335     2.94777    -0.15589     -0.00211358    1.16128380   -0.00182004    0.17474858
   68    5    -4.07155    -2.38493     1.24924     -0.00194564    0.82948843   -0.00234559    0.17880893
   69    5    -4.07015    -2.41005    -1.20210     -0.00229960    0.99538612   -0.00231025    0.17844400
   70    5    -3.24458    -3.24265    -0.52897     -0.00104980    1.16128380   -0.00090400    0.16506790
   71    5    -3.39830    -3.03893     1.00401     -0.00100578    1.32718149   -0.00075783    0.16802026
   72    5    -3.32519     3.14502     1.10962     -0.00149977    1.16128380   -0.00129147    0.17004551
   73    5    -3.29761     3.10051    -1.26767     -0.00154133    1.16128380   -0.00132727    0.17079009
   74    5    -2.09213    -3.48364    -1.18836     -0.00104804    1.49307918   -0.00070193    0.16218600
   75    5    -1.14476    -3.68145    -0.51859     -0.00124003    1.32718149   -0.00093433    0.15921434
   76    5    -1.43262    -3.66633     0.69440     -0.00105026    1.16128380   -0.00090440    0.15946235
   77    5    -2.29332    -3.45518     1.14847     -0.00065795    1.16128380   -0.00056657    0.16243222
   78    5    -1.02722     3.68407     0.93677     -0.00083080    0.99538612   -0.00083465    0.15962213
   79    5    -1.89588     3.78367     0.38346     -0.00119140    1.32718149   -0.00089769    0.15951057
   80    5    -2.21685     3.65164    -0.85756     -0.00094674    1.32718149   -0.00071335    0.16157151
   81    5    -1.26489     3.69800    -0.96282     -0.00086320    0.99538612   -0.00086720    0.15972028
   82    5    -3.91756     2.68231     1.15161     -0.00214867    0.99538612   -0.00215863    0.17887477
   83    5    -3.98159    -2.76912     0.06538     -0.00187847    1.16128380   -0.00161758    0.17284431
   84    5    -3.99967     2.57948    -1.20317     -0.00119056    0.49769306   -0.00239216    0.18082187
   85    5    -0.66067     3.74030    -0.10602     -0.00170408    1.49307918   -0.00114132    0.15855964
   86    5    -2.47528    -3.59214     0.07387     -0.00132108    1.49307918   -0.00088480    0.16057831
   87    5    -2.44109     3.52561     1.11333     -0.00046260    0.99538612   -0.00046474    0.16357448
   88    6    -2.42287     3.09939    -6.25051     -0.00020215    0.82948843   -0.00024371    0.14469304
   89    6    -2.44644    -0.53792    -8.08899     -0.00135728    1.32718149   -0.00102268    0.13934171
   90    6    -2.74639    -3.23583    -5.03822     -0.00040305    1.16128380   -0.00034707    0.15040729
   91    6     2.31845     0.19216    -6.73625     -0.00029724    0.82948843   -0.00035835    0.15326449
   92    6     1.66411     0.25147    -7.50424     -0.00050880    0.99538612   -0.00051116    0.14679931
   93    6     2.32061    -1.04689    -6.43556     -0.00022243    0.49769306   -0.00044692    0.15601376
   94    6    -3.58934    -2.51653    -5.33502     -0.00058241    1.16128380   -0.00050153    0.15027023
   95    6    -3.38999    -0.33716    -7.49081     -0.00185599    1.49307918   -0.00124306    0.14432835
   96    6    -3.11051     2.84437    -5.83450     -0.00065546    1.32718149   -0.00049387    0.14798276
   97    6     0.70672     0.11637    -8.14008     -0.00069686    1.32718149   -0.00052507    0.14203623
   98    6     1.14355    -0.72444    -7.81736     -0.00037210    0.99538612   -0.00037382    0.14417629
   99    6    -2.59208     3.29797    -3.94432     -0.00091462    0.99538612   -0.00091886    0.15793189
  100    6    -2.31715     3.49630    -5.03989     -0.00055271    1.49307918   -0.00037018    0.14930901
  101    6    -2.50403     2.30528    -7.23078     -0.00102762    1.65897686   -0.00061943    0.14203459
  102    6    -2.66019     0.78589    -7.93988     -0.00149525    1.49307918   -0.00100145    0.14010185
  103    6    -2.79104    -1.47663    -7.58720     -0.00093788    1.32718149   -0.00070667    0.14090238
  104    6    -3.11122    -2.65451    -6.13762     -0.00025420    1.32718149   -0.00019153    0.14524768
  105    6    -3.07165    -2.98368    -4.10202     -0.00058328    0.99538612   -0.00058598    0.15674423
  106    6    -1.34882     3.60189    -3.58682     -0.00065695    0.66359074   -0.00098999    0.15920796
  107    6    -0.42149     3.67320    -3.82481     -0.00086690    0.82948843   -0.00104510    0.16074108
  108    6    -0.34152     0.63979    -8.39565     -0.00150253    1.49307918   -0.00100633    0.14142092
  109    6    -1.43579     0.05468    -8.43911     -0.00208160    1.99077223   -0.00104563    0.13866248
  110    6    -1.59728    -1.32501    -8.15678     -0.00147433    1.16128380   -0.00126957    0.14168783
  111    6    -2.04844    -3.53773    -4.26270     -0.00075340    0.82948843   -0.00090827    0.15640593
  112    6    -0.97222    -3.57391    -3.55103     -0.00098206    0.82948843   -0.00118394    0.16284118
  113    6     1.99017    -0.65401    -7.08718     -0.00028697    1.16128380   -0.00024711    0.14879378
  114    6    -3.71312    -2.40080    -4.17108     -0.00064109    0.82948843   -0.00077287    0.16146335
  115    6    -3.46317    -1.72511    -6.81663     -0.00069147    0.99538612   -0.00069468    0.14440382
  116    6    -3.18901     1.49288    -7.29521     -0.00129816    1.32718149   -0.00097813    0.14403822
  117    6    -3.20528     2.96499    -4.31674     -0.00045230    0.82948843   -0.00054528    0.15916737
  118    6    -0.32407    -0.71402    -8.37067     -0.00144553    1.49307918   -0.00096815    0.14094779
  119    6    -1.53446     3.72529    -4.33771     -0.00087307    0.99538612   -0.00087712    0.15435436
  120    6    -1.61716     1.44564    -8.12315     -0.00194203    1.65897686   -0.00117062    0.14125135
  121    6    -2.70573    -2.28320    -7.06281     -0.00063306    0.82948843   -0.00076320    0.14339098
  122    6    -2.29966    -3.29799    -3.61440     -0.00063533    0.66359074   -0.00095741    0.16006006
  123    7    -1.70017     3.56003     3.66420     -0.00058633    0.66359074   -0.00088357    0.15830472
  124    7     1.41662     0.07471     7.71731     -0.00046768    0.99538612   -0.00046985    0.14453503
  125    7    -2.46804    -0.52146     8.08153     -0.00133333    1.32718149   -0.00100464    0.13934784
  126    7    -3.52590    -2.64445     4.97653     -0.00053049    1.49307918   -0.00035530    0.15193174
  127    7    -0.60839     3.65260     3.67772     -0.00072770    0.66359074   -0.00109662    0.16025959
  128    7    -2.06565     3.60246     4.52238     -0.00046914    0.99538612   -0.00047131    0.15213630
  129    7    -2.02599     3.53048     5.50124     -0.00050464    0.99538612   -0.00050698    0.14851838
  130    7    -2.83073     3.12038     3.79482     -0.00087908    0.99538612   -0.00088315    0.16112065
  131    7    -3.08588     3.06717     4.41511     -0.00046632    0.82948843   -0.00056218    0.15690363
  132    7    -0.94012    -3.62153     3.70893     -0.00024884    0.49769306   -0.00049998    0.16249396
  133    7    -2.76986    -3.11329     5.60183     -0.00055445    0.99538612   -0.00055702    0.14836269
  134    7    -1.88533    -1.49297     8.01079     -0.00183496    1.49307918   -0.00122898    0.14193165
  135    7     1.18867    -0.72624     7.78739     -0.00060164    1.16128380   -0.00051808    0.14444451
  136    7    -2.44713     2.71072     6.83812     -0.00084230    1.65897686   -0.00050772    0.14332843
  137    7    -3.20884     2.50843     6.31897     -0.00025833    0.82948843   -0.00031144    0.14672751
  138    7     2.18144    -0.35552     6.91017     -0.00012648    0.99538612   -0.00012707    0.15008011
  139    7     0.35236     0.19413     8.27797     -0.00106517    1.49307918   -0.00071340    0.14132144
  140    7    -1.18176    -0.34979     8.45084     -0.00147939    1.49307918   -0.00099083    0.13893194
  141    7    -3.05013    -1.27773     7.49765     -0.00095041    1.32718149   -0.00071611    0.14133277
  142    7    -3.43038    -2.38127     6.08522     -0.00018216    1.16128380   -0.00015686    0.14578946
  143    7    -2.70885    -3.23911     4.22300     -0.00087461    1.49307918   -0.00058578    0.15502097
  144    7    -1.93073    -3.43912     3.63004     -0.00055618    0.66359074   -0.00083813    0.15998258
  145    7     2.11515     0.38001     7.00260     -0.00015703    0.66359074   -0.00023663    0.15135261
  146    7    -1.92941     1.87576     7.82085     -0.00152414    1.65897686   -0.00091872    0.14194003
  147    7    -2.24890     0.67908     8.15815     -0.00214879    1.99077223   -0.00107937    0.13923999
  148    7    -3.34715     0.01892     7.55206     -0.00153051    1.16128380   -0.00131794    0.14408017
  149    7    -3.56859    -2.50290     3.94129     -0.00079258    0.99538612   -0.00079626    0.16246179
  150    7    -1.12671     3.76650     4.24730     -0.00071383    0.66359074   -0.00107570    0.15624211
  151    7    -2.89691     3.11468     5.47541     -0.00040718    1.32718149   -0.00030680    0.14809888
  152    7    -1.80228    -3.60369     4.21049     -0.00066047    0.49769306   -0.00132706    0.15775271
  153    7    -2.84758    -2.19802     7.02933     -0.00054172    0.99538612   -0.00054423    0.14277429
  154    7    -0.31156    -0.79572     8.35143     -0.00116972    1.16128380   -0.00100727    0.14130545
  155    7     2.19164    -1.08007     6.63544     -0.00031390    0.82948843   -0.00037842    0.15413852
  156    7    -3.10104     1.41879     7.41103     -0.00139027    1.49307918   -0.00093114    0.14311646
  157    7    -0.84030     0.84882     8.39168     -0.00188652    1.65897686   -0.00113716    0.14106282
  158    7    -3.57743    -1.61375     6.76153     -0.00074625    0.82948843   -0.00089965    0.14555896
  159    8     5.98634    -0.12645    -4.16716     -0.00758859    2.10275317   -0.00360888    0.16447854
  160    8     6.08499    -1.51497    -2.81629     -0.00334420    1.26165190   -0.00265065    0.16032571
  161    8     6.43222     0.51587    -2.45584     -0.00385033    1.33174368   -0.00289120    0.16148535
  162    8     5.33484     1.60770    -3.82706     -0.00330853    1.26165190   -0.00262238    0.16269927
  163    8     4.72679    -1.65164    -4.44183     -0.00485950    1.54201899   -0.00315139    0.16696699
  164    8     6.48618    -0.51042    -2.82395     -0.00562394    1.75229431   -0.00320947    0.16160583
  165    8     6.09472     1.07704    -3.32556     -0.00544857    1.75229431   -0.00310939    0.16148338
  166    8     4.96875     0.92249    -4.66420     -0.00672260    1.82238608   -0.00368890    0.16805554
  167    8     4.92883    -0.50394    -4.90259     -0.00622653    1.68220254   -0.00370141    0.16914163
  168    8     5.63471    -1.63699    -3.77067     -0.00585357    1.89247786   -0.00309307    0.16239025
  169    9     5.98296    -0.23335     4.16759     -0.00759873    2.10275317   -0.00361371    0.16449045
  170    9     6.16953     1.13428     2.80476     -0.00338369    1.26165190   -0.00268195    0.16045997
  171    9     6.38649    -0.91761     2.46202     -0.00378875    1.33174368   -0.00284495    0.16139121
  172    9     5.22215    -1.92533     3.84238     -0.00326067    1.26165190   -0.00258445    0.16250349
  173    9     4.90174     1.40626     4.36332     -0.00395266    1.26165190   -0.00313292    0.16653396
  174    9     6.50587     0.10630     2.82123     -0.00564412    1.75229431   -0.00322099    0.16164166
  175    9     6.01416    -1.44856     3.33649     -0.00545530    1.75229431   -0.00311323    0.16135567
  176    9     4.87757    -1.21488     4.68066     -0.00693293    1.89247786   -0.00366342    0.16800151
  177    9     4.97647     0.26266     4.88231     -0.00689333    1.82238608   -0.00378259    0.16916722
  178    9     5.73022     1.31276     3.72959     -0.00559459    1.82238608   -0.00306992    0.16241434
  179   10    -5.94785     0.43038    -0.00291     -0.00608218    1.54201899   -0.00394430    0.19065721
  180   10    -5.28138    -1.30968    -0.93169     -0.00481197    1.19156013   -0.00403838    0.19074662
  181   10    -5.15420     1.93946     0.11394     -0.00398890    1.26165190   -0.00316165    0.18889588
  182   10    -5.23605    -1.40085     0.87065     -0.00520256    1.33174368   -0.00390658    0.19041559
  183   10    -5.75419    -0.02676    -0.99208     -0.00717035    1.61211077   -0.00444780    0.19223717
  184   10    -5.40598     1.43921    -0.83424     -0.00784568    1.82238608   -0.00430517    0.19110718
  185   10    -5.47569     1.23549     0.96141     -0.00787643    1.82238608   -0.00432204    0.19182762
  186   10    -5.75550    -0.29247     0.91190     -0.00696885    1.61211077   -0.00432281    0.19171842
  187   10    -5.54806    -1.25321    -0.10354     -0.00513706    1.47192722   -0.00349002    0.18923410
  188   11    -5.31345     0.23950    -5.28630     -0.00349242    1.26165190   -0.00276813    0.16175296
  189   11    -4.37434     2.11384    -5.35031     -0.00228805    1.19156013   -0.00192021    0.15896149
  190   11    -4.79253    -1.21884    -5.37934     -0.00264350    1.26165190   -0.00209527    0.15948246
  191   11    -4.61763     0.32640    -6.50277     -0.00242373    1.12146836   -0.00216121    0.15412449
  192   11    -4.61815     1.95308    -4.28451     -0.00412541    1.47192722   -0.00280273    0.16884431
  193   11    -5.25847     0.84264    -4.28143     -0.00431277    1.40183545   -0.00307652    0.17075991
  194   11    -5.26533    -0.45376    -4.46987     -0.00388903    1.33174368   -0.00292025    0.16848905
  195   11    -4.80704    -0.52139    -6.10995     -0.00309139    1.33174368   -0.00232131    0.15582550
  196   11    -5.00722     1.24969    -5.53462     -0.00371409    1.40183545   -0.00264945    0.15938401
  197   11    -4.75823    -1.33443    -4.27954     -0.00268354    0.98128481   -0.00273472    0.16937372
  198   11    -4.38276     1.30396    -6.38751     -0.00213047    1.05137659   -0.00202636    0.15421737
  199   12     0.07484    -4.04822    -6.40725     -0.00386802    1.47192722   -0.00262786    0.15260851
  200   12     1.75435    -2.67478    -6.53395     -0.00346047    1.40183545   -0.00246853    0.15682620
  201   12     0.13075    -2.51015    -7.91522     -0.00291068    1.33174368   -0.00218561    0.14796993
  202   12    -1.60776    -3.36920    -6.96981     -0.00225668    1.19156013   -0.00189389    0.14860807
  203   12    -0.95454    -4.12171    -5.39100     -0.00263401    1.33174368   -0.00197787    0.15502735
  204   12     1.28102    -3.57675    -5.95648     -0.00384787    1.47192722   -0.00261417    0.15735833
  205   12     0.80589    -3.29384    -7.16342     -0.00330437    1.33174368   -0.00248124    0.15122014
  206   12    -0.37684    -3.47647    -7.37705     -0.00342199    1.33174368   -0.00256955    0.14882016
  207   12    -1.26880    -3.92262    -6.30804     -0.00319735    1.47192722   -0.00217222    0.15084602
  208   12     0.50452    -4.04340    -5.30866     -0.00325161    1.40183545   -0.00231954    0.15811959
  209   12     1.16886    -2.25035    -7.50300     -0.00227630    1.26165190   -0.00180422    0.15072093
  210   12    -0.99039    -2.68631    -7.80093     -0.00211591    1.12146836   -0.00188673    0.14744513
  211   12    -0.25918    -4.03128    -4.70043     -0.00205902    0.91119304   -0.00225969    0.16016009
  212   13     1.06208     3.43782    -6.96999     -0.00370754    1.40183545   -0.00264478    0.15231545
  213   13     1.72703     1.73130    -7.44555     -0.00227740    1.19156013   -0.00191128    0.15231725
  214   13     2.03533     2.94929    -6.08205     -0.00252938    1.05137659   -0.00240578    0.15933441
  215   13     0.62768     3.92347    -5.10656     -0.00310423    1.19156013   -0.00260518    0.15921841
  216   13    -0.91846     3.72775    -6.56355     -0.00243856    1.26165190   -0.00193283    0.15008386
  217   13    -0.27858     2.54599    -7.95637     -0.00262653    1.26165190   -0.00208182    0.14763046
  218   13     2.09316     2.32330    -6.78370     -0.00357486    1.47192722   -0.00242869    0.15626258
  219   13     1.37296     3.66000    -5.78708     -0.00346250    1.33174368   -0.00259998    0.15784339
  220   13     0.24432     3.96636    -6.39153     -0.00334869    1.33174368   -0.00251451    0.15244562
  221   13    -0.40476     3.34291    -7.40254     -0.00359045    1.54201899   -0.00232841    0.14840079
  222   13     1.00537     2.71474    -7.65697     -0.00342764    1.33174368   -0.00257380    0.15001734
  223   13    -0.33267     4.04658    -5.49039     -0.00209854    1.12146836   -0.00187124    0.15511009
  224   13     0.61251     1.87156    -8.06474     -0.00197026    1.05137659   -0.00187398    0.14845036
  225   14     0.40524    -3.85597     6.66246     -0.00367058    1.40183545   -0.00261841    0.15229384
  226   14     1.32727    -2.28113     7.35546     -0.00227444    1.19156013   -0.00190879    0.15157993
  227   14     1.39608    -3.47712     5.90427     -0.00244704    1.12146836   -0.00218199    0.15802352
  228   14    -0.15759    -4.09833     4.90434     -0.00304319    1.26165190   -0.00241207    0.15902821
  229   14    -1.63026    -3.68924     6.41057     -0.00249586    1.33174368   -0.00187413    0.15017557
  230   14    -0.80186    -2.70112     7.84282     -0.00249420    1.26165190   -0.00197693    0.14736217
  231   14     1.56995    -2.90531     6.66692     -0.00362953    1.47192722   -0.00246584    0.15503037
  232   14     0.69037    -3.97613     5.38642     -0.00336522    1.26165190   -0.00266731    0.15829988
  233   14    -0.49121    -4.15696     6.12026     -0.00329692    1.33174368   -0.00247564    0.15261118
  234   14    -1.04785    -3.47389     7.22869     -0.00393596    1.68220254   -0.00233976    0.14835845
  235   14     0.38725    -3.20532     7.47164     -0.00341989    1.33174368   -0.00256798    0.14953877
  236   14    -1.18428    -4.03887     5.30494     -0.00185046    1.05137659   -0.00176003    0.15529202
  237   14     0.25479    -2.27272     7.95223     -0.00229282    1.19156013   -0.00192422    0.14809638
  238   15    -5.32571     0.71280     4.87828     -0.00346404    1.26165190   -0.00274564    0.16490124
  239   15    -4.41828     2.14774     4.37054     -0.00315297    1.26165190   -0.00249908    0.16723642
  240   15    -4.56469     1.18918     6.28408     -0.00303702    1.33174368   -0.00228048    0.15479244
  241   15    -4.72034    -0.98764     5.87162     -0.00242294    1.12146836   -0.00216051    0.15665627
  242   15    -4.74395    -1.35305     4.28672     -0.00245742    0.98128481   -0.00250428    0.16907329
  243   15    -5.07499     1.30997     4.24265     -0.00387428    1.26165190   -0.00307080    0.17053425
  244   15    -4.57295     1.88902     5.48005     -0.00340037    1.54201899   -0.00220514    0.15857116
  245   15    -5.16137     0.23594     5.73637     -0.00408189    1.47192722   -0.00277316    0.15863495
  246   15    -5.01719    -0.99578     5.08943     -0.00271647    1.19156013   -0.00227976    0.16209811
  247   15    -5.28601    -0.25453     4.27728     -0.00397325    1.26165190   -0.00314925    0.17097992
  248   15    -4.52571     0.03174     6.57768     -0.00237667    1.12146836   -0.00211925    0.15389375
  249   16     0.83758     3.70115     6.70661     -0.00414110    1.54201899   -0.00268550    0.15274014
  250   16     2.15414     2.01295     6.82024     -0.00288642    1.19156013   -0.00242239    0.15684184
  251   16     0.57904     2.11547     8.03466     -0.00264820    1.19156013   -0.00222246    0.14840198
  252   16    -0.93008     3.39790     7.11497     -0.00233975    1.19156013   -0.00196360    0.14855308
  253   16    -0.12788     4.06946     5.53139     -0.00286009    1.40183545   -0.00204025    0.15514818
  254   16     1.95993     3.00896     6.23307     -0.00423606    1.54201899   -0.00274709    0.15827610
  255   16     1.40304     2.76524     7.36249     -0.00332372    1.33174368   -0.00249576    0.15179277
  256   16     0.23501     3.17436     7.58774     -0.00342158    1.33174368   -0.00256924    0.14895751
  257   16    -0.48381     3.90027     6.47655     -0.00323168    1.47192722   -0.00219554    0.15079555
  258   16     1.25777     3.73361     5.62839     -0.00320381    1.33174368   -0.00240573    0.15811558
  259   16     1.50788     1.65966     7.64007     -0.00181523    1.05137659   -0.00172652    0.15114011
  260   16    -0.47911     2.54062     7.92434     -0.00201645    1.05137659   -0.00191791    0.14766581
  261   16     0.67043     3.84472     4.89103     -0.00226729    0.98128481   -0.00231053    0.16069886
  262    1     1.25662     3.38309    -0.21437     -0.00048484    0.28714643   -0.00168847    0.15393690
  263    2     1.25662     3.38309     0.21436     -0.00044836    0.28714643   -0.00156144    0.15393805
  264    5     0.59165     3.37455    -0.00001     -0.00085219    0.28714643   -0.00296778    0.16020271
  265    1     1.03257    -3.45667    -0.21437     -0.00042916    0.28714643   -0.00149458    0.15419958
  266    2     1.03256    -3.45667     0.21436     -0.00046594    0.28714643   -0.00162265    0.15419326
  267    5     0.36958    -3.40462    -0.00000     -0.00086654    0.28714643   -0.00301777    0.16082235
  268    2     1.81613    -3.65923     0.30553     -0.00001173    0.63799730   -0.00001838    0.14377150
  269    2     3.72688    -3.39596     0.30554      0.00036908    1.30211610    0.00028345    0.13533360
  270    2     5.54012    -1.90161     0.30556     -0.00236368    1.30211610   -0.00181526    0.15180934
  271    2     6.01268     0.40005     0.30556     -0.00379215    1.30211610   -0.00291230    0.16100070
  272    2     4.93493     2.48796     0.30555     -0.00063913    1.30211610   -0.00049084    0.14120980
  273    2     2.78496     3.43590     0.30553      0.00026406    1.30211610    0.00020279    0.13884119
  274    1     2.55418    -3.60939    -0.30552      0.00028773    1.30211610    0.00022097    0.13890807
  275    1     4.76157    -2.80418    -0.30550     -0.00063108    1.30211610   -0.00048465    0.14096681
  276    1     5.97366    -0.79128    -0.30550     -0.00378764    1.30211610   -0.00290883    0.16087960
  277    1     5.65275     1.53637    -0.30550     -0.00238055    1.30211610   -0.00182822    0.15209526
  278    1     3.94119     3.14618    -0.30551      0.00034340    1.30211610    0.00026373    0.13547787
  279    1     2.05176     3.53394    -0.30553     -0.00001437    0.63799730   -0.00002253    0.14353824
  280    1     0.59518    -3.43452    -1.20951     -0.00037092    0.17950315   -0.00206636    0.15756439
  281    4     0.17668    -3.39741    -1.34487     -0.00035641    0.17950315   -0.00198553    0.16015849
  282    5    -0.06845    -3.41393    -0.99430     -0.00040351    0.17950315   -0.00224791    0.16132676
  283    1     0.82046     3.39034    -1.20422     -0.00028768    0.17950315   -0.00160265    0.15659634
  284    4     0.40043     3.38112    -1.33961     -0.00039233    0.17950315   -0.00218566    0.15967542
  285    5     0.15691     3.41323    -0.98901     -0.00043778    0.17950315   -0.00243885    0.16066162
  286    1     1.21065     3.29739    -2.69722     -0.00031356    0.16960938   -0.00184874    0.15863999
  287    4     0.78779     3.30072    -2.82238     -0.00041156    0.16960938   -0.00242651    0.16154383
  288    6     0.64437     3.31257    -3.26828     -0.00055661    0.16960938   -0.00328169    0.16422587
  289    1     0.99442    -3.36499    -2.78261     -0.00056724    0.30899833   -0.00183573    0.15988675
  290    4     0.57000    -3.34375    -2.90647     -0.00081299    0.30899833   -0.00263105    0.16331872
  291   12     0.46331    -3.42706    -3.63841     -0.00104882    0.30899833   -0.00339427    0.16606223
  292    4     0.65532     3.39596    -1.94638     -0.00072018    0.60993369   -0.00118075    0.15797510
  293    1     1.32828     3.44227    -1.98991     -0.00067104    0.63881211   -0.00105044    0.15372400
  294    4     0.49079    -3.42586    -2.14742     -0.00072916    0.57939612   -0.00125847    0.15899375
  295    1     1.02203    -3.53250    -1.75000     -0.00057346    0.60683325   -0.00094501    0.15374529
  296    5     0.20138     3.52862    -0.39448     -0.00083132    0.63106342   -0.00131733    0.15884057
  297    1     1.10066     3.50030    -0.84669     -0.00052214    0.63106342   -0.00082739    0.15288477
  298    5    -0.07809    -3.53204    -0.54300     -0.00085333    0.63581305   -0.00134210    0.15961331
  299    1     0.91566    -3.56356    -0.70365     -0.00054580    0.63581305   -0.00085843    0.15313395
  300    1     1.27539     3.24674    -3.15838     -0.00064842    0.21021668   -0.00308454    0.16155979
  301    6     0.71757     3.35369    -3.72614     -0.00072447    0.21021668   -0.00344632    0.16593556
  302   13     0.79732     3.40671    -4.00730     -0.00058693    0.21021668   -0.00279202    0.16596414
  303    6     0.64270     3.45193    -3.51409     -0.00006985    0.13366202   -0.00052261    0.16236169
  304    1     1.46967     3.42470    -2.71966     -0.00008284    0.13366202   -0.00061974    0.15489253
  305    1     3.26174    -2.01575    -4.50908     -0.00079774    0.23697337   -0.00336638    0.16855326
  306    8     3.49739    -1.84698    -4.53896     -0.00101590    0.23697337   -0.00428697    0.17101627
  307   12     2.48199    -2.14135    -5.13136     -0.00099847    0.23697337   -0.00421345    0.16643384
  308    1     3.48872     1.88937    -4.42786     -0.00080747    0.25568147   -0.00315810    0.16844718
  309    8     3.70848     1.70224    -4.47217     -0.00115115    0.25568147   -0.00450229    0.17059584
  310   13     2.76884     2.02279    -5.08724     -0.00104387    0.25568147   -0.00408268    0.16672891
  311    8     4.38924     1.79637    -4.12565     -0.00118634    0.24423691   -0.00485734    0.16771894
  312    8     5.13625     1.92476    -3.26714     -0.00203160    0.54846644   -0.00370416    0.16334166
  313    8     5.94450     1.33136    -2.31444     -0.00227384    0.54846644   -0.00414582    0.16281440
  314    8     6.31986     0.08737    -1.84053     -0.00236148    0.54846644   -0.00430560    0.16599752
  315    8     6.09752    -1.26105    -2.05348     -0.00233396    0.54846644   -0.00425543    0.16409625
  316    8     5.37510    -2.12186    -2.85979     -0.00212717    0.54846644   -0.00387840    0.16185057
  317    8     4.46978    -2.11711    -3.90545     -0.00205059    0.54846644   -0.00373878    0.16736443
  318    1     4.40150     2.12711    -3.63194     -0.00193861    0.52566832   -0.00368790    0.16388898
  319    1     5.40546     1.96380    -2.46721     -0.00176692    0.52566832   -0.00336128    0.15776426
  320    1     6.10670     0.87520    -1.62199     -0.00193325    0.52566832   -0.00367770    0.16220937
  321    1     6.19736    -0.66072    -1.46738     -0.00225949    0.52566832   -0.00429833    0.16419191
  322    1     5.63762    -1.96962    -2.07125     -0.00174010    0.52566832   -0.00331025    0.15853718
  323    1     4.67324    -2.47681    -3.16849     -0.00177729    0.52566832   -0.00338102    0.15955892
  324    1     3.87127    -2.21526    -4.10314     -0.00103232    0.29604474   -0.00348705    0.16611524
  325   12     2.02532    -2.76058    -5.42952     -0.00243843    0.93277077   -0.00261417    0.16300105
  326   12     1.11272    -3.46209    -4.55756     -0.00601415    1.88296150   -0.00319398    0.16677608
  327    1     2.68129    -2.88322    -4.00072     -0.00433380    2.63362318   -0.00164557    0.15981708
  328    1     1.55029    -3.55152    -2.99780     -0.00114072    1.33765417   -0.00085277    0.15408269
  329   13     1.11779     3.50567    -4.34524     -0.00213363    0.83903690   -0.00254296    0.16365424
  330   13     2.04791     2.92050    -5.10217     -0.00537830    1.69128348   -0.00318001    0.16646891
  331    1     2.31556     3.17810    -3.44315     -0.00331025    2.36603586   -0.00139907    0.15639435
  332    1     3.30257     2.39873    -4.30762     -0.00165501    1.20002706   -0.00137914    0.16039228
  333    2     0.82046     3.39034     1.20419     -0.00031050    0.17950466   -0.00172974    0.15660481
  334    3     0.40043     3.38113     1.33958     -0.00039035    0.17950466   -0.00217458    0.15968004
  335    5     0.15690     3.41323     0.98897     -0.00040557    0.17950466   -0.00225940    0.16066666
  336    2     0.59516    -3.43451     1.20953     -0.00034625    0.17950466   -0.00192891    0.15754341
  337    3     0.17665    -3.39740     1.34489     -0.00035767    0.17950466   -0.00199255    0.16014995
  338    5    -0.06848    -3.41393     0.99432     -0.00044789    0.17950466   -0.00249515    0.16132725
  339    2     1.21066     3.29739     2.69727     -0.00030758    0.16960981   -0.00181348    0.15864355
  340    3     0.78779     3.30072     2.82242     -0.00040737    0.16960981   -0.00240181    0.16153715
  341    7     0.64438     3.31257     3.26832     -0.00055154    0.16960981   -0.00325183    0.16421732
  342    2     0.99438    -3.36499     2.78258     -0.00061234    0.30900052   -0.00198167    0.15985678
  343    3     0.56996    -3.34375     2.90643     -0.00082492    0.30900052   -0.00266963    0.16329986
  344   14     0.46328    -3.42707     3.63838     -0.00099579    0.30900052   -0.00322262    0.16605191
  345    3     0.72582     3.38233     2.17537     -0.00073754    0.60996793   -0.00120915    0.15833639
  346    2     1.25974     3.45552     1.76732     -0.00061604    0.63884795   -0.00096430    0.15342169
  347    3     0.42307    -3.43275     1.92974     -0.00072492    0.57935809   -0.00125126    0.15877301
  348    2     1.08779    -3.52579     1.96160     -0.00059809    0.60679341   -0.00098566    0.15397161
  349    5     0.15435     3.53131     0.53968     -0.00083985    0.63104601   -0.00133088    0.15887467
  350    2     1.14768     3.49762     0.70144     -0.00053461    0.63104601   -0.00084718    0.15267221
  351    5    -0.03065    -3.53256     0.39667     -0.00083624    0.63584062   -0.00131517    0.15954851
  352    2     0.86820    -3.56303     0.84999     -0.00051331    0.63584062   -0.00080729    0.15334606
  353    2     1.27531     3.24675     3.15833     -0.00063033    0.21023166   -0.00299825    0.16155913
  354    7     0.71748     3.35370     3.72609     -0.00070642    0.21023166   -0.00336020    0.16591832
  355   16     0.79725     3.40673     4.00725     -0.00070431    0.21023166   -0.00335014    0.16593383
  356    7     0.66262     3.44993     3.53393     -0.00003275    0.13352918   -0.00024524    0.16243686
  357    2     1.44966     3.42670     2.69981     -0.00004840    0.13352918   -0.00036249    0.15488206
  358    2     3.26174    -2.01576     4.50908     -0.00070581    0.23697085   -0.00297846    0.16855232
  359    9     3.49740    -1.84700     4.53896     -0.00108019    0.23697085   -0.00455833    0.17102778
  360   14     2.48199    -2.14137     5.13136     -0.00100807    0.23697085   -0.00425399    0.16642080
  361    2     3.48875     1.88936     4.42786     -0.00088870    0.25568077   -0.00347580    0.16847586
  362    9     3.70851     1.70223     4.47217     -0.00092758    0.25568077   -0.00362787    0.17061834
  363   16     2.76887     2.02279     5.08724     -0.00109389    0.25568077   -0.00427832    0.16676161
  364    9     4.19299    -1.98567     4.22937     -0.00120140    0.24424069   -0.00491892    0.16841577
  365    9     4.92027    -2.23737     3.38126     -0.00196546    0.54847453   -0.00358350    0.16350274
  366    9     5.78285    -1.78373     2.39983     -0.00226885    0.54847453   -0.00413665    0.16240076
  367    9     6.28351    -0.61299     1.85969     -0.00224374    0.54847453   -0.00409088    0.16577771
  368    9     6.20243     0.76081     1.99798     -0.00240254    0.54847453   -0.00438041    0.16454082
  369    9     5.57522     1.73451     2.75400     -0.00207842    0.54847453   -0.00378946    0.16200995
  370    9     4.67725     1.88058     3.79580     -0.00220897    0.54847453   -0.00402748    0.16704857
  371    2     4.16957    -2.34240     3.75450     -0.00194580    0.52567702   -0.00370151    0.16469101
  372    2     5.18171    -2.34772     2.58542     -0.00176531    0.52567702   -0.00335817    0.15761853
  373    2     5.98938    -1.38532     1.68393     -0.00195218    0.52567702   -0.00371365    0.16151418
  374    2     6.23797     0.12224     1.44585     -0.00227637    0.52567702   -0.00433036    0.16448676
  375    2     5.81834     1.51305     1.97570     -0.00175825    0.52567702   -0.00334473    0.15905425
  376    2     4.91471     2.17648     3.04086     -0.00180117    0.52567702   -0.00342638    0.15928825
  377    2     4.09266     2.05076     3.98615     -0.00098998    0.29604932   -0.00334397    0.16536332
  378   14     0.70446    -3.64326     4.21875     -0.00234736    0.93278610   -0.00251650    0.16376060
  379   14     1.69904    -3.07029     5.09502     -0.00602660    1.88299343   -0.00320054    0.16649741
  380    2     2.00386    -3.33592     3.37975     -0.00373530    2.63366477   -0.00141829    0.15663817
  381    2     3.05663    -2.54490     4.37860     -0.00184455    1.33767586   -0.00137892    0.16072583
  382   16     2.35388     2.62345     5.39158     -0.00231250    0.83907243   -0.00275602    0.16372157
  383   16     1.49733     3.31350     4.63608     -0.00523789    1.69135695   -0.00309686    0.16631019
  384    2     2.95150     2.72422     3.98146     -0.00389298    2.36613224   -0.00164529    0.15935897
  385    2     1.89438     3.40380     3.11558     -0.00107442    1.20007724   -0.00089529    0.15406143
  386    3    -1.01505    -3.30591     2.28044     -0.00040842    0.16388338   -0.00249211    0.16521468
  387    5    -1.26884    -3.31038     1.93627     -0.00044596    0.16388338   -0.00272120    0.16512550
  388    7    -1.16806    -3.31083     2.72323     -0.00045869    0.16388338   -0.00279891    0.16581886
  389    3    -0.81556     3.36383     2.29003     -0.00039764    0.16388338   -0.00242634    0.16429239
  390    5    -1.06860     3.38446     1.94590     -0.00042820    0.16388338   -0.00261286    0.16436330
  391    7    -0.96804     3.37663     2.73284     -0.00044124    0.16388338   -0.00269238    0.16464595
  392    5    -0.72177     3.51446     1.31720     -0.00073212    0.62143773   -0.00117811    0.16152858
  393    3    -0.17427     3.42658     1.67223     -0.00075819    0.59342808   -0.00127765    0.16088578
  394    5    -0.75371    -3.47490     1.18031     -0.00087174    0.60755389   -0.00143484    0.16174447
  395    3    -0.58230    -3.39169     1.80860     -0.00078885    0.58016796   -0.00135969    0.16243241
  396    3     0.14372    -3.39419     3.15789     -0.00022473    0.05802796   -0.00387283    0.16452326
  397    7     0.00850    -3.48716     3.59597     -0.00030830    0.05802796   -0.00531303    0.16646828
  398   14     0.05592    -3.57014     3.87553     -0.00026073    0.05802796   -0.00449319    0.16657997
  399    7    -0.13172     3.46903     3.34750     -0.00155227    0.79522730   -0.00195198    0.16376556
  400    3    -0.18574     3.39433     2.62617     -0.00121874    0.75900002   -0.00160571    0.16293081
  401    7    -0.67895    -3.46206     3.22409     -0.00129720    0.67440801   -0.00192347    0.16461458
  402    3    -0.24073    -3.39951     2.66587     -0.00107403    0.64366652   -0.00166861    0.16343278
  403   14     0.14232    -3.68079     4.01329     -0.00025848    0.10957351   -0.00235899    0.16463493
  404    3     0.31397    -3.47177     2.95756     -0.00002155    0.14130587   -0.00015254    0.16120120
  405    4    -0.81548     3.36384    -2.29002     -0.00040479    0.16388157   -0.00247002    0.16429387
  406    5    -1.06852     3.38446    -1.94590     -0.00042259    0.16388157   -0.00257863    0.16435831
  407    6    -0.96796     3.37663    -2.73284     -0.00043139    0.16388157   -0.00263233    0.16465352
  408    4    -1.01505    -3.30592    -2.28045     -0.00038924    0.16388157   -0.00237510    0.16520889
  409    5    -1.26884    -3.31039    -1.93629     -0.00042057    0.16388157   -0.00256632    0.16510810
  410    6    -1.16806    -3.31084    -2.72323     -0.00044184    0.16388157   -0.00269607    0.16581336
  411    5    -0.53152     3.51760    -1.18106     -0.00084274    0.62138819   -0.00135622    0.16114282
  412    4    -0.36994     3.42335    -1.81235     -0.00081428    0.59338078   -0.00137227    0.16168700
  413    5    -0.93916    -3.46023    -1.31347     -0.00080548    0.60756776   -0.00132575    0.16214567
  414    4    -0.39147    -3.40679    -1.67159     -0.00074483    0.58018124   -0.00128379    0.16166300
  415    4     0.14384    -3.39418    -3.15793     -0.00021242    0.05801925   -0.00366125    0.16453256
  416    6     0.00863    -3.48715    -3.59601     -0.00027035    0.05801925   -0.00465958    0.16647027
  417   12     0.05603    -3.57012    -3.87557     -0.00025913    0.05801925   -0.00446631    0.16657711
  418    6    -0.39042     3.47915    -3.26104     -0.00138981    0.79516584   -0.00174782    0.16332876
  419    4     0.08031     3.38393    -2.71502     -0.00137498    0.75894138   -0.00181171    0.16262026
  420    6    -0.45919    -3.47388    -3.29753     -0.00119241    0.67448149   -0.00176789    0.16497723
  421    4    -0.46654    -3.38736    -2.59040     -0.00099868    0.64373670   -0.00155138    0.16375337
  422   12     0.17157    -3.67720    -4.01797     -0.00033001    0.10951702   -0.00301328    0.16465094
  423    4     0.28709    -3.47507    -2.95331     -0.00003698    0.14123301   -0.00026182    0.16113283
  424    5    -3.96529    -1.75305    -2.52889     -0.00129061    0.23486541   -0.00549512    0.18458056
  425    6    -3.92243    -1.80307    -3.31897     -0.00086398    0.23486541   -0.00367863    0.17876963
  426   11    -4.11979    -1.59938    -3.40667     -0.00084639    0.23486541   -0.00360373    0.18024957
  427    5    -3.54755     2.35542    -2.49717     -0.00116826    0.23486541   -0.00497416    0.18132108
  428    6    -3.49428     2.40786    -3.28645     -0.00073906    0.23486541   -0.00314672    0.17654376
  429   11    -3.72845     2.24942    -3.37694     -0.00099004    0.23486541   -0.00421534    0.17884749
  430    6    -3.01194     2.85717    -3.17261     -0.00235868    1.23479047   -0.00191019    0.16966671
  431    6    -1.56779     3.42386    -2.99126     -0.00174006    1.23479047   -0.00140919    0.16323135
  432    5    -2.41458     3.09846    -1.95735     -0.00574042    2.48405839   -0.00231090    0.17234152
  433    6    -1.85881    -3.27761    -2.99319     -0.00209667    1.46665545   -0.00142956    0.16466942
  434    6    -3.45488    -2.39354    -3.20155     -0.00282165    1.46665545   -0.00192387    0.17126883
  435    5    -2.76551    -2.76637    -1.97132     -0.00808652    2.97301890   -0.00271997    0.17626013
  436    5    -3.54758     2.35539     2.49714     -0.00122950    0.23486453   -0.00523492    0.18129229
  437    7    -3.49431     2.40783     3.28643     -0.00074460    0.23486453   -0.00317035    0.17650024
  438   15    -3.72848     2.24939     3.37692     -0.00086678    0.23486453   -0.00369055    0.17880182
  439    5    -3.96529    -1.75306     2.52886     -0.00126513    0.23486453   -0.00538662    0.18456295
  440    7    -3.92243    -1.80308     3.31894     -0.00085387    0.23486453   -0.00363559    0.17873452
  441   15    -4.11978    -1.59939     3.40664     -0.00087414    0.23486453   -0.00372187    0.18020533
  442    7    -1.56786     3.42384     2.99126     -0.00180371    1.23478377   -0.00146075    0.16321551
  443    7    -3.01198     2.85714     3.17260     -0.00221354    1.23478377   -0.00179265    0.16960323
  444    5    -2.41463     3.09844     1.95734     -0.00578288    2.48404316   -0.00232801    0.17232987
  445    7    -3.45488    -2.39355     3.20153     -0.00272820    1.46666676   -0.00186014    0.17123697
  446    7    -1.85881    -3.27761     2.99318     -0.00213356    1.46666676   -0.00145470    0.16466667
  447    5    -2.76551    -2.76637     1.97130     -0.00812271    2.97304011   -0.00273212    0.17625921
  448    5    -4.23578     1.87989    -1.90827     -0.00125920    0.26376709   -0.00477391    0.19101676
  449   10    -4.45107     1.72630    -1.78332     -0.00127307    0.26376709   -0.00482649    0.19356373
  450   11    -4.27194     1.69547    -2.79197     -0.00145095    0.26376709   -0.00550088    0.18582946
  451    5    -4.34721    -1.48225    -2.00525     -0.00123128    0.26376709   -0.00466806    0.19179317
  452   10    -4.55211    -1.32221    -1.87126     -0.00145769    0.26376709   -0.00552644    0.19422839
  453   11    -4.36940    -1.24527    -2.87679     -0.00143906    0.26376709   -0.00545579    0.18608414
  454    5    -4.34721    -1.48226     2.00522     -0.00127704    0.26376842   -0.00484152    0.19177961
  455   10    -4.55211    -1.32222     1.87122     -0.00132354    0.26376842   -0.00501779    0.19421215
  456   15    -4.36940    -1.24528     2.87676     -0.00144088    0.26376842   -0.00546267    0.18605804
  457    5    -4.23578     1.87988     1.90825     -0.00111382    0.26376842   -0.00422272    0.19099724
  458   10    -4.45107     1.72629     1.78330     -0.00142183    0.26376842   -0.00539046    0.19355272
  459   15    -4.27193     1.69545     2.79195     -0.00146813    0.26376842   -0.00556598    0.18580781
  460   10    -4.63050     1.98980     1.12280     -0.00144417    0.24517074   -0.00589045    0.19202791
  461   10    -4.62220     2.24001    -0.00001     -0.00255159    0.55131216   -0.00462822    0.19158441
  462   10    -4.63050     1.98981    -1.12282     -0.00139304    0.24517074   -0.00568193    0.19202290
  463    5    -4.29822     2.34229     0.77640     -0.00245375    0.52698392   -0.00465621    0.18940607
  464    5    -4.29822     2.34229    -0.77642     -0.00254274    0.52698392   -0.00482509    0.18943860
  465   10    -4.75013    -1.61986    -1.20431     -0.00136057    0.26570875   -0.00512052    0.19268565
  466   10    -4.75982    -1.91205    -0.00002     -0.00327919    0.60989893   -0.00537661    0.19217780
  467   10    -4.75013    -1.61987     1.20427     -0.00126259    0.26570875   -0.00475180    0.19264652
  468    5    -4.44247    -2.01010    -0.83216     -0.00272430    0.56054010   -0.00486014    0.19021944
  469    5    -4.44247    -2.01010     0.83213     -0.00271332    0.56054010   -0.00484055    0.19021872
  470   11    -4.18457     2.00833    -3.37587     -0.00163435    0.55061065   -0.00296825    0.17840292
  471    5    -3.94151     2.32739    -2.09365     -0.00176341    0.78056235   -0.00225915    0.18083170
  472   11    -4.36559    -1.48274    -3.45644     -0.00052883    0.23990415   -0.00220436    0.17813283
  473    5    -4.28854    -1.74857    -2.14591     -0.00062490    0.34020882   -0.00183682    0.18376435
  474   15    -4.08927     2.09137     3.40198     -0.00153931    0.55058517   -0.00279578    0.17768811
  475    5    -4.03110     2.24931     2.06907     -0.00173384    0.78052657   -0.00222137    0.18203385
  476   15    -4.40199    -1.44167     3.44358     -0.00063355    0.23990843   -0.00264078    0.17829409
  477    5    -4.25432    -1.78719     2.15792     -0.00069236    0.34021502   -0.00203505    0.18323655
  478    6     2.45683    -1.60192    -5.67170     -0.00072846    0.21345463   -0.00341272    0.16544678
  479    8     3.19277    -1.43944    -5.03867     -0.00110933    0.21345463   -0.00519701    0.17047878
  480   12     2.29637    -1.83836    -5.74999     -0.00070293    0.21345463   -0.00329311    0.16505843
  481    6     2.66160     0.89867    -5.91871     -0.00084545    0.26347236   -0.00320889    0.16543419
  482    8     3.38313     0.77278    -5.26002     -0.00116370    0.26347236   -0.00441677    0.17059974
  483   13     2.56587     1.17025    -5.99367     -0.00082467    0.26347236   -0.00313002    0.16514865
  484    8     3.92007    -1.01191    -5.02448     -0.00374625    1.03393066   -0.00362331    0.17215715
  485    8     4.01557     0.23065    -5.16232     -0.00378709    1.03393066   -0.00366281    0.17268338
  486    6     2.78059    -0.38968    -5.90734     -0.00555570    2.90051463   -0.00191542    0.16392210
  487   11    -3.87265     2.38582    -4.03078     -0.00092288    0.24964455   -0.00369678    0.17116172
  488   11    -3.85789     2.39224    -5.18342     -0.00161080    0.55961507   -0.00287841    0.16194097
  489   11    -3.91712     1.66756    -6.37061     -0.00171167    0.55961507   -0.00305865    0.15647436
  490   11    -4.04403     0.36386    -6.84216     -0.00190197    0.55961507   -0.00339872    0.15574528
  491   11    -4.18283    -0.94576    -6.39079     -0.00186862    0.55961507   -0.00333911    0.15680181
  492   11    -4.27252    -1.68559    -5.21491     -0.00164873    0.55961507   -0.00294619    0.16227806
  493   11    -4.28747    -1.69396    -4.06229     -0.00081521    0.24964455   -0.00326550    0.17203132
  494    6    -3.51274     2.63439    -4.44275     -0.00151851    0.53857152   -0.00281952    0.16530866
  495    6    -3.52740     2.30745    -5.96440     -0.00137965    0.53857152   -0.00256168    0.15485140
  496    6    -3.63768     1.10561    -6.94722     -0.00157811    0.53857152   -0.00293018    0.15283033
  497    6    -3.79512    -0.44280    -6.95918     -0.00158214    0.53857152   -0.00293766    0.15306956
  498    6    -3.93050    -1.65712    -5.99501     -0.00145401    0.53857152   -0.00269975    0.15530146
  499    6    -3.98431    -2.00355    -4.47857     -0.00146422    0.53857152   -0.00271871    0.16597309
  500   12    -0.23460    -3.78263    -4.23951     -0.00067069    0.24368126   -0.00275232    0.16468721
  501   12    -1.23037    -3.80971    -4.75926     -0.00162064    0.54252702   -0.00298721    0.16134287
  502   12    -1.99296    -3.48020    -5.83457     -0.00159770    0.54252702   -0.00294493    0.15481419
  503   12    -1.94418    -2.84501    -7.03481     -0.00149827    0.54252702   -0.00276164    0.15121291
  504   12    -1.10431    -2.16812    -7.86116     -0.00156015    0.54252702   -0.00287570    0.15040187
  505   12     0.17761    -1.73085    -7.97019     -0.00171438    0.54252702   -0.00315999    0.15088445
  506   12     1.36881    -1.71491    -7.31660     -0.00136418    0.54252702   -0.00251449    0.15431445
  507   12     1.97781    -1.99955    -6.41630     -0.00071596    0.24368126   -0.00293810    0.16002583
  508    6    -0.78766    -3.65308    -4.06613     -0.00150718    0.52914211   -0.00284835    0.16538842
  509    6    -1.98054    -3.52527    -4.99864     -0.00130500    0.52914211   -0.00246625    0.15730132
  510    6    -2.40215    -2.95548    -6.34270     -0.00124634    0.52914211   -0.00235540    0.15095293
  511    6    -1.87728    -2.18050    -7.53970     -0.00153281    0.52914211   -0.00289679    0.14885849
  512    6    -0.62404    -1.52242    -8.09218     -0.00155667    0.52914211   -0.00294187    0.14852857
  513    6     0.83670    -1.25473    -7.77053     -0.00132887    0.52914211   -0.00251137    0.14996541
  514    6     1.89789    -1.48868    -6.70843     -0.00141645    0.52914211   -0.00267687    0.15797743
  515   13     2.24136     1.29944    -6.66387     -0.00085644    0.23445792   -0.00365285    0.15999797
  516   13     1.54896     1.16348    -7.48641     -0.00134303    0.51784094   -0.00259351    0.15422913
  517   13     0.40008     1.42743    -8.06447     -0.00136702    0.51784094   -0.00263984    0.15074929
  518   13    -0.71566     2.10867    -7.94296     -0.00149637    0.51784094   -0.00288963    0.15022959
  519   13    -1.36807     2.94454    -7.16874     -0.00161769    0.51784094   -0.00312391    0.15069539
  520   13    -1.30561     3.61276    -6.04032     -0.00134066    0.51784094   -0.00258894    0.15372268
  521   13    -0.55234     3.85568    -4.99279     -0.00145472    0.51784094   -0.00280920    0.16000185
  522   13     0.36620     3.70190    -4.43861     -0.00072984    0.23445792   -0.00311287    0.16353487
  523    6     2.03374     0.82174    -6.92628     -0.00129009    0.51297197   -0.00251493    0.15702111
  524    6     0.92298     0.82694    -7.88693     -0.00129361    0.51297197   -0.00252180    0.14970726
  525    6    -0.40940     1.38304    -8.15554     -0.00145952    0.51297197   -0.00284523    0.14845190
  526    6    -1.44969     2.27563    -7.62854     -0.00145936    0.51297197   -0.00284492    0.14856909
  527    6    -1.79678     3.16055    -6.50913     -0.00119929    0.51297197   -0.00233792    0.15012259
  528    6    -1.31685     3.69662    -5.22892     -0.00127298    0.51297197   -0.00248157    0.15564074
  529    6    -0.19494     3.67712    -4.28151     -0.00154657    0.51297197   -0.00301492    0.16385204
  530    7     2.45683    -1.60188     5.67174     -0.00073460    0.21347242   -0.00344119    0.16542832
  531    9     3.19277    -1.43941     5.03869     -0.00110219    0.21347242   -0.00516315    0.17047715
  532   14     2.29637    -1.83834     5.75002     -0.00071982    0.21347242   -0.00337196    0.16504356
  533    7     2.66160     0.89857     5.91874     -0.00085062    0.26349546   -0.00322822    0.16546374
  534    9     3.38313     0.77270     5.26005     -0.00125720    0.26349546   -0.00477124    0.17061975
  535   16     2.56588     1.17017     5.99370     -0.00068125    0.26349546   -0.00258542    0.16518494
  536    9     4.01558     0.23057     5.16233     -0.00380550    1.03386494   -0.00368085    0.17269898
  537    9     3.92008    -1.01190     5.02450     -0.00373028    1.03386494   -0.00360809    0.17217239
  538    7     2.78059    -0.38971     5.90738     -0.00566981    2.90033885   -0.00195488    0.16391340
  539   14     1.97781    -1.99952     6.41633     -0.00088663    0.24368390   -0.00363843    0.16003324
  540   14     1.36880    -1.71491     7.31662     -0.00133004    0.54252962   -0.00245155    0.15429592
  541   14     0.17760    -1.73087     7.97020     -0.00149445    0.54252962   -0.00275459    0.15082966
  542   14    -1.10431    -2.16815     7.86117     -0.00158883    0.54252962   -0.00292856    0.15037430
  543   14    -1.94419    -2.84502     7.03483     -0.00173450    0.54252962   -0.00319706    0.15124909
  544   14    -1.99299    -3.48020     5.83460     -0.00142504    0.54252962   -0.00262666    0.15473679
  545   14    -1.23045    -3.80971     4.75927     -0.00155247    0.54252962   -0.00286155    0.16132781
  546   14    -0.23471    -3.78264     4.23948     -0.00079466    0.24368390   -0.00326101    0.16472792
  547    7     1.89787    -1.48866     6.70847     -0.00139264    0.52915128   -0.00263184    0.15790015
  548    7     0.83669    -1.25473     7.77055     -0.00132745    0.52915128   -0.00250863    0.14997108
  549    7    -0.62405    -1.52244     8.09219     -0.00156812    0.52915128   -0.00296347    0.14851679
  550    7    -1.87728    -2.18051     7.53972     -0.00146361    0.52915128   -0.00276595    0.14883821
  551    7    -2.40218    -2.95547     6.34273     -0.00122829    0.52915128   -0.00232125    0.15095297
  552    7    -1.98061    -3.52526     4.99867     -0.00129794    0.52915128   -0.00245287    0.15728564
  553    7    -0.78777    -3.65308     4.06611     -0.00165452    0.52915128   -0.00312675    0.16539230
  554   15    -4.28747    -1.69397     4.06226     -0.00079682    0.24963830   -0.00319190    0.17192207
  555   15    -4.27253    -1.68560     5.21487     -0.00180367    0.55960215   -0.00322314    0.16229360
  556   15    -4.18287    -0.94577     6.39075     -0.00183079    0.55960215   -0.00327159    0.15678886
  557   15    -4.04409     0.36384     6.84212     -0.00183760    0.55960215   -0.00328376    0.15573587
  558   15    -3.91718     1.66752     6.37057     -0.00182234    0.55960215   -0.00325649    0.15645195
  559   15    -3.85794     2.39221     5.18339     -0.00175651    0.55960215   -0.00313886    0.16194938
  560   15    -3.87268     2.38579     4.03076     -0.00079194    0.24963830   -0.00317237    0.17104923
  561    7    -3.98433    -2.00355     4.47854     -0.00151469    0.53855663   -0.00281249    0.16592968
  562    7    -3.93054    -1.65713     5.99498     -0.00140359    0.53855663   -0.00260621    0.15525690
  563    7    -3.79518    -0.44282     6.95914     -0.00165889    0.53855663   -0.00308026    0.15304229
  564    7    -3.63776     1.10558     6.94718     -0.00164187    0.53855663   -0.00304866    0.15281126
  565    7    -3.52746     2.30741     5.96437     -0.00138654    0.53855663   -0.00257454    0.15481653
  566    7    -3.51279     2.63436     4.44274     -0.00149536    0.53855663   -0.00277661    0.16531478
  567   16     0.36614     3.70192     4.43857     -0.00062751    0.23446490   -0.00267637    0.16345843
  568   16    -0.55237     3.85569     4.99279     -0.00150562    0.51785245   -0.00290743    0.15997773
  569   16    -1.30560     3.61277     6.04034     -0.00146932    0.51785245   -0.00283733    0.15374202
  570   16    -1.36805     2.94456     7.16876     -0.00138411    0.51785245   -0.00267278    0.15062045
  571   16    -0.71564     2.10869     7.94297     -0.00145212    0.51785245   -0.00280412    0.15025591
  572   16     0.40009     1.42743     8.06448     -0.00161355    0.51785245   -0.00311585    0.15082153
  573   16     1.54897     1.16344     7.48644     -0.00134928    0.51785245   -0.00260553    0.15428271
  574   16     2.24137     1.29937     6.66390     -0.00076355    0.23446490   -0.00325658    0.16004124
  575    7    -0.19501     3.67713     4.28149     -0.00160630    0.51299152   -0.00313125    0.16383366
  576    7    -1.31688     3.69662     5.22893     -0.00125305    0.51299152   -0.00244264    0.15562864
  577    7    -1.79678     3.16056     6.50916     -0.00114569    0.51299152   -0.00223336    0.15007723
  578    7    -1.44967     2.27564     7.62856     -0.00133204    0.51299152   -0.00259661    0.14856053
  579    7    -0.40940     1.38304     8.15556     -0.00144983    0.51299152   -0.00282623    0.14849074
  580    7     0.92297     0.82691     7.88695     -0.00129995    0.51299152   -0.00253406    0.14973472
  581    7     2.03373     0.82166     6.92632     -0.00133076    0.51299152   -0.00259412    0.15702245
  582   12     2.37151    -2.20746    -5.81208     -0.00031663    0.60927800   -0.00051968    0.15895319
  583    8     3.74814    -1.76356    -4.81861     -0.00054723    0.60927800   -0.00089816    0.16499240
  584   13     2.67360     1.91233    -5.82552     -0.00248360    1.46401390   -0.00169643    0.16160455
  585    8     3.95075     1.18283    -4.97882     -0.00301497    1.46401390   -0.00205939    0.16775607
  586   14     2.36211    -2.27703     5.76031     -0.00064856    0.60935488   -0.00106433    0.15906819
  587    9     3.75756    -1.69398     4.87040     -0.00060344    0.60935488   -0.00099030    0.16516389
  588   16     2.67953     1.72948     5.93760     -0.00235783    1.46412932   -0.00161040    0.16147903
  589    9     3.94487     1.36559     4.86677     -0.00313719    1.46412932   -0.00214270    0.16733684
  590   11    -4.76689    -1.10065    -3.32864     -0.00171036    0.82085895   -0.00208363    0.17749553
  591   11    -5.12895    -0.07148    -3.34842     -0.00470557    1.64088503   -0.00286770    0.17983486
  592   11    -4.86623     1.23350    -3.28338     -0.00445410    1.64088503   -0.00271445    0.18002015
  593   10    -5.11253    -0.75342    -1.88479     -0.00568136    1.64088503   -0.00346237    0.19110388
  594   10    -5.28822     0.56766    -1.87408     -0.00583963    1.64088503   -0.00355883    0.19110063
  595   10    -4.85890     1.56778    -1.79577     -0.00214591    0.82085895   -0.00261422    0.18830721
  596   15    -4.67726     1.60371     3.25062     -0.00181236    0.82086036   -0.00220787    0.17770514
  597   15    -5.10658     0.60359     3.32893     -0.00469494    1.64088780   -0.00286122    0.17994255
  598   15    -4.93089    -0.71748     3.33963     -0.00438607    1.64088780   -0.00267299    0.17976871
  599   10    -5.04787     1.19755     1.82849     -0.00525813    1.64088780   -0.00320444    0.19097661
  600   10    -5.31059    -0.10743     1.89352     -0.00593472    1.64088780   -0.00361677    0.19110885
  601   10    -4.94853    -1.13660     1.87374     -0.00220961    0.82086036   -0.00269182    0.18847973
