COSMO Results from DMol3

Note: COSMO for ideal conductor limit (fepsi= 1.0000)
  Basic Grid Size                  =   1082
  Number of Segments on an Atom    =     92
  Number of Segments on Hydrogen   =     32
  Solvent Radius    [au]           =   2.46
  A - Matrix Cutoff [au]           =  13.23
  factor for Outlying Charge corr  =   0.85
  maximum segment or cutoff radius =   1.44
  total number of segments         =    686
  number of charge corr segments   =    298




$coordinates xyz [au]                         and cosmo atom analysis:   radius   charge    area  charge density  (srad)
C            -5.49979490170357    0.10195470977082   -0.00993732713396   3.7795  -0.0272    57.23    -0.00048    6.2361
C            -2.67728109438751    0.03724926270851    0.02890216289043   3.7795  -0.0170    17.87    -0.00095    6.2361
C            -1.23943682885362    2.27639912180520    0.05149062429059   3.7795  -0.0352    43.69    -0.00080    6.2361
C             1.36879361046068    2.18875824639810    0.05243632828121   3.7795  -0.0797    48.87    -0.00163    6.2361
C            -1.32382044381030   -2.24957376047222    0.00966614933533   3.7795  -0.0340    43.71    -0.00078    6.2361
C             1.28958791689607   -2.25718226083434    0.00855834841716   3.7795  -0.0809    48.33    -0.00167    6.2361
N             2.61704770477702   -0.05957527159549    0.03312376570024   3.4582  -0.0133     6.17    -0.00215    5.9148
C             5.41877540910997   -0.09118186133263   -0.03330637203539   3.7795  -0.0917    60.34    -0.00152    6.2361
H            -6.32679004259107   -1.68815842939462    0.62918689079807   2.4566  -0.0435    23.38    -0.00186    4.9133
H            -6.16731356802328    0.44299267836960   -1.95670442702964   2.4566  -0.0486    24.99    -0.00194    4.9133
H            -6.24056119511100    1.65170891358507    1.15720718021602   2.4566  -0.0452    24.02    -0.00188    4.9133
H            -2.15886092926879    4.12185929293319    0.08253277362118   2.4566  -0.0687    24.60    -0.00279    4.9133
H             2.54724076818549    3.87635341824975    0.07892666972809   2.4566  -0.0788    22.52    -0.00350    4.9133
H            -2.30649420864205   -4.06189045784122    0.00599587223276   2.4566  -0.0674    24.19    -0.00278    4.9133
H             2.40145486806448   -3.98901861224209   -0.00051699704744   2.4566  -0.0785    22.06    -0.00356    4.9133
H             6.06300975072989    0.26501556771962   -1.97234355666541   2.4566  -0.0646    25.20    -0.00256    4.9133
H             6.09013759128504   -1.94172755569381    0.60063361281930   2.4566  -0.0618    21.85    -0.00283    4.9133
H             6.14430559288258    1.37601699786662    1.23414830158148   2.4566  -0.0635    23.15    -0.00274    4.9133
$end


$cosmo_energy               [Hartree atomic units]       [eV]     [kcal/mol]
  Total energy                 =       -327.444417
  Total energy + OC corr.      =       -327.440900
  Dielectric energy            =         -0.083213      -2.264      -52.22
  Diel. energy + OC corr.      =         -0.079695      -2.169      -50.01

  Surface area of cavity [au]  =           562.188
  Total Volume of cavity [au]  =          1021.238


$screening_charge
  cosmo           =   -1.02288
  corrected total =   -0.99950


$segment information
    n  atom        position (X, Y, Z) [au]            charge       area [au]   charge/area    potential [au]

    1    1    -7.53521     0.08193     3.17454      0.00042758    0.99538612    0.00042956    0.11525396
    2    1    -9.22846    -0.17751    -0.56043     -0.00001469    1.32718149   -0.00001107    0.10887187
    3    1    -6.65218    -2.37626    -2.62042      0.00034093    1.32718149    0.00025688    0.12378592
    4    1    -6.63964     3.57709    -0.96310      0.00022443    0.99538612    0.00022547    0.12739862
    5    1    -5.89535     3.24552    -2.07049     -0.00003864    0.33179537   -0.00011647    0.13332479
    6    1    -7.11058    -2.81139    -1.79932      0.00027677    0.99538612    0.00027805    0.12289751
    7    1    -9.04623    -1.20107    -0.10490     -0.00015324    1.49307918   -0.00010263    0.11217733
    8    1    -7.52415    -0.81337     3.04756      0.00049536    1.16128380    0.00042656    0.11574405
    9    1    -5.31620    -1.77926     3.26291     -0.00027439    0.66359074   -0.00041350    0.13122458
   10    1    -7.85338     2.94178    -0.83473      0.00023892    1.16128380    0.00020574    0.11880721
   11    1    -7.58710     2.84760    -1.55553      0.00032412    0.82948843    0.00039075    0.12034251
   12    1    -5.18250    -0.91481     3.61632     -0.00007487    1.16128380   -0.00006447    0.12728040
   13    1    -6.38911    -0.49934     3.61384      0.00052253    1.49307918    0.00034997    0.11891543
   14    1    -8.49805    -0.07250     2.28444      0.00050962    1.82487455    0.00027926    0.11159591
   15    1    -9.18796    -0.11458     0.78671      0.00009472    1.49307918    0.00006344    0.10877557
   16    1    -8.82011    -0.87202    -1.53014     -0.00000336    1.49307918   -0.00000225    0.11240090
   17    1    -7.86431    -1.91559    -2.15999      0.00041799    1.32718149    0.00031494    0.11721615
   18    1    -5.93484    -2.88143    -2.28904     -0.00010186    1.16128380   -0.00008771    0.12969986
   19    1    -5.03325     1.12216     3.59919     -0.00029433    0.49769306   -0.00059140    0.13271462
   20    1    -6.53786     0.44431     3.60799      0.00000507    0.82948843    0.00000612    0.12118881
   21    1    -8.74902     2.02812    -0.13891     -0.00015675    1.32718149   -0.00011811    0.11407985
   22    1    -9.18419     0.93451    -0.13725      0.00000409    1.65897686    0.00000246    0.10934673
   23    1    -8.99965     0.51214    -1.37629     -0.00026981    1.16128380   -0.00023234    0.11250200
   24    1    -5.38615    -2.07114    -3.10008      0.00012919    0.82948843    0.00015574    0.13331197
   25    1    -4.66431    -1.26490    -3.43309     -0.00020353    0.16589769   -0.00122684    0.14031722
   26    1    -6.58656     3.32680    -1.65422      0.00018544    0.82948843    0.00022357    0.12661449
   27    1    -8.50129    -1.79198    -1.30923      0.00023056    1.16128380    0.00019854    0.11425246
   28    1    -8.87602    -0.69733     1.48884      0.00004787    0.99538612    0.00004809    0.11157834
   29    1    -6.21978    -1.35855     3.40074      0.00002128    0.66359074    0.00003206    0.12337682
   30    1    -8.66115     1.78986    -1.21036      0.00010708    1.49307918    0.00007172    0.11398712
   31    1    -5.36938     0.25467     3.76417      0.00045127    1.49307918    0.00030224    0.12602080
   32    1    -8.99217     0.92966     1.17429     -0.00032687    1.32718149   -0.00024629    0.11210803
   33    2    -3.25961    -0.86238     3.65325     -0.00028810    0.49769306   -0.00057888    0.13722557
   34    2    -3.15021     0.68785     3.72180     -0.00035122    0.82948843   -0.00042342    0.13757736
   35    2    -3.12668    -0.15635     3.77656     -0.00044339    0.66359074   -0.00066817    0.13672029
   36    2    -2.50535    -0.65870     3.73976      0.00063209    0.49769306    0.00127005    0.13776462
   37    2    -1.97009     0.07557    -3.68358      0.00010460    1.32718149    0.00007881    0.14198373
   38    2    -2.79022     0.69594    -3.69098     -0.00022422    0.99538612   -0.00022525    0.14143226
   39    2    -2.92441    -0.60185    -3.68790     -0.00019760    0.82948843   -0.00023822    0.14086264
   40    2    -2.14226     0.14841     3.76866      0.00007133    0.99538612    0.00007166    0.13856755
   41    3    -0.71247     1.37622     3.68416      0.00009095    0.33179537    0.00027412    0.14271575
   42    3    -2.89965     3.03213     3.36162     -0.00022611    0.49769306   -0.00045431    0.13929724
   43    3    -0.79632     4.79807     2.83162     -0.00034674    0.99538612   -0.00034835    0.14661962
   44    3    -2.05241     3.76037    -3.32802     -0.00031699    1.32718149   -0.00023885    0.13844793
   45    3    -2.49524     4.50706    -2.72903     -0.00072124    1.16128380   -0.00062107    0.14385149
   46    3    -0.50569     5.65174    -1.48242     -0.00005228    0.33179537   -0.00015756    0.15988189
   47    3    -0.79288     5.42222     2.09812     -0.00046682    0.99538612   -0.00046898    0.15529823
   48    3    -3.10977     4.00137     2.84626     -0.00065037    0.82948843   -0.00078406    0.14427390
   49    3    -2.44986     3.65130     3.35738     -0.00015094    0.82948843   -0.00018197    0.13865834
   50    3    -1.38474     4.24996     3.27147     -0.00019687    0.82948843   -0.00023734    0.14056650
   51    3    -0.71651     5.33823    -2.10162     -0.00057769    0.66359074   -0.00087055    0.15277456
   52    3    -1.05491     4.47866    -3.01447      0.00001886    1.49307918    0.00001263    0.14243569
   53    3    -3.10261     3.67725    -2.92348     -0.00044330    0.66359074   -0.00066803    0.14182829
   54    3    -2.23999     2.57463     3.68389     -0.00016255    1.16128380   -0.00013997    0.13687702
   55    3    -1.43276     1.79589     3.79530      0.00020655    0.82948843    0.00024901    0.13796730
   56    3    -0.88743     2.38531     3.81295      0.00022780    0.82948843    0.00027462    0.13845184
   57    3    -0.72087     3.60032     3.55330      0.00032094    0.99538612    0.00032243    0.14020813
   58    3    -0.99914     3.18793    -3.60850      0.00020535    1.82487455    0.00011253    0.13899351
   59    3    -2.26394     2.67437    -3.56462     -0.00034203    1.32718149   -0.00025771    0.13842399
   60    3    -1.42022     5.05875    -2.49998     -0.00054162    0.82948843   -0.00065296    0.14711699
   61    3    -2.11384     4.54636     2.94407     -0.00074075    1.16128380   -0.00063787    0.14370893
   62    3    -3.47970     4.12676    -2.36546     -0.00057301    0.49769306   -0.00115133    0.14733060
   63    3    -1.04547     1.82961    -3.69643      0.00043915    1.65897686    0.00026471    0.14114830
   64    3    -1.53332     3.26074     3.68867     -0.00010126    0.99538612   -0.00010173    0.13694829
   65    4     1.03818     1.15568     3.67289     -0.00065886    0.66359074   -0.00099288    0.15442994
   66    4     1.07491     4.54542     2.99248     -0.00036275    1.16128380   -0.00031237    0.15327939
   67    4     2.18208     3.75524    -3.28956     -0.00103408    1.16128380   -0.00089046    0.15616725
   68    4     2.23166     4.60712    -2.72087     -0.00152760    1.16128380   -0.00131544    0.16061815
   69    4     1.64977     5.03142     2.52719     -0.00096814    0.66359074   -0.00145893    0.16127968
   70    4     0.88049     5.85131    -0.74216     -0.00151664    0.66359074   -0.00228550    0.17171910
   71    4     1.18527     1.10829    -3.56465     -0.00067046    0.66359074   -0.00101036    0.15842166
   72    4     1.10480     5.41004     2.01146     -0.00111108    0.66359074   -0.00167435    0.16367847
   73    4     1.90787     4.14431     3.24138     -0.00106678    1.16128380   -0.00091862    0.15542371
   74    4     2.84062     3.49874     3.27762     -0.00109395    0.99538612   -0.00109902    0.16208729
   75    4     2.97724     3.36392    -3.15944     -0.00155135    0.99538612   -0.00155854    0.16352744
   76    4     1.15879     4.51503    -2.91886     -0.00087893    1.16128380   -0.00075686    0.15284091
   77    4     0.96711     5.26918    -2.10020     -0.00009002    0.66359074   -0.00013566    0.15973201
   78    4     1.06905     3.47091     3.59509     -0.00053204    1.16128380   -0.00045815    0.14864438
   79    4     1.04167     2.17115     3.81766     -0.00021990    1.16128380   -0.00018936    0.14945222
   80    4     1.76183     1.42714     3.73342     -0.00058757    0.66359074   -0.00088544    0.15683328
   81    4     2.48284     2.09817     3.66282     -0.00172786    1.16128380   -0.00148789    0.16008283
   82    4     2.01001     1.68249    -3.63767     -0.00081251    0.66359074   -0.00122441    0.16026456
   83    4     2.22281     2.61226    -3.60483     -0.00138483    1.32718149   -0.00104344    0.15786927
   84    4     1.10188     3.33686    -3.53851     -0.00044370    1.65897686   -0.00026745    0.14951051
   85    4     3.39360     3.98376    -2.58619     -0.00158126    0.82948843   -0.00190631    0.17048151
   86    4     2.86474     4.23145     2.85844     -0.00159258    0.99538612   -0.00159996    0.16603629
   87    4     0.96302     5.73166     1.30436     -0.00075642    0.33179537   -0.00227979    0.16980844
   88    4     1.53028     5.35710    -2.00176     -0.00123381    0.82948843   -0.00148743    0.16411307
   89    4     1.03099     1.96431    -3.70520     -0.00080525    1.32718149   -0.00060674    0.15229919
   90    4     1.98999     2.85673     3.72014     -0.00122046    1.32718149   -0.00091958    0.15407674
   91    5    -0.76561    -1.42659    -3.63663      0.00017544    0.66359074    0.00026438    0.14396511
   92    5    -3.17619    -3.11570    -3.16884     -0.00042278    0.82948843   -0.00050969    0.13914383
   93    5    -0.96867    -4.82671    -2.73198     -0.00029050    0.99538612   -0.00029185    0.14639884
   94    5    -2.18751    -3.65337     3.41077     -0.00028824    1.32718149   -0.00021718    0.13688420
   95    5    -2.89657    -4.22561     2.82141     -0.00088011    0.99538612   -0.00088419    0.14278011
   96    5    -0.70751    -5.62486     1.59455      0.00000249    0.33179537    0.00000750    0.15961818
   97    5    -0.98683    -5.43948    -1.98917     -0.00054798    0.99538612   -0.00055052    0.15490258
   98    5    -3.50091    -3.96672    -2.55861     -0.00080636    0.82948843   -0.00097211    0.14474354
   99    5    -2.63687    -3.69826    -3.22477     -0.00023314    0.99538612   -0.00023422    0.13834385
  100    5    -1.53774    -4.26520    -3.18030     -0.00016942    0.82948843   -0.00020425    0.14028172
  101    5    -1.04357    -5.23414     2.31141     -0.00097749    0.99538612   -0.00098202    0.15103212
  102    5    -1.12387    -4.40376     3.10865      0.00004103    1.32718149    0.00003092    0.14189101
  103    5    -3.23648    -3.42443     3.05032     -0.00053464    0.82948843   -0.00064454    0.13976287
  104    5    -2.33041    -2.47981    -3.62601     -0.00012311    1.32718149   -0.00009276    0.13723196
  105    5    -1.50060    -1.81911    -3.74104      0.00016886    0.82948843    0.00020357    0.13898539
  106    5    -0.97606    -2.42729    -3.74957      0.00021803    0.82948843    0.00026285    0.13924660
  107    5    -0.85175    -3.64330    -3.47158      0.00030849    0.99538612    0.00030992    0.14048697
  108    5    -1.11500    -3.11367     3.68307      0.00021028    1.82487455    0.00011523    0.13737626
  109    5    -2.43734    -2.55585     3.60833     -0.00018395    1.49307918   -0.00012320    0.13593042
  110    5    -1.99181    -4.77537     2.74066     -0.00045758    0.99538612   -0.00045970    0.14469591
  111    5    -2.27667    -4.53116    -2.84880     -0.00069357    1.16128380   -0.00059725    0.14285097
  112    5    -1.11415    -1.75338     3.75052      0.00057311    1.65897686    0.00034546    0.13897719
  113    5    -1.65193    -3.27782    -3.61241     -0.00009818    0.99538612   -0.00009863    0.13708353
  114    6     1.03563    -1.22522    -3.61840     -0.00069630    0.66359074   -0.00104930    0.15664322
  115    6     0.93366    -4.61133    -2.92666     -0.00038455    1.16128380   -0.00033115    0.15323515
  116    6     2.07693    -3.82634     3.35551     -0.00118625    1.32718149   -0.00089381    0.15557068
  117    6     2.02999    -4.69715     2.79829     -0.00160395    1.16128380   -0.00138119    0.16059234
  118    6     1.65169    -5.01026    -2.55535     -0.00128056    0.99538612   -0.00128649    0.16086583
  119    6     0.65128    -5.89508     0.81005     -0.00145877    0.66359074   -0.00219830    0.17197106
  120    6     1.11213    -1.15725     3.62006     -0.00066171    0.66359074   -0.00099717    0.15565551
  121    6     0.92009    -5.47288    -1.94257     -0.00126851    0.66359074   -0.00191158    0.16326041
  122    6     1.85861    -4.10924    -3.23649     -0.00106830    1.16128380   -0.00091993    0.15526455
  123    6     2.92808    -3.47596    -3.17172     -0.00064846    0.99538612   -0.00065147    0.16320238
  124    6     2.96723    -3.19805     3.26195     -0.00133877    0.99538612   -0.00134497    0.16344089
  125    6     0.95959    -4.56270     2.98511     -0.00098578    1.16128380   -0.00084887    0.15258840
  126    6     0.74691    -5.31181     2.16700     -0.00007735    0.66359074   -0.00011656    0.16008865
  127    6     0.91662    -3.46076    -3.55466     -0.00066216    1.32718149   -0.00049892    0.14901230
  128    6     1.00106    -2.24058    -3.75983     -0.00032595    1.16128380   -0.00028068    0.15099797
  129    6     1.74874    -1.52482    -3.67073     -0.00073285    0.66359074   -0.00110436    0.15908692
  130    6     2.44236    -2.22311    -3.59064     -0.00122154    1.16128380   -0.00105189    0.16133524
  131    6     2.03261    -1.76092     3.68088     -0.00083765    0.82948843   -0.00100984    0.15769768
  132    6     2.15077    -2.64123     3.66850     -0.00157798    1.49307918   -0.00105686    0.15583731
  133    6     0.99599    -3.40760     3.59667     -0.00040169    1.49307918   -0.00026904    0.14840766
  134    6     3.09271    -4.14713     2.74006     -0.00151692    0.82948843   -0.00182874    0.16889952
  135    6     2.87460    -4.21694    -2.80771     -0.00163123    0.99538612   -0.00163879    0.16581951
  136    6     0.75885    -5.78617    -1.23591     -0.00047601    0.33179537   -0.00143466    0.16943549
  137    6     1.30719    -5.42191     2.07455     -0.00088708    0.82948843   -0.00106943    0.16450939
  138    6     0.98675    -2.07060     3.77123     -0.00070943    1.16128380   -0.00061090    0.15005194
  139    6     1.92097    -2.96214    -3.65049     -0.00110344    1.32718149   -0.00083141    0.15479868
  140    7     2.82018    -0.12437    -3.41848     -0.00046632    0.27778738   -0.00167871    0.17182855
  141    7     2.45539    -0.18098     3.48543     -0.00002652    0.13889369   -0.00019094    0.16458689
  142    7     3.09497     0.34011     3.43476     -0.00027312    0.13889369   -0.00196643    0.16883835
  143    7     2.82230    -0.14377     3.48422     -0.00024644    0.27778738   -0.00088714    0.16612888
  144    7     2.45067    -0.15843    -3.41964     -0.00011050    0.13889369   -0.00079559    0.16937887
  145    8     4.63976    -0.73690     3.60820     -0.00078792    0.66359074   -0.00118737    0.16277828
  146    8     7.41501     3.04109    -0.73191     -0.00049326    0.99538612   -0.00049554    0.15543117
  147    8     9.10737    -0.70050    -0.58748     -0.00150598    1.32718149   -0.00113472    0.14503321
  148    8     6.21900    -3.21958    -1.99723     -0.00103502    1.16128380   -0.00089127    0.16195092
  149    8     4.58559     0.23625     3.63861     -0.00095837    0.66359074   -0.00144422    0.16473133
  150    8     5.59370    -0.27338     3.73771     -0.00103273    1.32718149   -0.00077814    0.15664589
  151    8     6.86194    -0.12393     3.45961     -0.00020716    0.99538612   -0.00020812    0.15252965
  152    8     5.21567    -1.51103     3.46343     -0.00114610    1.16128380   -0.00098692    0.16134666
  153    8     5.95066    -1.54012     3.41662     -0.00058497    0.82948843   -0.00070522    0.15753524
  154    8     4.46444    -1.22453    -3.51023      0.00066859    0.33179537    0.00201506    0.17255821
  155    8     6.80509    -2.49879    -2.59567     -0.00061186    1.32718149   -0.00046102    0.15441994
  156    8     8.82277    -0.40384    -1.64549     -0.00198047    1.49307918   -0.00132643    0.14823212
  157    8     7.49280     2.68091    -1.54924     -0.00032423    0.82948843   -0.00039087    0.15375878
  158    8     7.94515    -0.40036     2.76063     -0.00081208    1.65897686   -0.00048951    0.14821588
  159    8     7.77587    -1.21669     2.69828     -0.00062072    0.82948843   -0.00074832    0.15026727
  160    8     6.63337     3.33711    -1.06079     -0.00033171    0.82948843   -0.00039990    0.16069906
  161    8     8.36739     2.20325    -0.60369     -0.00137065    1.82487455   -0.00075109    0.14959527
  162    8     9.06151     0.64090    -0.72515     -0.00159433    1.49307918   -0.00106781    0.14546775
  163    8     8.64302    -1.53389    -1.37753     -0.00091198    1.16128380   -0.00078532    0.14687091
  164    8     7.54695    -2.67842    -1.78295     -0.00084264    1.32718149   -0.00063491    0.15258276
  165    8     5.70728    -2.55318    -2.88629     -0.00069955    1.16128380   -0.00060239    0.16149794
  166    8     8.74254     0.26464     1.73026     -0.00205949    1.82487455   -0.00112856    0.14819292
  167    8     9.15487    -0.19963     0.52700     -0.00225732    1.99077223   -0.00113389    0.14489454
  168    8     8.90064    -1.55692     0.07781     -0.00170323    1.32718149   -0.00128334    0.14878782
  169    8     5.19142     0.50429     3.69202     -0.00044223    0.49769306   -0.00088857    0.16305037
  170    8     6.75049    -1.04191     3.37359     -0.00057719    1.32718149   -0.00043490    0.15152358
  171    8     5.11376    -1.93889    -3.31617     -0.00108097    0.49769306   -0.00217196    0.16712882
  172    8     8.03796    -1.83164    -2.12969     -0.00073715    0.99538612   -0.00074056    0.14954640
  173    8     8.62143     1.41433    -1.36015     -0.00146610    1.32718149   -0.00110467    0.14890261
  174    8     6.32279     3.07008    -1.89699     -0.00061132    0.99538612   -0.00061415    0.16299049
  175    8     8.73922    -1.04202     1.50121     -0.00157179    1.49307918   -0.00105272    0.14767326
  176    8     8.94180     1.21439     0.37646     -0.00220415    1.65897686   -0.00132862    0.14816773
  177    8     8.39964    -2.23551    -0.92800     -0.00090669    0.82948843   -0.00109308    0.15097816
  178    9    -7.71909    -3.67191     1.03099     -0.00256112    1.19156013   -0.00214939    0.13037530
  179    9    -7.61128    -2.38799     2.60287     -0.00192167    1.26165190   -0.00152314    0.12555629
  180    9    -6.19540    -3.43060     2.35596     -0.00223027    1.05137659   -0.00212129    0.13812851
  181    9    -7.11661    -3.67620    -0.57875     -0.00208667    1.26165190   -0.00165392    0.13230472
  182    9    -8.62271    -2.55382     0.74984     -0.00212517    1.33174368   -0.00159578    0.12252809
  183    9    -7.18744    -3.37387     2.19533     -0.00226745    1.12146836   -0.00202186    0.13173832
  184    9    -6.64465    -3.99803     1.40290     -0.00294258    1.26165190   -0.00233232    0.13834434
  185    9    -7.01907    -4.02255     0.30276     -0.00254617    1.19156013   -0.00213684    0.13537700
  186    9    -8.13501    -3.17638    -0.11294     -0.00250628    1.54201899   -0.00162532    0.12576569
  187    9    -8.08963    -3.04070     1.67712     -0.00224816    1.12146836   -0.00200466    0.12644786
  188    9    -6.54530    -2.64033     2.88323     -0.00153621    1.05137659   -0.00146114    0.13156849
  189    9    -8.43454    -2.12446     1.81332     -0.00142477    1.05137659   -0.00135514    0.12182758
  190   10    -6.86067     0.83936    -4.27991     -0.00255784    1.12146836   -0.00228079    0.13223533
  191   10    -7.31540    -0.96024    -3.61440     -0.00180195    1.12146836   -0.00160678    0.12769980
  192   10    -5.45228    -0.30854    -4.18361     -0.00204464    1.12146836   -0.00182318    0.13806612
  193   10    -5.48112     1.77624    -3.90266     -0.00218603    0.98128481   -0.00222773    0.13939548
  194   10    -7.19156     2.39481    -3.04134     -0.00208166    1.33174368   -0.00156311    0.12944455
  195   10    -8.36367     0.72524    -3.02038     -0.00227544    1.26165190   -0.00180354    0.12399547
  196   10    -6.59735    -0.11316    -4.31062     -0.00275420    1.26165190   -0.00218301    0.13267489
  197   10    -5.51814     0.81630    -4.29645     -0.00356168    1.61211077   -0.00220933    0.13861653
  198   10    -6.59229     1.76398    -3.98390     -0.00256326    1.19156013   -0.00215118    0.13349094
  199   10    -7.65898     1.38809    -3.66458     -0.00262819    1.19156013   -0.00220567    0.12830168
  200   10    -7.68171     0.09023    -3.85862     -0.00276141    1.26165190   -0.00218872    0.12779185
  201   10    -6.24877    -1.02672    -3.92355     -0.00174488    1.12146836   -0.00155589    0.13315168
  202   10    -6.18262     2.45822    -3.36161     -0.00186612    1.05137659   -0.00177493    0.13541949
  203   10    -8.09846     1.72854    -2.76485     -0.00141865    0.98128481   -0.00144571    0.12471829
  204   10    -8.20799    -0.32607    -3.08775     -0.00151802    1.05137659   -0.00144384    0.12385084
  205   11    -7.31044     3.36031     2.56119     -0.00279944    1.26165190   -0.00221887    0.13140913
  206   11    -6.64442     1.98770     3.55702     -0.00203406    1.26165190   -0.00161222    0.12980801
  207   11    -8.34517     2.05299     2.35915     -0.00182443    1.12146836   -0.00162682    0.12271899
  208   11    -7.96127     3.37358     0.82642     -0.00168640    1.05137659   -0.00160399    0.12644224
  209   11    -6.67464     4.06117     0.95407     -0.00166869    0.91119304   -0.00183133    0.13661514
  210   11    -6.20138     3.14950     3.10406     -0.00314168    1.40183545   -0.00224112    0.13659608
  211   11    -7.54945     2.54609     3.03390     -0.00239454    1.19156013   -0.00200958    0.12771896
  212   11    -8.08691     3.09675     1.89064     -0.00211937    1.05137659   -0.00201580    0.12651870
  213   11    -7.24464     3.84908     1.60277     -0.00199076    0.98128481   -0.00202873    0.13254008
  214   11    -6.32062     3.85531     2.24021     -0.00303733    1.19156013   -0.00254903    0.13892938
  215   11    -5.68761     2.38969     3.43422     -0.00176547    0.98128481   -0.00179914    0.13683734
  216   11    -7.63217     1.57226     3.18012     -0.00140255    1.05137659   -0.00133401    0.12405351
  217   11    -8.53159     2.51553     1.35733     -0.00158837    1.05137659   -0.00151075    0.12259193
  218   11    -7.20838     3.78852     0.42748     -0.00089241    0.70091772   -0.00127320    0.13100530
  219   12    -3.20011     6.34683     0.10408     -0.00444399    1.47192722   -0.00301916    0.15564587
  220   12    -3.37879     5.43188     1.76504     -0.00396689    1.47192722   -0.00269503    0.15466675
  221   12    -2.81285     5.72747    -1.65799     -0.00273170    1.26165190   -0.00216518    0.15380131
  222   12    -1.41022     6.45495    -0.09461     -0.00345063    1.33174368   -0.00259107    0.16066781
  223   12    -2.12093     5.94391     1.72992     -0.00257417    1.19156013   -0.00216033    0.15596506
  224   12    -4.04802     5.67658     0.30409     -0.00515496    1.47192722   -0.00350218    0.15605784
  225   12    -3.80070     5.48838    -1.13077     -0.00564521    1.89247786   -0.00298297    0.15480884
  226   12    -2.63331     6.40164    -0.70018     -0.00378816    1.33174368   -0.00284451    0.15575755
  227   12    -1.73756     6.42618     0.82268     -0.00399940    1.54201899   -0.00259361    0.15871284
  228   12    -2.99338     6.17412     1.14415     -0.00348982    1.26165190   -0.00276607    0.15529708
  229   12    -1.75274     6.18544    -1.18703     -0.00255265    1.12146836   -0.00227617    0.15766023
  230   13     3.53550     6.11721    -0.11321     -0.00568630    1.61211077   -0.00352724    0.17454942
  231   13     2.49451     5.88888     1.48678     -0.00355786    1.26165190   -0.00282000    0.17274437
  232   13     2.22367     6.18460    -0.69719     -0.00398746    1.33174368   -0.00299416    0.17282094
  233   13     3.78554     5.13115    -1.63195     -0.00387284    1.19156013   -0.00325023    0.17626291
  234   13     3.65604     5.19504     1.83013     -0.00512169    1.47192722   -0.00347958    0.17679936
  235   13     2.29116     6.29719     0.40911     -0.00485355    1.54201899   -0.00314753    0.17315888
  236   13     3.00991     5.82169    -1.34817     -0.00463053    1.54201899   -0.00300290    0.17281612
  237   13     4.34657     5.30954    -0.78326     -0.00496509    1.33174368   -0.00372826    0.17877534
  238   13     4.40635     5.42449     0.50552     -0.00519604    1.47192722   -0.00353009    0.17965355
  239   13     3.50724     5.90435     1.07926     -0.00412607    1.26165190   -0.00327037    0.17473043
  240   14    -3.29415    -6.30476    -0.16506     -0.00429271    1.40183545   -0.00306221    0.15546393
  241   14    -3.80452    -5.19067    -1.58050     -0.00375593    1.33174368   -0.00282031    0.15367397
  242   14    -3.28825    -5.46547     1.76703     -0.00377880    1.47192722   -0.00256725    0.15376696
  243   14    -1.66985    -6.42196     0.25078     -0.00332114    1.26165190   -0.00263237    0.16022348
  244   14    -2.16698    -5.96300    -1.54369     -0.00227709    1.12146836   -0.00203046    0.15586895
  245   14    -4.14446    -5.64692    -0.37447     -0.00462050    1.40183545   -0.00329604    0.15544405
  246   14    -3.90308    -5.69732     0.90678     -0.00423675    1.33174368   -0.00318136    0.15518133
  247   14    -2.82193    -6.33079     0.79441     -0.00362117    1.26165190   -0.00287018    0.15580014
  248   14    -2.03690    -6.41271    -0.65443     -0.00382142    1.47192722   -0.00259620    0.15787853
  249   14    -3.14234    -5.86870    -1.43345     -0.00373723    1.47192722   -0.00253900    0.15401927
  250   14    -2.06559    -6.09009     1.37109     -0.00309876    1.33174368   -0.00232684    0.15706814
  251   15     3.13427    -6.32633    -0.18781     -0.00516013    1.47192722   -0.00350569    0.17468019
  252   15     2.20810    -6.14622    -1.15993     -0.00389369    1.33174368   -0.00292376    0.17272898
  253   15     1.91875    -6.27306     0.76448     -0.00357854    1.19156013   -0.00300324    0.17345386
  254   15     3.46795    -5.38209     1.71909     -0.00457356    1.40183545   -0.00326255    0.17712376
  255   15     3.83530    -5.12996    -1.63683     -0.00432595    1.19156013   -0.00363049    0.17872116
  256   15     1.96349    -6.39629    -0.22032     -0.00340327    1.12146836   -0.00303466    0.17335125
  257   15     2.74630    -6.06098     1.27351     -0.00506807    1.61211077   -0.00314375    0.17373197
  258   15     3.89860    -5.83786     0.61224     -0.00526756    1.40183545   -0.00375762    0.17851928
  259   15     4.05678    -5.70541    -0.59132     -0.00510667    1.33174368   -0.00383458    0.17914798
  260   15     3.06953    -5.74286    -1.58573     -0.00443578    1.47192722   -0.00301358    0.17396419
  261   16     6.55059     0.75547    -4.32964     -0.00341500    1.26165190   -0.00270677    0.15976220
  262   16     7.18980     2.16600    -3.04556     -0.00236595    1.19156013   -0.00198559    0.15890662
  263   16     5.57398     1.66965    -3.92759     -0.00240318    1.05137659   -0.00228575    0.16646705
  264   16     5.16263    -0.25729    -4.19755     -0.00295965    1.19156013   -0.00248384    0.16724024
  265   16     7.05135    -1.12970    -3.73672     -0.00262844    1.26165190   -0.00208333    0.15734587
  266   16     8.24684     0.34710    -3.09453     -0.00279299    1.26165190   -0.00221375    0.15402651
  267   16     6.57553     1.72492    -3.88052     -0.00281471    1.12146836   -0.00250984    0.16068270
  268   16     5.22493     0.76238    -4.22741     -0.00394552    1.40183545   -0.00281454    0.16719755
  269   16     6.35050    -0.23918    -4.35943     -0.00323109    1.26165190   -0.00256100    0.16008587
  270   16     7.46088    -0.01067    -3.97361     -0.00339420    1.26165190   -0.00269028    0.15592233
  271   16     7.55103     1.23135    -3.67150     -0.00354560    1.33174368   -0.00266237    0.15631871
  272   16     6.07365     2.35408    -3.26496     -0.00212395    0.91119304   -0.00233095    0.16588406
  273   16     5.90632    -1.12761    -3.99004     -0.00213521    1.12146836   -0.00190394    0.16306596
  274   16     7.95642    -0.65926    -3.23560     -0.00194132    1.05137659   -0.00184646    0.15455510
  275   16     8.10817     1.35664    -2.78527     -0.00198968    1.05137659   -0.00189245    0.15504587
  276   17     7.03691    -4.11828     1.23412     -0.00318612    1.12146836   -0.00284102    0.16594769
  277   17     7.07917    -3.83705    -0.60955     -0.00299027    1.33174368   -0.00224538    0.16487191
  278   17     5.85436    -3.40718     2.55818     -0.00269390    0.91119304   -0.00295646    0.17170192
  279   17     7.60440    -2.60258     2.41872     -0.00259534    1.19156013   -0.00217811    0.15835213
  280   17     8.34017    -2.76503     1.14339     -0.00252576    1.12146836   -0.00225219    0.15704764
  281   17     6.75247    -4.27598     0.21644     -0.00358786    1.19156013   -0.00301106    0.16924976
  282   17     6.26484    -4.10034     1.76035     -0.00320648    0.98128481   -0.00326763    0.17190154
  283   17     6.96708    -3.53786     2.24941     -0.00283223    1.05137659   -0.00269383    0.16381677
  284   17     7.81784    -3.27240     1.73176     -0.00279948    1.05137659   -0.00266268    0.15921937
  285   17     7.77598    -3.72855     0.58517     -0.00345360    1.26165190   -0.00273737    0.16085490
  286   17     6.44592    -2.86584     2.84887     -0.00212910    0.98128481   -0.00216971    0.16461962
  287   17     8.13518    -3.15554    -0.01538     -0.00214982    1.05137659   -0.00204477    0.15846639
  288   18     7.12138     2.89855     2.89615     -0.00397221    1.40183545   -0.00283357    0.16216516
  289   18     6.95730     3.67523     0.93803     -0.00325868    1.19156013   -0.00273480    0.16702721
  290   18     8.20944     2.70442     1.30870     -0.00265985    1.19156013   -0.00223224    0.15759420
  291   18     7.78045     1.42295     3.06606     -0.00322434    1.47192722   -0.00219056    0.15621154
  292   18     5.78388     1.80861     3.62540     -0.00313842    1.26165190   -0.00248755    0.16671031
  293   18     6.45579     3.55370     2.32764     -0.00409841    1.47192722   -0.00278439    0.16916678
  294   18     7.56912     3.36711     1.43524     -0.00351642    1.40183545   -0.00250844    0.16162085
  295   18     7.93683     2.49153     2.49013     -0.00337355    1.26165190   -0.00267391    0.15777217
  296   18     6.87536     1.62761     3.56596     -0.00332226    1.47192722   -0.00225708    0.15976193
  297   18     5.99055     2.78319     3.24196     -0.00417595    1.40183545   -0.00297892    0.16850844
  298   18     8.43943     1.80025     2.00059     -0.00223965    1.05137659   -0.00213021    0.15559341
  299    1    -4.10158     1.66737     3.26638     -0.00029930    0.16867816   -0.00177436    0.14092114
  300    2    -3.63739     1.67113     3.31372     -0.00038831    0.16867816   -0.00230208    0.14205737
  301    3    -3.38884     2.03199     3.27903     -0.00030199    0.16867816   -0.00179031    0.14207991
  302    1    -4.17437    -1.59919     3.22923     -0.00035266    0.16721477   -0.00210903    0.13838267
  303    2    -3.71092    -1.62528     3.27649     -0.00037101    0.16721477   -0.00221877    0.13994131
  304    5    -3.47574    -1.99353     3.23491     -0.00024219    0.16721477   -0.00144837    0.13983594
  305    1    -4.08245    -1.49005    -3.26563     -0.00036613    0.16721477   -0.00218960    0.14227913
  306    2    -3.61783    -1.51476    -3.30061     -0.00037592    0.16721477   -0.00224811    0.14310369
  307    5    -3.38375    -1.88431    -3.26478     -0.00027173    0.16721477   -0.00162501    0.14204418
  308    1    -4.51173    -0.98781    -3.49906     -0.00017768    0.09188715   -0.00193365    0.14191084
  309    2    -4.04777    -0.98401    -3.45433     -0.00024075    0.09188715   -0.00262004    0.14265220
  310   10    -4.72268    -0.81846    -3.62654     -0.00020589    0.09188715   -0.00224066    0.14209178
  311    2    -3.78303     0.92238     3.51229     -0.00106183    0.85814718   -0.00123736    0.13924385
  312    2    -3.82399    -0.87671     3.49153     -0.00105170    0.85814718   -0.00122555    0.13802537
  313    1    -4.47048     0.03886     3.42868     -0.00294684    1.78339401   -0.00165238    0.13779992
  314    2    -3.73758    -1.25756    -3.41856     -0.00017513    0.15512992   -0.00112892    0.14176671
  315    1    -4.40399    -1.19006    -3.44735     -0.00012389    0.15512992   -0.00079863    0.14074930
  316    1    -4.96813     2.84852    -2.58717     -0.00029066    0.15380768   -0.00188979    0.14167925
  317    3    -4.23143     3.14562    -2.50436     -0.00040226    0.15380768   -0.00261533    0.14449089
  318   10    -5.12810     2.68408    -2.77902     -0.00031751    0.15380768   -0.00206434    0.14181442
  319    1    -4.50559     1.90564     3.20549     -0.00049756    0.22860973   -0.00217646    0.14198159
  320    3    -3.78696     2.24992     3.13660     -0.00048746    0.22860973   -0.00213226    0.14302625
  321   11    -4.72290     2.10895     3.18112     -0.00041987    0.22860973   -0.00183662    0.14223342
  322    1    -4.73413     3.60308    -1.79815     -0.00055448    0.21873770   -0.00253490    0.14494089
  323    3    -4.05527     4.02352    -1.84090     -0.00055570    0.21873770   -0.00254050    0.15096302
  324   12    -4.04458     4.26004    -1.66525     -0.00063114    0.21873770   -0.00288537    0.15344968
  325    3    -3.34929     2.31046     3.36374     -0.00006223    0.14574653   -0.00042694    0.13981154
  326    1    -4.35252     1.76510     3.35773      0.00000154    0.14574653    0.00001056    0.13890592
  327    3    -3.98216     3.71155    -2.33768     -0.00078476    0.71005968   -0.00110521    0.14520214
  328    1    -5.04571     3.28145    -2.24042     -0.00060934    0.71005968   -0.00085816    0.13978981
  329    1    -4.91980    -2.43340     2.78972     -0.00045649    0.23477567   -0.00194435    0.14060490
  330    5    -4.20600    -2.79214     2.72438     -0.00048063    0.23477567   -0.00204720    0.14248118
  331    9    -5.12020    -2.62867     2.68756     -0.00055101    0.23477567   -0.00234697    0.14131022
  332    1    -4.87499    -3.40204    -1.84997     -0.00051853    0.21783132   -0.00238044    0.14353541
  333    5    -4.21299    -3.85045    -1.90095     -0.00059076    0.21783132   -0.00271202    0.15032138
  334   14    -4.20878    -4.09089    -1.73066     -0.00066514    0.21783132   -0.00305348    0.15245312
  335    5    -3.57590    -2.50420     3.18353     -0.00076082    0.90216557   -0.00084333    0.13905131
  336    1    -4.65741    -2.09451     3.10071     -0.00072722    0.90216557   -0.00080609    0.13663882
  337    5    -4.10941    -3.49806    -2.39154     -0.00131745    1.13114352   -0.00116471    0.14414576
  338    5    -3.52633    -2.46919    -3.18169     -0.00090667    1.13114352   -0.00080155    0.14022732
  339    1    -4.80298    -2.40179    -2.75594     -0.00270712    2.26972603   -0.00119271    0.13940499
  340    1    -5.68714    -3.57453    -1.13805     -0.00056511    0.30283170   -0.00186610    0.14211652
  341    9    -5.82153    -3.68827    -0.89601     -0.00070478    0.30283170   -0.00232732    0.14312725
  342   14    -4.91823    -4.13646    -0.98041     -0.00097433    0.30283170   -0.00321740    0.15020538
  343    9    -5.76453    -2.47480     2.88541     -0.00059100    0.25165689   -0.00234845    0.13651611
  344    9    -6.80256    -1.96820     2.96115     -0.00113726    0.56424597   -0.00201554    0.12940923
  345    9    -8.00760    -1.63451     2.33649     -0.00108488    0.56424597   -0.00192271    0.12329739
  346    9    -8.67249    -1.76385     1.11384     -0.00122846    0.56424597   -0.00217717    0.12213368
  347    9    -8.50328    -2.29903    -0.16624     -0.00122058    0.56424597   -0.00216321    0.12352405
  348    9    -7.57478    -3.00346    -0.93782     -0.00112518    0.56424597   -0.00199412    0.12857673
  349    9    -6.53508    -3.50782    -1.00516     -0.00054788    0.25165689   -0.00217708    0.13599059
  350    1    -5.95557    -1.93608     3.07828     -0.00094612    0.54289715   -0.00174273    0.13250795
  351    1    -7.38842    -1.35352     2.85591     -0.00079993    0.54289715   -0.00147344    0.12262206
  352    1    -8.49673    -1.23240     1.76100     -0.00081031    0.54289715   -0.00149256    0.11907496
  353    1    -8.79053    -1.62626     0.27762     -0.00090465    0.54289715   -0.00166634    0.11925557
  354    1    -8.13991    -2.36099    -0.93842     -0.00080779    0.54289715   -0.00148793    0.12232307
  355    1    -6.83252    -3.11174    -1.34949     -0.00081631    0.54289715   -0.00150363    0.13087938
  356   10    -5.21432    -0.95089    -3.74328     -0.00055141    0.23951508   -0.00230219    0.13997605
  357   10    -6.17650    -1.40885    -3.49358     -0.00108772    0.52898879   -0.00205622    0.13479833
  358   10    -7.41997    -1.29817    -3.04783     -0.00111498    0.52898879   -0.00210776    0.12774718
  359   10    -8.31638    -0.43592    -2.58942     -0.00105457    0.52898879   -0.00199356    0.12409074
  360   10    -8.51604     0.84154    -2.29718     -0.00120190    0.52898879   -0.00227207    0.12367898
  361   10    -7.94107     2.03587    -2.28512     -0.00110820    0.52898879   -0.00209495    0.12631113
  362   10    -6.81575     2.68116    -2.55794     -0.00101301    0.52898879   -0.00191500    0.13248919
  363   10    -5.78086     2.67392    -2.91406     -0.00055161    0.23951508   -0.00230302    0.13883796
  364    1    -5.35593    -1.42221    -3.41884     -0.00109886    0.52425978   -0.00209601    0.13864931
  365    1    -6.73873    -1.75976    -3.00383     -0.00085149    0.52425978   -0.00162417    0.12881887
  366    1    -7.99846    -1.18701    -2.47155     -0.00081708    0.52425978   -0.00155855    0.12227416
  367    1    -8.64371     0.07262    -2.02966     -0.00095212    0.52425978   -0.00181612    0.12023658
  368    1    -8.42276     1.52775    -1.85052     -0.00089927    0.52425978   -0.00171530    0.12133422
  369    1    -7.42181     2.61072    -2.00403     -0.00082378    0.52425978   -0.00157132    0.12630151
  370    1    -6.03133     2.89907    -2.43029     -0.00099567    0.52425978   -0.00189919    0.13648477
  371    1    -5.76063     3.93123    -0.19567     -0.00041258    0.29848927   -0.00138223    0.14137810
  372   11    -5.86504     3.96796     0.08313     -0.00068250    0.29848927   -0.00228650    0.14254155
  373   12    -4.94058     4.42732    -0.12675     -0.00092808    0.29848927   -0.00310927    0.15042081
  374   11    -6.59001     3.83264     0.07857     -0.00051019    0.23671683   -0.00215530    0.13583905
  375   11    -7.56900     3.35351     0.09343     -0.00105238    0.52312487   -0.00201172    0.12898923
  376   11    -8.42745     2.52135     0.65353     -0.00112245    0.52312487   -0.00214566    0.12396348
  377   11    -8.59392     1.68357     1.66029     -0.00115259    0.52312487   -0.00220328    0.12222310
  378   11    -8.00363     1.16620     2.72191     -0.00107615    0.52312487   -0.00205716    0.12307777
  379   11    -6.88629     1.17058     3.42525     -0.00104323    0.52312487   -0.00199422    0.12755073
  380   11    -5.67673     1.69501     3.49660     -0.00117378    0.52312487   -0.00224379    0.13633971
  381    1    -6.89797     3.55248    -0.33376     -0.00076834    0.51769944   -0.00148414    0.13122451
  382    1    -8.11925     2.76675    -0.06559     -0.00074437    0.51769944   -0.00143784    0.12266855
  383    1    -8.72254     1.78379     0.85670     -0.00082345    0.51769944   -0.00159060    0.11944449
  384    1    -8.47307     0.98612     2.07419     -0.00076291    0.51769944   -0.00147365    0.11879544
  385    1    -7.46792     0.68417     3.11308     -0.00064472    0.51769944   -0.00124535    0.12143127
  386    1    -6.09826     0.99543     3.56907     -0.00079889    0.51769944   -0.00154316    0.12919967
  387    1    -5.06282     1.58562     3.44259     -0.00046514    0.28692949   -0.00162111    0.13711387
  388   12    -4.20768     4.58222    -1.40193     -0.00177928    0.73433284   -0.00242298    0.15288415
  389   12    -4.53903     4.83861    -0.57652     -0.00203653    0.73433284   -0.00277331    0.15351474
  390    1    -5.47631     3.84854    -1.16427     -0.00170169    2.06804433   -0.00082285    0.13886781
  391   14    -4.44365    -4.45797    -1.37944     -0.00171439    0.67215949   -0.00255057    0.15246932
  392    1    -5.44778    -3.49420    -1.72443     -0.00053275    0.95896716   -0.00055555    0.13755619
  393    2    -0.95476    -0.02446     3.40852     -0.00023859    0.16795943   -0.00142051    0.14778339
  394    3    -0.72673     0.35013     3.37711     -0.00025827    0.16795943   -0.00153769    0.14950070
  395    5    -0.74080    -0.40592     3.37017     -0.00022290    0.16795943   -0.00132708    0.14925090
  396    2    -0.94567     0.03784    -3.34660     -0.00025781    0.16795943   -0.00153495    0.15004299
  397    3    -0.71774     0.41179    -3.30768     -0.00025277    0.16795943   -0.00150495    0.15163870
  398    5    -0.73182    -0.34427    -3.31472     -0.00024881    0.16795943   -0.00148137    0.15143399
  399    2    -3.44128     1.51238    -3.38986     -0.00054658    0.25140483   -0.00217411    0.14452729
  400    3    -3.19528     1.87235    -3.33128     -0.00042717    0.25140483   -0.00169915    0.14370541
  401   10    -4.15100     1.46945    -3.46751     -0.00059415    0.25140483   -0.00236333    0.14468821
  402    3    -2.61575     1.91781     3.53407     -0.00057693    0.76653035   -0.00075266    0.13978571
  403    3    -1.17720     0.99353     3.58723     -0.00032464    0.76653035   -0.00042352    0.14312120
  404    2    -2.23485     0.92540     3.49795     -0.00211906    1.58758233   -0.00133477    0.14337514
  405    3    -1.10202     1.01682    -3.50807     -0.00031433    0.66443397   -0.00047309    0.14540121
  406    3    -2.35780     1.82341    -3.52901     -0.00042122    0.66443397   -0.00063396    0.14133594
  407    2    -2.07076     0.89042    -3.48063     -0.00151427    1.35561953   -0.00111703    0.14501240
  408    5    -1.21779    -1.03806     3.56843     -0.00031851    0.77009159   -0.00041359    0.14255807
  409    5    -2.69731    -1.91309     3.49450     -0.00050435    0.77009159   -0.00065492    0.13850838
  410    2    -2.27581    -0.93295     3.47801     -0.00250519    1.59642961   -0.00156924    0.14280611
  411    5    -2.61724    -1.80677    -3.49920     -0.00051425    0.74136672   -0.00069365    0.14053194
  412    5    -1.18935    -0.96144    -3.52641     -0.00032641    0.74136672   -0.00044028    0.14491209
  413    2    -2.22252    -0.84299    -3.45438     -0.00194307    1.52932649   -0.00127054    0.14515051
  414   10    -4.61265     0.92377    -3.81310     -0.00191001    0.77458236   -0.00246585    0.14489828
  415   10    -4.75484    -0.34389    -3.82220     -0.00169843    0.77458236   -0.00219270    0.14331408
  416    2    -3.67365     0.17496    -3.58264     -0.00349778    2.10845659   -0.00165893    0.14536303
  417    3    -0.31435     0.52725     3.33519     -0.00057152    0.33569786   -0.00170250    0.15298878
  418    4     0.11893     0.51706     3.31750     -0.00070846    0.33569786   -0.00211041    0.15668417
  419    5    -0.33590    -0.22674     3.27104     -0.00066227    0.33569786   -0.00197280    0.15425175
  420    3    -0.09080     0.59360    -3.24671     -0.00061839    0.32886141   -0.00188041    0.15695035
  421    4     0.34194     0.57453    -3.26643     -0.00084194    0.32886141   -0.00256017    0.16000812
  422    6     0.33690    -0.16692    -3.21678     -0.00089703    0.32886141   -0.00272770    0.16139807
  423    3    -0.25967     5.85693    -0.66994     -0.00022524    0.03741576   -0.00601981    0.16750593
  424    4     0.16697     5.80282    -0.66067     -0.00021951    0.03741576   -0.00586681    0.16941475
  425   12    -0.52781     5.95164    -0.60003     -0.00027290    0.03741576   -0.00729360    0.16712263
  426    3    -0.26114     5.82982     0.89812     -0.00022690    0.03741576   -0.00606430    0.16750177
  427    4     0.16553     5.77604     0.88779     -0.00029740    0.03741576   -0.00794850    0.16947653
  428   12    -0.52915     5.92689     0.83102     -0.00017850    0.03741576   -0.00477059    0.16698125
  429    4     0.48632     5.60355     1.40289     -0.00159249    0.65040871   -0.00244844    0.16756946
  430    4     0.44303     4.33109     2.87316     -0.00207168    1.32786598   -0.00156016    0.15470895
  431    4     0.36679     2.06963     3.57166     -0.00143508    1.32786598   -0.00108074    0.15012114
  432    3    -0.14592     5.17677     1.99964     -0.00307691    1.32786598   -0.00231718    0.16190733
  433    3    -0.21012     3.28151     3.41801     -0.00115620    1.32786598   -0.00087072    0.14592389
  434    3    -0.27527     1.34462     3.58216     -0.00034971    0.65040871   -0.00053768    0.14683606
  435    4     0.34665     1.39598    -3.49487     -0.00064625    0.65629391   -0.00098469    0.15313675
  436    4     0.41206     3.34453    -3.28377     -0.00139193    1.34088334   -0.00103807    0.15028402
  437    4     0.47433     5.21324    -1.80061     -0.00343065    1.34088334   -0.00255850    0.16476435
  438    3    -0.24509     2.16851    -3.46716     -0.00100854    1.34088334   -0.00075214    0.14749390
  439    3    -0.16938     4.42909    -2.70571     -0.00183098    1.34088334   -0.00136550    0.15189096
  440    3    -0.12834     5.66655    -1.18495     -0.00152809    0.65629391   -0.00232837    0.16510581
  441    3    -0.32744     0.21831    -3.20991     -0.00064453    0.33619384   -0.00191714    0.15618782
  442    5    -0.33402    -0.53596    -3.27401     -0.00059696    0.33619384   -0.00177563    0.15494915
  443    6     0.09997    -0.54159    -3.25634     -0.00073729    0.33619384   -0.00219305    0.15871497
  444    5    -0.55885    -0.57099     3.46142     -0.00001130    0.07524347   -0.00015014    0.14853548
  445    3    -0.55527     0.50722     3.47487      0.00004262    0.07524347    0.00056642    0.14853754
  446    5    -0.56940    -0.50722    -3.41277      0.00003622    0.06781218    0.00053416    0.15056155
  447    3    -0.53444     0.57040    -3.39965     -0.00000530    0.06781218   -0.00007812    0.15072027
  448   10    -5.10857     2.47837    -3.16812     -0.00122152    0.81510974   -0.00149860    0.14052789
  449   10    -4.66095     1.75859    -3.60939     -0.00121437    0.81510974   -0.00148982    0.14222427
  450    3    -3.53405     2.79426    -3.12090     -0.00203732    2.32418466   -0.00087657    0.14179367
  451    3    -3.83637     4.11762     2.19624     -0.00072370    0.28631546   -0.00252762    0.15199902
  452   11    -4.71497     3.76540     2.18389     -0.00080583    0.28631546   -0.00281448    0.14780710
  453   12    -3.85602     4.35154     2.01571     -0.00089021    0.28631546   -0.00310919    0.15425530
  454   11    -4.92627     2.54105     3.16783     -0.00141828    0.79872186   -0.00177568    0.14166491
  455   11    -5.14329     3.40139     2.67230     -0.00176800    0.79872186   -0.00221354    0.14407349
  456    3    -3.68730     3.30265     2.90536     -0.00247929    2.23981961   -0.00110691    0.14387410
  457   12    -3.28892     4.82489     2.14502     -0.00081792    0.24784369   -0.00330013    0.15496128
  458   12    -2.25914     5.33791     2.14582     -0.00186195    0.55595998   -0.00334907    0.15708844
  459   12    -1.20748     5.87417     1.41305     -0.00202153    0.55595998   -0.00363611    0.16396443
  460    3    -2.76877     4.71576     2.42068     -0.00155480    0.53421724   -0.00291043    0.15322846
  461    3    -1.41343     5.39663     2.08527     -0.00152147    0.53421724   -0.00284803    0.15779900
  462    3    -0.59998     5.81657     1.21252     -0.00100633    0.30041660   -0.00334978    0.16540540
  463   12    -0.95953     6.03601    -0.86440     -0.00098648    0.27171544   -0.00363056    0.16429496
  464   12    -1.78821     5.63748    -1.71499     -0.00216806    0.62387575   -0.00347515    0.15959524
  465   12    -3.12435     4.97524    -1.91875     -0.00225697    0.62387575   -0.00361766    0.15666831
  466    3    -0.94581     5.68801    -1.38665     -0.00196193    0.57347335   -0.00342113    0.16359481
  467    3    -2.26716     5.04345    -2.20257     -0.00164551    0.57347335   -0.00286938    0.15396606
  468    3    -3.49354     4.43037    -2.07821     -0.00076619    0.32935204   -0.00232637    0.15158067
  469    4     0.34219     0.13393     3.27781     -0.00090538    0.32935739   -0.00274892    0.15937311
  470    5    -0.11294    -0.61050     3.30771     -0.00059952    0.32935739   -0.00182028    0.15482738
  471    6     0.32084    -0.60724     3.32741     -0.00083725    0.32935739   -0.00254206    0.15785856
  472    4     1.59473     0.36555    -3.35801     -0.00051088    0.16330243   -0.00312841    0.16673774
  473    6     1.58152    -0.37666    -3.36540     -0.00055413    0.16330243   -0.00339326    0.16650585
  474    7     1.80921    -0.01008    -3.34401     -0.00051290    0.16330243   -0.00314077    0.16821549
  475    4     1.57946     0.29887     3.42736     -0.00053925    0.16330243   -0.00330216    0.16345177
  476    6     1.56624    -0.44334     3.42010     -0.00047509    0.16330243   -0.00290929    0.16323273
  477    7     1.79401    -0.07642     3.40695     -0.00048155    0.16330243   -0.00294882    0.16454413
  478    6     1.07784    -0.59343     3.50937     -0.00109061    0.82850450   -0.00131636    0.15863339
  479    4     0.90903     0.46838     3.50171     -0.00117135    0.82850450   -0.00141381    0.15802266
  480    6     0.89710    -0.52163    -3.44045     -0.00127524    0.84144301   -0.00151554    0.16051289
  481    4     1.10656     0.53344    -3.44800     -0.00116573    0.84144301   -0.00138540    0.16144201
  482    4     3.03249     1.09571     3.38139     -0.00058912    0.17943808   -0.00328314    0.17001035
  483    7     3.23688     0.71456     3.36288     -0.00061539    0.17943808   -0.00342955    0.17116499
  484    8     3.70958     0.71437     3.36344     -0.00074996    0.17943808   -0.00417947    0.17241710
  485    4     2.90474     1.02999    -3.35570     -0.00101395    0.30180181   -0.00335964    0.17295985
  486    7     3.10946     0.64711    -3.35127     -0.00104040    0.30180181   -0.00344729    0.17516809
  487   16     3.84436     0.67878    -3.48570     -0.00125168    0.30180181   -0.00414735    0.17664571
  488    7     2.57342     0.47194     3.43624     -0.00131730    0.65774932   -0.00200274    0.16718600
  489    4     2.04939     0.88500     3.52712     -0.00124900    0.68881734   -0.00181325    0.16323750
  490    7     2.25041     0.35118    -3.39196     -0.00102195    0.49742482   -0.00205449    0.16917867
  491    4     2.12279     0.98575    -3.46873     -0.00108375    0.52094123   -0.00208038    0.16646847
  492    4     4.16356     3.73755    -2.04166     -0.00099226    0.22633920   -0.00438396    0.18176419
  493    8     4.81239     3.31214    -2.00716     -0.00109774    0.22633920   -0.00484996    0.17837576
  494   13     4.21591     3.96012    -1.85635     -0.00090535    0.22633920   -0.00399997    0.18297064
  495    4     4.38683     3.09182    -2.43457     -0.00077636    0.15976077   -0.00485949    0.17719501
  496    8     5.09006     2.77450    -2.51273     -0.00058708    0.15976077   -0.00367474    0.17544604
  497   16     5.22775     2.60671    -2.71455     -0.00059943    0.15976077   -0.00375207    0.17410946
  498    4     3.74838     1.86966     3.23360     -0.00109669    0.22416482   -0.00489234    0.17420996
  499    8     4.42908     1.50076     3.29298     -0.00081362    0.22416482   -0.00362955    0.17559863
  500   18     4.64366     1.70596     3.28499     -0.00077733    0.22416482   -0.00346768    0.17622556
  501    8     4.15851     1.14854     3.44352     -0.00149801    0.73582641   -0.00203582    0.17078446
  502    4     3.11522     1.55300     3.48159     -0.00126200    0.73582641   -0.00171508    0.16710755
  503    8     5.09023     3.02280    -2.38597     -0.00062078    0.32595517   -0.00190451    0.17301736
  504    4     4.14924     3.60767    -2.31307     -0.00054006    0.32595517   -0.00165687    0.17586130
  505   12    -0.67788     6.04050     0.26480     -0.00371098    0.99879619   -0.00371545    0.17010230
  506    4     0.37014     5.88351    -0.02114     -0.00381332    1.40816800   -0.00270800    0.17211914
  507    4     3.95524     3.87898     2.33546     -0.00126255    0.27925412   -0.00452113    0.18131096
  508   13     4.03580     4.09516     2.15101     -0.00112645    0.27925412   -0.00403377    0.18305475
  509   18     4.78949     3.51268     2.33926     -0.00139343    0.27925412   -0.00498984    0.18053274
  510   13     3.79276     4.46388    -1.95522     -0.00100200    0.23728433   -0.00422277    0.17966380
  511   13     2.88474     5.09806    -1.96309     -0.00220522    0.52781430   -0.00417802    0.17572790
  512   13     1.93029     5.75395    -1.28867     -0.00220682    0.52781430   -0.00418106    0.17565686
  513   13     1.49941     6.03540    -0.05128     -0.00244453    0.52781430   -0.00463142    0.17860552
  514   13     1.76754     5.82780     1.24526     -0.00231388    0.52781430   -0.00438389    0.17684231
  515   13     2.62551     5.21568     2.07303     -0.00231932    0.52781430   -0.00439419    0.17588628
  516   13     3.52472     4.58549     2.21809     -0.00099956    0.23728433   -0.00421248    0.17897697
  517    4     3.28229     4.42951    -2.24127     -0.00191945    0.51544790   -0.00372384    0.17636377
  518    4     2.07642     5.26682    -1.93963     -0.00181464    0.51544790   -0.00352051    0.17137494
  519    4     1.25908     5.81985    -0.81166     -0.00183167    0.51544790   -0.00355355    0.17612970
  520    4     1.16306     5.86341     0.68335     -0.00243799    0.51544790   -0.00472985    0.17740036
  521    4     1.82746     5.37978     1.93670     -0.00192996    0.51544790   -0.00374423    0.17244492
  522    4     2.98175     4.56587     2.43805     -0.00184826    0.51544790   -0.00358574    0.17510028
  523   16     4.33057     0.98742    -3.74557     -0.00223618    0.82028624   -0.00272609    0.17318197
  524   16     4.93809     2.04315    -3.34010     -0.00515961    1.65103765   -0.00312507    0.17454024
  525    4     3.22565     2.03750    -3.40659     -0.00442331    2.32385984   -0.00190343    0.16864690
  526    4     3.94280     3.18641    -2.83551     -0.00190606    1.17698637   -0.00161944    0.17022042
  527   18     5.13610     3.09407     2.81869     -0.00286275    0.82718751   -0.00346082    0.17675570
  528   18     4.85979     2.15450     3.28913     -0.00258547    0.82718751   -0.00312562    0.17477731
  529    4     3.71512     2.98592     3.02270     -0.00556479    2.30411585   -0.00241515    0.17306092
  530    5    -0.47351    -5.84862     0.80021     -0.00018615    0.03821069   -0.00487170    0.16660073
  531    6    -0.04455    -5.81027     0.79012     -0.00022788    0.03821069   -0.00596381    0.16934036
  532   14    -0.74429    -5.93516     0.73031     -0.00029520    0.03821069   -0.00772555    0.16709455
  533    5    -0.47417    -5.84503    -0.79776     -0.00018993    0.03821069   -0.00497070    0.16641814
  534    6    -0.04520    -5.80673    -0.78785     -0.00031459    0.03821069   -0.00823296    0.16923220
  535   14    -0.74489    -5.93188    -0.72804     -0.00021625    0.03821069   -0.00565948    0.16696759
  536    6     0.29590    -1.42252     3.55569     -0.00064251    0.64972771   -0.00098890    0.15102682
  537    6     0.29021    -3.35282     3.35682     -0.00143098    1.32613244   -0.00107906    0.14919056
  538    6     0.28419    -5.22101     1.90983     -0.00349459    1.32613244   -0.00263517    0.16457284
  539    5    -0.32449    -2.16479     3.53162     -0.00100204    1.32613244   -0.00075561    0.14566160
  540    5    -0.33131    -4.41004     2.79487     -0.00182369    1.32613244   -0.00137519    0.15125846
  541    5    -0.33555    -5.65625     1.30741     -0.00156680    0.64972771   -0.00241148    0.16492536
  542    6     0.28160    -5.64983    -1.30810     -0.00163535    0.65529501   -0.00249560    0.16728658
  543    6     0.28466    -4.38112    -2.79652     -0.00216592    1.33843096   -0.00161825    0.15491005
  544    6     0.29096    -2.10962    -3.50861     -0.00153177    1.33843096   -0.00114446    0.15158448
  545    5    -0.33558    -5.20259    -1.91199     -0.00306258    1.33843096   -0.00228819    0.16159875
  546    5    -0.33067    -3.30559    -3.35012     -0.00120739    1.33843096   -0.00090210    0.14652321
  547    5    -0.32508    -1.35732    -3.52111     -0.00042170    0.65529501   -0.00064353    0.14850650
  548    5    -4.05963    -4.03159     2.03131     -0.00077920    0.28441044   -0.00273972    0.15150109
  549    9    -4.92414    -3.70885     1.92603     -0.00083142    0.28441044   -0.00292332    0.14726438
  550   14    -4.08328    -4.26720     1.85349     -0.00086985    0.28441044   -0.00305842    0.15373884
  551    9    -5.36417    -3.26227     2.37589     -0.00194234    0.94512611   -0.00205511    0.14304856
  552    5    -4.01399    -3.45721     2.63310     -0.00134446    1.34211614   -0.00100174    0.14284584
  553   14    -1.16813    -6.00597     0.97781     -0.00092874    0.25275591   -0.00367447    0.16387877
  554   14    -1.90997    -5.60537     1.79204     -0.00186132    0.56970308   -0.00326718    0.15930363
  555   14    -3.12845    -4.94525     2.07326     -0.00173523    0.56970308   -0.00304584    0.15575060
  556    5    -1.11101    -5.66795     1.47582     -0.00184828    0.54238799   -0.00340768    0.16328210
  557    5    -2.29987    -5.02497     2.29540     -0.00155360    0.54238799   -0.00286437    0.15334624
  558    5    -3.43248    -4.41082     2.28241     -0.00087893    0.30637080   -0.00286883    0.15080436
  559   14    -3.73857    -4.60637    -1.90489     -0.00080393    0.27182776   -0.00295751    0.15396943
  560   14    -2.64468    -5.19920    -2.05726     -0.00218457    0.62432828   -0.00349907    0.15629890
  561   14    -1.47677    -5.83391    -1.34914     -0.00217930    0.62432828   -0.00349063    0.16347738
  562    5    -3.21502    -4.51958    -2.24044     -0.00178359    0.57353966   -0.00310980    0.15308856
  563    5    -1.74646    -5.31627    -2.04200     -0.00167305    0.57353966   -0.00291706    0.15684390
  564    5    -0.83351    -5.81313    -1.13775     -0.00108805    0.32948820   -0.00330224    0.16481407
  565    6     2.99788    -1.29397     3.35555     -0.00067929    0.17775739   -0.00382144    0.16872867
  566    7     3.21572    -0.92089     3.34487     -0.00062719    0.17775739   -0.00352835    0.17005873
  567    8     3.68828    -0.93155     3.34487     -0.00065643    0.17775739   -0.00369283    0.17052943
  568    6     2.84052    -1.12377    -3.36167     -0.00067962    0.17775739   -0.00382329    0.17176723
  569    7     3.05906    -0.75145    -3.34232     -0.00061851    0.17775739   -0.00347951    0.17436417
  570    8     3.53109    -0.76154    -3.36498     -0.00065145    0.17775739   -0.00366484    0.17589414
  571    7     2.33099    -0.51963     3.43383     -0.00130819    0.66189475   -0.00197643    0.16585644
  572    6     2.23910    -1.18352     3.49775     -0.00126091    0.69315253   -0.00181910    0.16359720
  573    7     2.46841    -0.52627    -3.39257     -0.00115853    0.55660419   -0.00208143    0.17038751
  574    6     1.96203    -0.93812    -3.47855     -0.00107358    0.58290608   -0.00184177    0.16542855
  575    6     4.04364    -3.85154    -2.10468     -0.00123924    0.22614499   -0.00547985    0.18164590
  576    8     4.70650    -3.44442    -2.06140     -0.00107870    0.22614499   -0.00476997    0.17750401
  577   15     4.08495    -4.08052    -1.92467     -0.00092133    0.22614499   -0.00407407    0.18334367
  578    6     4.07229    -2.85827     2.78765     -0.00110168    0.23183520   -0.00475199    0.17612930
  579    8     4.77478    -2.52554     2.84262     -0.00099536    0.23183520   -0.00429341    0.17604832
  580   17     4.94632    -2.74392     2.73796     -0.00086154    0.23183520   -0.00371617    0.17761736
  581    8     4.22001    -1.56450     3.28379     -0.00363099    1.64238414   -0.00221081    0.16994590
  582    6     3.39293    -2.38261     3.19775     -0.00371550    1.64238414   -0.00226226    0.16994658
  583    8     4.82624    -2.83501    -2.65827     -0.00281313    1.45815328   -0.00192924    0.17082256
  584    8     4.02989    -1.33111    -3.39540     -0.00328424    1.45815328   -0.00225233    0.17365124
  585    6     3.43066    -2.57330    -2.94950     -0.00913099    2.95968296   -0.00308512    0.17667797
  586   14    -0.89729    -6.03176    -0.14948     -0.00390765    1.01847729   -0.00383676    0.16996251
  587    6     0.15574    -5.90791     0.13991     -0.00394212    1.43573450   -0.00274572    0.17218311
  588    6     3.90201    -4.07431     2.16327     -0.00111751    0.26798541   -0.00417004    0.18301833
  589   15     3.96874    -4.29753     1.98210     -0.00129352    0.26798541   -0.00482684    0.18467557
  590   17     4.74010    -3.81980     2.05421     -0.00150526    0.26798541   -0.00561696    0.18282262
  591   15     3.43701    -4.72449     2.10119     -0.00104969    0.24095929   -0.00435631    0.17997532
  592   15     2.49553    -5.32834     1.98991     -0.00238172    0.53786587   -0.00442809    0.17626309
  593   15     1.57789    -5.91320     1.17580     -0.00224766    0.53786587   -0.00417885    0.17691029
  594   15     1.27136    -6.10312    -0.13450     -0.00256225    0.53786587   -0.00476374    0.17882215
  595   15     1.70467    -5.81833    -1.39071     -0.00214696    0.53786587   -0.00399162    0.17592533
  596   15     2.69585    -5.17845    -2.06526     -0.00227256    0.53786587   -0.00422514    0.17610010
  597   15     3.64151    -4.57147    -2.03856     -0.00101816    0.24095929   -0.00422545    0.18000270
  598    6     2.89844    -4.68657     2.34033     -0.00198510    0.52169708   -0.00380509    0.17576249
  599    6     1.68041    -5.46611     1.87336     -0.00199482    0.52169708   -0.00382372    0.17249332
  600    6     0.95694    -5.92399     0.61786     -0.00189861    0.52169708   -0.00363930    0.17750593
  601    6     1.03187    -5.86793    -0.89891     -0.00239365    0.52169708   -0.00458819    0.17632866
  602    6     1.87372    -5.32146    -2.03996     -0.00198260    0.52169708   -0.00380029    0.17168000
  603    6     3.12896    -4.51409    -2.32610     -0.00209551    0.52169708   -0.00401672    0.17657900
  604   17     5.11950    -3.20881     2.56417     -0.00276572    0.86397606   -0.00320115    0.17766251
  605    6     3.87909    -3.65861     2.61406     -0.00259194    1.22181094   -0.00212139    0.17453783
  606    7     3.51259    -0.41410    -3.40470     -0.00030326    0.05974988   -0.00507551    0.17601251
  607    8     3.97153    -0.43195    -3.51253     -0.00030806    0.05974988   -0.00515576    0.17640643
  608   16     4.21871    -0.32243    -3.63260     -0.00027565    0.05974988   -0.00461344    0.17621280
  609    8     4.00744     0.01443     3.47365     -0.00163904    0.75619784   -0.00216747    0.16916344
  610    7     3.32937    -0.23824     3.40689     -0.00160191    0.72169210   -0.00221966    0.16973053
  611    8     3.83569    -0.55644    -3.49725     -0.00017763    0.06325883   -0.00280805    0.17490851
  612    7     3.16473    -0.51622    -3.40374     -0.00016069    0.06036689   -0.00266189    0.17377039
  613   16     4.29851     0.03606    -3.76517     -0.00189923    0.63871956   -0.00297349    0.17476167
  614    7     3.23156     0.10454    -3.48224     -0.00140750    0.82337404   -0.00170943    0.17288263
  615    8     6.01601     3.69917    -0.07555     -0.00096785    0.27439074   -0.00352728    0.17585003
  616   13     5.28079     4.20331    -0.02240     -0.00144197    0.27439074   -0.00525516    0.18264679
  617   18     6.09381     3.72637     0.21087     -0.00083419    0.27439074   -0.00304017    0.17637349
  618   13     4.90622     4.57771    -0.53221     -0.00353215    0.85324453   -0.00413967    0.18331103
  619   13     4.45892     4.28240    -1.53686     -0.00330674    0.85324453   -0.00387549    0.18219297
  620    8     5.64613     3.56703    -1.20985     -0.00494760    2.36781197   -0.00208953    0.17325458
  621    8     5.60864    -3.73248    -1.26179     -0.00090969    0.27432390   -0.00331611    0.17806771
  622   15     4.89270    -4.25357    -1.10271     -0.00160444    0.27432390   -0.00584870    0.18452771
  623   17     5.71248    -3.86743    -1.01761     -0.00113232    0.27432390   -0.00412768    0.17929552
  624   15     4.29834    -4.40492    -1.64816     -0.00275228    0.76346552   -0.00360499    0.18293585
  625    8     5.39186    -3.63722    -1.76893     -0.00176888    1.08145816   -0.00163564    0.17188992
  626   16     5.88555     2.55518    -2.83981     -0.00066343    0.24898726   -0.00266453    0.16954833
  627   16     6.97184     2.42005    -2.50370     -0.00162633    0.55667655   -0.00292149    0.16381744
  628   16     8.04657     1.57234    -2.30235     -0.00160929    0.55667655   -0.00289089    0.15851453
  629   16     8.41873     0.24522    -2.42250     -0.00185936    0.55667655   -0.00334011    0.15738899
  630   16     7.92759    -0.98809    -2.81226     -0.00165457    0.55667655   -0.00297224    0.15797067
  631   16     6.78528    -1.59490    -3.30328     -0.00163967    0.55667655   -0.00294547    0.16194072
  632   16     5.48519    -1.31310    -3.68348     -0.00162797    0.55667655   -0.00292445    0.16959787
  633   16     4.65438    -0.53641    -3.81683     -0.00078671    0.24898726   -0.00315963    0.17353965
  634    8     6.19356     2.72452    -2.35340     -0.00156873    0.53857499   -0.00291274    0.16863173
  635    8     7.60693     2.22147    -1.97620     -0.00151442    0.53857499   -0.00281191    0.15892252
  636    8     8.46336     0.93416    -1.92814     -0.00164491    0.53857499   -0.00305418    0.15587517
  637    8     8.39294    -0.58139    -2.22996     -0.00159158    0.53857499   -0.00295517    0.15564174
  638    8     7.42608    -1.67058    -2.75131     -0.00144133    0.53857499   -0.00267619    0.15772552
  639    8     5.98039    -1.86296    -3.26699     -0.00148934    0.53857499   -0.00276533    0.16528150
  640    8     4.68030    -1.07543    -3.55428     -0.00217980    0.53857499   -0.00404735    0.17492760
  641   17     6.37873    -3.70671    -1.08402     -0.00088216    0.23881377   -0.00369392    0.17144943
  642   17     7.38670    -3.28326    -0.91543     -0.00158102    0.53020456   -0.00298190    0.16397817
  643   17     8.26567    -2.68555    -0.10154     -0.00157194    0.53020456   -0.00296478    0.16016780
  644   17     8.41829    -2.20528     1.13876     -0.00174784    0.53020456   -0.00329653    0.15917549
  645   17     7.78295    -2.03626     2.30499     -0.00152870    0.53020456   -0.00288323    0.15939816
  646   17     6.61604    -2.24669     2.92654     -0.00165983    0.53020456   -0.00313055    0.16451808
  647   17     5.57901    -2.63103     2.90287     -0.00089186    0.23881377   -0.00373454    0.17177790
  648    8     6.70805    -3.32456    -1.38639     -0.00134577    0.51986703   -0.00258868    0.16610707
  649    8     7.96394    -2.69256    -0.87158     -0.00147015    0.51986703   -0.00282794    0.15882543
  650    8     8.57229    -2.05685     0.33982     -0.00166275    0.51986703   -0.00319841    0.15716268
  651    8     8.28762    -1.67396     1.75899     -0.00159147    0.51986703   -0.00306129    0.15634632
  652    8     7.22480    -1.69837     2.81328     -0.00132179    0.51986703   -0.00254256    0.15834839
  653    8     5.81269    -2.12026     3.07725     -0.00157693    0.51986703   -0.00303332    0.16757987
  654   18     5.23825     1.48281     3.51411     -0.00074487    0.24568891   -0.00303175    0.17120766
  655   18     6.22502     0.92875     3.59063     -0.00181194    0.54843715   -0.00330382    0.16483943
  656   18     7.49128     0.71900     3.10859     -0.00161760    0.54843715   -0.00294948    0.15899735
  657   18     8.35739     1.13543     2.13074     -0.00174982    0.54843715   -0.00319057    0.15811732
  658   18     8.45565     2.00125     1.07222     -0.00187775    0.54843715   -0.00342383    0.15935694
  659   18     7.74434     2.94888     0.38243     -0.00187946    0.54843715   -0.00342694    0.16296769
  660   18     6.78206     3.53551     0.25419     -0.00077703    0.24568891   -0.00316265    0.16942414
  661    8     5.38324     0.90647     3.56176     -0.00167586    0.53214687   -0.00314925    0.16886222
  662    8     6.79954     0.34077     3.40587     -0.00142004    0.53214687   -0.00266851    0.15900786
  663    8     8.06050     0.46300     2.54257     -0.00141634    0.53214687   -0.00266155    0.15565260
  664    8     8.63077     1.22125     1.33839     -0.00161557    0.53214687   -0.00303595    0.15634777
  665    8     8.26825     2.29361     0.30454     -0.00160483    0.53214687   -0.00301576    0.15816792
  666    8     7.12685     3.22482    -0.12005     -0.00152481    0.53214687   -0.00286540    0.16525586
  667   14    -4.28433    -4.62228     1.71131     -0.00133511    0.77037128   -0.00173308    0.15018328
  668   14    -4.63481    -4.97643     0.79930     -0.00363216    1.53995083   -0.00235862    0.15241715
  669   14    -4.76204    -4.86085    -0.46174     -0.00349169    1.53995083   -0.00226741    0.15229790
  670    9    -5.66304    -4.04742     1.56733     -0.00260466    1.53995083   -0.00169139    0.14362475
  671    9    -5.98549    -4.27593     0.35755     -0.00272207    1.53995083   -0.00176763    0.14259754
  672    9    -5.98381    -4.00936    -0.64693     -0.00079263    0.77037128   -0.00102889    0.13977177
  673   12    -4.68697     4.98835     0.16624     -0.00163208    1.00674488   -0.00162114    0.15087629
  674   12    -4.28826     4.85801     1.38096     -0.00470934    2.01319712   -0.00233923    0.15370630
  675   11    -5.81099     4.20990     0.97473     -0.00343141    2.01319712   -0.00170446    0.14317809
  676   11    -5.35593     3.97035     2.15246     -0.00124514    1.00674488   -0.00123680    0.14263530
  677   18     6.14386     3.95262     0.64873     -0.00183678    0.96764719   -0.00189820    0.17254087
  678   18     5.65444     3.81175     1.86778     -0.00577629    1.93676487   -0.00298244    0.17760067
  679   13     4.87379     4.69793     0.77635     -0.00660702    1.93676487   -0.00341137    0.18326408
  680   13     4.32262     4.44756     1.95065     -0.00243368    0.96764719   -0.00251504    0.17861289
  681   17     5.30836    -4.02731     2.00012     -0.00200283    0.76645616   -0.00261310    0.17671271
  682   17     5.70085    -4.45000     1.03142     -0.00493826    1.53325908   -0.00322076    0.17842862
  683   17     5.85656    -4.33056    -0.33073     -0.00458016    1.53325908   -0.00298721    0.17759275
  684   15     4.34431    -4.83559     1.46142     -0.00531801    1.53325908   -0.00346844    0.18282466
  685   15     4.71082    -5.11516     0.16471     -0.00567299    1.53325908   -0.00369996    0.18334414
  686   15     4.72210    -4.81628    -0.92233     -0.00241327    0.76645616   -0.00314861    0.18098335
