COSMO Results from DMol3

Note: COSMO for ideal conductor limit (fepsi= 1.0000)
  Basic Grid Size                  =   1082
  Number of Segments on an Atom    =     92
  Number of Segments on Hydrogen   =     32
  Solvent Radius    [au]           =   2.46
  A - Matrix Cutoff [au]           =  13.23
  factor for Outlying Charge corr  =   0.85
  maximum segment or cutoff radius =   1.46
  total number of segments         =    575
  number of charge corr segments   =    270




$coordinates xyz [au]                         and cosmo atom analysis:   radius   charge    area  charge density  (srad)
C            -3.72486505269188    1.23516919895834    0.00000000000000   3.7795  -0.0582    49.44    -0.00118    6.2361
C            -2.45835545730327    0.81073635420896    2.27783428403322   3.7795  -0.0508    48.11    -0.00106    6.2361
C             0.02291836120548   -0.02537566481304    2.23213654057465   3.7795  -0.0871    49.24    -0.00177    6.2361
C             0.02291836120548   -0.02537566481304   -2.23213654057465   3.7795  -0.0878    49.08    -0.00179    6.2361
C            -2.45835545730327    0.81073635420896   -2.27783428403322   3.7795  -0.0498    47.94    -0.00104    6.2361
N             1.22782267656704   -0.43686016290278    0.00000000000000   3.4582  -0.0146     6.03    -0.00242    5.9148
C             3.90772505181246   -1.26966036838219    0.00000000000000   3.7795  -0.0915    59.33    -0.00154    6.2361
H            -5.68340784507239    1.88485792259422    0.00000000000000   2.4566  -0.0651    23.14    -0.00281    4.9133
H            -3.37705943206499    1.11479187670118    4.09706473656822   2.4566  -0.0677    23.50    -0.00288    4.9133
H             1.11682915859473   -0.39629518366129    3.93621093721472   2.4566  -0.0811    22.04    -0.00368    4.9133
H             1.11682915859473   -0.39629518366129   -3.93621093721472   2.4566  -0.0813    22.25    -0.00366    4.9133
H            -3.37705943206499    1.11479187670118   -4.09706473656822   2.4566  -0.0678    23.50    -0.00289    4.9133
H             5.14108789697150    0.39765164613238    0.00000000000000   2.4566  -0.0694    26.31    -0.00264    4.9133
H             4.26148600577470   -2.40943650063579   -1.68965833346459   2.4566  -0.0636    22.38    -0.00284    4.9133
H             4.26148600577470   -2.40943650063579    1.68965833346459   2.4566  -0.0636    22.23    -0.00286    4.9133
$end


$cosmo_energy               [Hartree atomic units]       [eV]     [kcal/mol]
  Total energy                 =       -288.117687
  Total energy + OC corr.      =       -288.114258
  Dielectric energy            =         -0.086972      -2.367      -54.58
  Diel. energy + OC corr.      =         -0.083543      -2.273      -52.43

  Surface area of cavity [au]  =           494.527
  Total Volume of cavity [au]  =           874.467


$screening_charge
  cosmo           =   -1.02058
  corrected total =   -0.99944


$segment information
    n  atom        position (X, Y, Z) [au]            charge       area [au]   charge/area    potential [au]

    1    1    -4.01687    -2.53239    -0.06594      0.00003785    0.49769306    0.00007606    0.14403082
    2    1    -6.35139    -0.96049    -1.60144     -0.00027295    1.16128380   -0.00023504    0.14238903
    3    1    -6.58126    -0.70253     1.53961     -0.00073422    0.99538612   -0.00073762    0.14348149
    4    1    -4.20944     4.98239    -0.08885     -0.00084088    1.32718149   -0.00063359    0.13845076
    5    1    -5.22428     4.70130    -0.14830     -0.00101302    1.16128380   -0.00087233    0.14345142
    6    1    -5.75937     3.58401     2.15126     -0.00038315    0.33179537   -0.00115479    0.15385115
    7    1    -6.92351     0.03552     1.61667     -0.00079891    0.66359074   -0.00120392    0.14932211
    8    1    -6.92000    -0.38155    -1.20889     -0.00094736    0.99538612   -0.00095175    0.14553621
    9    1    -6.08096     2.94147    -2.41279     -0.00009279    0.33179537   -0.00027965    0.15891108
   10    1    -6.71607     0.20574    -2.06811     -0.00093428    0.66359074   -0.00140791    0.15072707
   11    1    -6.52678    -1.23975    -0.55508     -0.00075558    1.16128380   -0.00065065    0.13946001
   12    1    -6.51216    -1.19791     0.77152     -0.00045831    0.82948843   -0.00055253    0.13973805
   13    1    -5.38010     4.10520     1.81862     -0.00080481    0.66359074   -0.00121281    0.14826605
   14    1    -4.63417     4.72917     1.11778     -0.00064844    1.16128380   -0.00055839    0.14102307
   15    1    -4.48491     4.65736    -1.41253     -0.00042390    1.32718149   -0.00031940    0.14145981
   16    1    -5.57668     3.77923    -2.09352     -0.00058452    0.66359074   -0.00088085    0.15155756
   17    1    -5.70373    -1.87652    -0.82801     -0.00050849    1.16128380   -0.00043787    0.13843820
   18    1    -4.85588    -2.35410    -0.34939     -0.00001155    0.82948843   -0.00001392    0.13944667
   19    1    -4.90572    -2.33392     0.38900     -0.00002158    0.82948843   -0.00002601    0.13928553
   20    1    -5.89742    -1.56529     1.31208     -0.00008579    0.82948843   -0.00010343    0.13975589
   21    1    -3.14026     4.93907     0.47304     -0.00057872    1.49307918   -0.00038760    0.13821974
   22    1    -3.34457     4.90236    -0.83155     -0.00061968    1.49307918   -0.00041503    0.13860124
   23    1    -5.31070     4.49749     1.06145     -0.00076603    0.82948843   -0.00092350    0.14520321
   24    1    -6.67417     0.61868     2.28159     -0.00015357    0.49769306   -0.00030856    0.15430426
   25    1    -6.96306    -0.69778     0.24885     -0.00104093    1.16128380   -0.00089636    0.14300814
   26    1    -6.65695     0.93474    -2.36575      0.00085394    0.33179537    0.00257369    0.15665502
   27    1    -5.32739     4.37215    -1.36951     -0.00105646    0.99538612   -0.00106135    0.14599342
   28    1    -2.03221     4.61404    -0.05082      0.00027398    1.65897686    0.00016515    0.14170861
   29    1    -5.80347    -1.90175     0.35109     -0.00072015    1.32718149   -0.00054262    0.13783084
   30    1    -3.68421     4.81510     1.21110     -0.00021489    0.82948843   -0.00025907    0.13949011
   31    2    -3.27418    -2.78247     1.43674      0.00021042    0.49769306    0.00042279    0.14611174
   32    2    -5.52698    -1.23246     3.11036     -0.00043513    1.16128380   -0.00037470    0.14265593
   33    2    -2.97735    -1.90918     4.85018     -0.00056056    0.99538612   -0.00056316    0.15079056
   34    2    -2.18171     4.30521     3.69082     -0.00048529    1.32718149   -0.00036565    0.14069932
   35    2    -3.05284     4.01120     4.19826     -0.00073117    1.16128380   -0.00062962    0.14496751
   36    2    -1.34390     2.10549     5.64919     -0.00029730    0.33179537   -0.00089603    0.16437421
   37    2    -2.75311    -1.20133     5.46359     -0.00078952    0.99538612   -0.00079318    0.15931892
   38    2    -5.40265    -0.88521     3.93288     -0.00080444    0.99538612   -0.00080817    0.14681566
   39    2    -5.56500     2.54073     3.55856     -0.00107669    0.49769306   -0.00216336    0.16041212
   40    2    -5.92015    -0.05517     3.52301     -0.00043721    0.66359074   -0.00065886    0.15139756
   41    2    -4.78827    -1.81916     3.67045     -0.00041835    1.16128380   -0.00036025    0.14094036
   42    2    -3.66382    -2.15076     4.29293     -0.00029068    0.82948843   -0.00035043    0.14419934
   43    2    -1.43661     2.89335     5.26166     -0.00105827    0.99538612   -0.00106318    0.15541470
   44    2    -1.26451     3.67721     4.43249     -0.00014315    1.32718149   -0.00010786    0.14666886
   45    2    -3.53575     4.31095     3.21171     -0.00060114    1.32718149   -0.00045294    0.14220517
   46    2    -4.51751     3.80874     3.30557      0.00028573    0.66359074    0.00043058    0.14874633
   47    2    -4.68871    -2.21450     2.67487     -0.00004650    1.16128380   -0.00004004    0.13913370
   48    2    -3.92162    -2.66688     2.05605      0.00004975    0.82948843    0.00005997    0.14086687
   49    2    -3.32658    -2.86358     2.45021      0.00005053    0.82948843    0.00006092    0.14301605
   50    2    -3.11116    -2.64365     3.66537      0.00026064    0.99538612    0.00026185    0.14476886
   51    2    -1.08236     4.22291     3.14276     -0.00015199    1.82487455   -0.00008329    0.14260814
   52    2    -2.36353     4.57564     2.59547      0.00001386    1.49307918    0.00000929    0.13930924
   53    2    -2.20174     3.60409     4.81077     -0.00073285    0.99538612   -0.00073625    0.14855301
   54    2    -4.25642    -1.60174     4.56501     -0.00088530    1.16128380   -0.00076235    0.14640190
   55    2    -6.02065     0.72790     3.53780     -0.00063802    0.33179537   -0.00192292    0.15717799
   56    2    -4.38019     3.66138     3.84779     -0.00112354    0.82948843   -0.00135450    0.15085638
   57    2    -1.07005     4.29092     1.78256      0.00029265    1.65897686    0.00017640    0.14439803
   58    2    -3.91713    -2.52072     3.30620     -0.00025429    0.99538612   -0.00025547    0.14047958
   59    3    -1.42812    -3.37116     1.23990     -0.00078586    0.66359074   -0.00118426    0.16040958
   60    3    -1.20875    -2.68252     4.62107     -0.00035544    1.16128380   -0.00030608    0.15836360
   61    3     1.83863     2.91211     3.76789     -0.00114110    1.16128380   -0.00098262    0.16078130
   62    3     1.69771     2.37087     4.62741     -0.00166432    1.16128380   -0.00143317    0.16531385
   63    3    -0.39852    -2.56579     4.99855     -0.00165162    0.99538612   -0.00165928    0.16623766
   64    3    -0.22201     0.94221     5.87743     -0.00170089    0.66359074   -0.00256316    0.17642962
   65    3     1.00457     3.44569     1.10420     -0.00077140    0.66359074   -0.00116247    0.16400862
   66    3    -0.87753    -1.74754     5.47370     -0.00122438    0.66359074   -0.00184508    0.16851529
   67    3    -0.44924    -3.27756     4.09888     -0.00113814    1.16128380   -0.00098007    0.16034670
   68    3     0.62871    -3.61381     3.25216     -0.00123536    0.99538612   -0.00124109    0.16986032
   69    3     2.60055     2.50528     3.34379     -0.00185661    1.16128380   -0.00159876    0.16852174
   70    3     0.74371     2.89684     4.51804     -0.00104763    1.16128380   -0.00090213    0.15766994
   71    3     0.29568     2.19333     5.27964     -0.00023982    0.66359074   -0.00036140    0.16452102
   72    3    -1.39537    -3.26961     3.55418     -0.00077031    1.16128380   -0.00066333    0.15394473
   73    3    -1.47996    -3.49310     2.25705     -0.00033803    1.16128380   -0.00029109    0.15503253
   74    3    -0.76344    -3.65329     1.52206     -0.00063700    0.66359074   -0.00095993    0.16238724
   75    3    -0.06336    -3.80373     2.20205     -0.00159963    1.16128380   -0.00137747    0.16521145
   76    3     1.80467     3.26313     1.68878     -0.00085080    0.66359074   -0.00128212    0.16534843
   77    3     2.04120     3.15305     2.56129     -0.00173356    1.49307918   -0.00116107    0.16321128
   78    3     0.89681     3.48344     3.33156     -0.00055636    1.65897686   -0.00033536    0.15440627
   79    3     2.76280     1.86514     4.02189     -0.00146176    0.82948843   -0.00176225    0.17503675
   80    3     0.61273    -3.23898     4.13193     -0.00203939    1.16128380   -0.00175615    0.17111024
   81    3    -0.79095    -1.02682     5.78448     -0.00069946    0.33179537   -0.00210810    0.17434029
   82    3     0.79783     1.92308     5.37655     -0.00122801    0.82948843   -0.00148044    0.16882911
   83    3     0.89493     3.64173     1.95619     -0.00101053    1.32718149   -0.00076141    0.15744529
   84    3    -0.55590    -3.68975     2.95439     -0.00135114    1.32718149   -0.00101805    0.15916725
   85    4     0.91256     3.50992    -1.23499     -0.00080753    0.66359074   -0.00121691    0.16231001
   86    4     0.66796     2.83468    -4.61714     -0.00040054    1.16128380   -0.00034491    0.15821994
   87    4    -0.42709    -3.46943    -3.72224     -0.00091475    0.99538612   -0.00091899    0.15973520
   88    4     0.27031    -3.05684    -4.47566     -0.00204959    1.32718149   -0.00154432    0.16893328
   89    4     1.23911     2.24860    -4.99513     -0.00136962    0.99538612   -0.00137597    0.16570074
   90    4    -0.75966    -0.63829    -5.87854     -0.00174822    0.66359074   -0.00263448    0.17674748
   91    4    -1.31604    -3.37653    -1.10905     -0.00078513    0.66359074   -0.00118315    0.16190398
   92    4     0.36072     1.89276    -5.47110     -0.00140269    0.66359074   -0.00211379    0.16813014
   93    4     1.63254     2.84251    -4.09453     -0.00118346    1.16128380   -0.00101909    0.16030669
   94    4     2.61235     2.45130    -3.43426     -0.00154915    0.99538612   -0.00155633    0.16880403
   95    4     0.59886    -3.59410    -3.33527     -0.00216745    1.49307918   -0.00145166    0.16950834
   96    4    -1.03834    -2.81576    -4.54987     -0.00156766    1.49307918   -0.00104995    0.15862053
   97    4    -1.11249    -1.94634    -5.28258     -0.00025916    0.66359074   -0.00039054    0.16495886
   98    4     0.82691     3.45311    -3.47225     -0.00084661    1.32718149   -0.00063790    0.15417414
   99    4     0.90293     3.64966    -2.17030     -0.00019448    0.99538612   -0.00019538    0.15638929
  100    4     1.72140     3.30135    -1.65584     -0.00137529    0.99538612   -0.00138167    0.16488292
  101    4     2.35534     2.93258    -2.53941     -0.00097013    0.82948843   -0.00116955    0.16684293
  102    4    -0.44999    -3.73561    -1.68907     -0.00093339    0.82948843   -0.00112525    0.16393365
  103    4    -0.31537    -3.77482    -2.56622     -0.00177990    1.49307918   -0.00119210    0.16177450
  104    4    -1.37097    -3.35187    -3.36172     -0.00050363    1.49307918   -0.00033731    0.15399358
  105    4     2.46172     2.11181    -4.17350     -0.00166321    0.99538612   -0.00167092    0.17091607
  106    4    -0.00999     1.26912    -5.78284     -0.00043524    0.33179537   -0.00131179    0.17418270
  107    4    -0.54967    -2.03822    -5.37936     -0.00087427    0.82948843   -0.00105399    0.16948195
  108    4    -1.46355    -3.49402    -2.02405     -0.00086036    1.16128380   -0.00074087    0.15596996
  109    4     1.66275     3.31067    -2.91467     -0.00134359    1.32718149   -0.00101237    0.15921342
  110    5    -0.76910     4.09266    -1.46566      0.00008441    0.33179537    0.00025440    0.14822661
  111    5    -3.66573     4.28994    -3.12731     -0.00050942    1.16128380   -0.00043867    0.14275024
  112    5    -1.22989     3.27568    -4.86613     -0.00054392    0.99538612   -0.00054644    0.15085859
  113    5    -4.35600    -2.14602    -3.67098     -0.00048548    1.32718149   -0.00036579    0.14054069
  114    5    -4.60755    -1.44470    -4.41753     -0.00094763    1.16128380   -0.00081602    0.14607433
  115    5    -2.36128    -0.91303    -5.63992     -0.00031044    0.33179537   -0.00093563    0.16446690
  116    5    -1.48101     2.57314    -5.47519     -0.00079123    0.99538612   -0.00079489    0.15933416
  117    5    -3.77850     3.93374    -3.94767     -0.00080634    0.99538612   -0.00081007    0.14683335
  118    5    -5.98077     1.30712    -3.55472     -0.00106507    0.49769306   -0.00214001    0.16048587
  119    5    -4.69208     3.58856    -3.53417     -0.00042074    0.66359074   -0.00063404    0.15127370
  120    5    -2.72364     4.30670    -3.68926     -0.00044810    1.16128380   -0.00038586    0.14104226
  121    5    -1.62903     3.88657    -4.31149     -0.00030288    0.82948843   -0.00036514    0.14434164
  122    5    -2.74895    -1.42876    -5.30844     -0.00078642    0.66359074   -0.00118511    0.15693196
  123    5    -3.33398    -2.17603    -4.42187     -0.00025068    1.49307918   -0.00016789    0.14611242
  124    5    -5.40620    -1.37100    -3.19131     -0.00049818    1.32718149   -0.00037536    0.14191647
  125    5    -5.93624     0.05011    -3.54668     -0.00050002    0.66359074   -0.00075351    0.15229266
  126    5    -2.52432     4.57970    -2.55135      0.00010876    1.32718149    0.00008195    0.13943740
  127    5    -1.42899     4.42415    -1.86810      0.00005248    0.82948843    0.00006326    0.14217555
  128    5    -0.83059     4.21852    -2.42502      0.00003121    0.66359074    0.00004704    0.14429532
  129    5    -0.97101     3.98518    -3.69028      0.00016057    1.16128380    0.00013827    0.14450507
  130    5    -3.43009    -2.74293    -3.12135     -0.00012554    1.82487455   -0.00006879    0.14225149
  131    5    -4.66237    -2.24517    -2.57449      0.00005517    1.49307918    0.00003695    0.13913341
  132    5    -3.53383    -1.57782    -5.00226     -0.00050976    0.82948843   -0.00061454    0.15076279
  133    5    -2.43357     3.80678    -4.58162     -0.00088573    1.16128380   -0.00076272    0.14646453
  134    5    -5.24610     3.02601    -3.54482     -0.00065668    0.33179537   -0.00197917    0.15717821
  135    5    -5.51477    -0.77091    -3.84021     -0.00077116    0.99538612   -0.00077473    0.14717979
  136    5    -3.45890    -2.79701    -1.76077      0.00032908    1.65897686    0.00019837    0.14393743
  137    5    -1.64397     4.42366    -3.03139     -0.00026481    1.32718149   -0.00019953    0.14024607
  138    6     2.48840     2.78219     0.08915     -0.00025949    0.13889369   -0.00186823    0.17793917
  139    6    -0.03289    -3.65581    -0.08926     -0.00010182    0.13889369   -0.00073310    0.17124938
  140    6     0.58501    -3.80634     0.43867     -0.00026663    0.13889369   -0.00191964    0.17441284
  141    6     0.31468    -3.77196    -0.04781     -0.00020990    0.27778738   -0.00075560    0.17195108
  142    6     2.17979     2.88502    -0.13481     -0.00016753    0.13889369   -0.00120616    0.17604750
  143    7     1.99972    -4.52767    -0.17052     -0.00140026    1.16128380   -0.00120579    0.16752908
  144    7     6.15953    -0.68249     2.97809     -0.00067391    0.99538612   -0.00067704    0.15905664
  145    7     7.55372    -2.02723    -0.64577     -0.00159563    1.32718149   -0.00120227    0.14898866
  146    7     5.49115    -0.23768    -3.27291     -0.00086038    1.49307918   -0.00057624    0.16446383
  147    7     1.98355    -4.36820     0.99037     -0.00095099    0.66359074   -0.00143310    0.17116716
  148    7     2.88641    -4.87067     0.52325     -0.00107700    1.32718149   -0.00081150    0.16154079
  149    7     4.18334    -4.98471     0.63765     -0.00032087    0.99538612   -0.00032236    0.15700459
  150    7     2.48195    -4.61901    -1.01644     -0.00124393    0.99538612   -0.00124970    0.16731841
  151    7     3.20410    -4.91758    -0.69409     -0.00072674    0.99538612   -0.00073011    0.16071556
  152    7     6.02917     0.35204    -2.67465     -0.00050159    0.82948843   -0.00060470    0.16033821
  153    7     7.62772    -0.89823    -0.55488     -0.00193043    1.49307918   -0.00129292    0.15234234
  154    7     6.39128     0.10639     2.49456     -0.00037105    0.99538612   -0.00037277    0.15802770
  155    7     5.41737    -4.72527     0.25272     -0.00095627    1.65897686   -0.00057642    0.15229489
  156    7     5.23996    -4.76134    -0.56346     -0.00063114    0.82948843   -0.00076088    0.15401857
  157    7     4.75601     0.80263     3.04474     -0.00036867    0.33179537   -0.00111112    0.17172998
  158    7     5.42123     0.06214     3.19688     -0.00089857    1.49307918   -0.00060182    0.16446876
  159    7     6.98581    -1.25384     2.19305     -0.00150644    1.82487455   -0.00082550    0.15343861
  160    7     7.61290    -1.64207     0.64595     -0.00176125    1.49307918   -0.00117961    0.14935126
  161    7     7.32314    -1.29539    -1.61818     -0.00110395    1.16128380   -0.00095063    0.15114715
  162    7     6.42992    -0.80390    -2.77592     -0.00084420    1.16128380   -0.00072695    0.15697585
  163    7     5.01849     0.90455    -2.88500     -0.00104054    0.99538612   -0.00104536    0.16915031
  164    7     6.52571    -3.89680     0.72698     -0.00219794    1.82487455   -0.00120443    0.15229325
  165    7     7.27256    -2.98989     0.05383     -0.00233242    1.99077223   -0.00117162    0.14877173
  166    7     7.11145    -2.73657    -1.36692     -0.00184072    1.32718149   -0.00138694    0.15264558
  167    7     2.55359    -4.56064     1.27279     -0.00056007    0.49769306   -0.00112533    0.16927839
  168    7     4.06366    -5.03534    -0.28193     -0.00055102    1.32718149   -0.00041518    0.15540751
  169    7     4.89228     1.41233    -2.47423     -0.00027316    0.16589769   -0.00164654    0.17287822
  170    7     6.97100    -0.45764    -2.05941     -0.00064856    0.99538612   -0.00065157    0.15421090
  171    7     7.42831    -0.77189     1.28142     -0.00143092    1.32718149   -0.00107816    0.15268153
  172    7     5.08400     1.12269     2.67907     -0.00085690    0.82948843   -0.00103305    0.16973275
  173    7     6.53608    -3.91855    -0.59938     -0.00166709    1.49307918   -0.00111654    0.15144782
  174    7     7.18034    -2.52686     1.41199     -0.00228838    1.65897686   -0.00137939    0.15220130
  175    7     6.92044    -1.76419    -2.22781     -0.00079727    0.82948843   -0.00096116    0.15530615
  176    8    -7.92377     2.85550    -0.27166     -0.00471715    1.54201899   -0.00305908    0.15252064
  177    8    -7.72475     1.17762    -1.16958     -0.00343572    1.40183545   -0.00245087    0.15337041
  178    8    -7.01451     3.11873    -1.65555     -0.00304185    1.26165190   -0.00241101    0.15544861
  179    8    -6.74282     4.09815     0.11872     -0.00297198    1.26165190   -0.00235563    0.15167524
  180    8    -7.22392     2.64077     1.75801     -0.00295593    1.19156013   -0.00248072    0.15594903
  181    8    -7.74173     1.00881     1.01540     -0.00291797    1.26165190   -0.00231282    0.15292028
  182    8    -7.61632     2.20498    -1.48206     -0.00478498    1.75229431   -0.00273070    0.15445458
  183    8    -7.07674     3.73445    -0.82022     -0.00407821    1.54201899   -0.00264472    0.15261073
  184    8    -7.58471     3.30635     0.63212     -0.00414929    1.40183545   -0.00295990    0.15261816
  185    8    -7.74661     1.99082     1.32935     -0.00444222    1.61211077   -0.00275553    0.15386051
  186    8    -8.13803     1.78497     0.00592     -0.00438712    1.47192722   -0.00298053    0.15219131
  187    8    -6.83605     3.64014     1.27496     -0.00293137    1.12146836   -0.00261387    0.15386525
  188    8    -7.82347     0.68033    -0.06660     -0.00287547    1.26165190   -0.00227913    0.15164947
  189    9    -4.80756     1.36362     6.07868     -0.00630254    1.96256963   -0.00321137    0.15690629
  190    9    -5.53798     0.45131     5.05901     -0.00336491    1.40183545   -0.00240036    0.15614404
  191    9    -5.23105     2.56719     4.79585     -0.00288308    1.19156013   -0.00241959    0.15762451
  192    9    -3.47892     2.98587     5.68568     -0.00318601    1.33174368   -0.00239236    0.15619287
  193    9    -2.62122     1.08880     6.43438     -0.00347685    1.26165190   -0.00275579    0.16414965
  194    9    -3.86184    -0.35702     6.00334     -0.00348259    1.47192722   -0.00236600    0.15869936
  195    9    -5.61463     1.57424     5.00110     -0.00436708    1.61211077   -0.00270892    0.15742246
  196    9    -4.51031     2.83145     5.44013     -0.00461698    1.68220254   -0.00274460    0.15601316
  197    9    -3.78431     1.87980     6.39575     -0.00470464    1.54201899   -0.00305096    0.15802635
  198    9    -3.37199     0.46699     6.46675     -0.00470666    1.68220254   -0.00279792    0.16076799
  199    9    -4.82618    -0.02203     5.72273     -0.00434332    1.61211077   -0.00269418    0.15605457
  200    9    -2.69760     2.24717     6.16855     -0.00307003    1.26165190   -0.00243334    0.16042817
  201   10     2.08265    -0.46609     6.19394     -0.00546256    1.54201899   -0.00354247    0.17899537
  202   10     0.65582    -1.63867     6.00478     -0.00394696    1.33174368   -0.00296375    0.17735844
  203   10     1.03472     0.47966     6.22989     -0.00407564    1.33174368   -0.00306038    0.17721097
  204   10     2.82441     0.87983     5.15718     -0.00369160    1.12146836   -0.00329176    0.18097322
  205   10     1.44822    -2.44376     5.25269     -0.00385024    1.19156013   -0.00323126    0.18113159
  206   10     0.74725    -0.58911     6.35721     -0.00494427    1.54201899   -0.00320636    0.17753307
  207   10     1.98997     0.84224     5.86978     -0.00472238    1.54201899   -0.00306247    0.17727167
  208   10     3.05127    -0.07592     5.41621     -0.00475569    1.33174368   -0.00357102    0.18333735
  209   10     2.64554    -1.26870     5.64999     -0.00505695    1.26165190   -0.00400820    0.18375886
  210   10     1.75552    -1.74755     5.88589     -0.00454104    1.33174368   -0.00340985    0.17992933
  211   11     2.02207    -0.48327    -6.21834     -0.00575162    1.61211077   -0.00356776    0.17890126
  212   11     1.34764     0.73144    -6.10648     -0.00395753    1.33174368   -0.00297169    0.17694402
  213   11     0.46466    -1.00330    -6.22559     -0.00362433    1.19156013   -0.00304167    0.17777759
  214   11     1.49549    -2.41243    -5.28783     -0.00357859    1.12146836   -0.00319099    0.18123102
  215   11     3.00465     0.71722    -5.04590     -0.00347769    1.12146836   -0.00310101    0.18265556
  216   11     0.85532    -0.11006    -6.36207     -0.00375490    1.19156013   -0.00315125    0.17748269
  217   11     1.11213    -1.73335    -5.99711     -0.00548109    1.68220254   -0.00325828    0.17813881
  218   11     2.38921    -1.60595    -5.65460     -0.00587147    1.54201899   -0.00380765    0.18314975
  219   11     3.02250    -0.39312    -5.48656     -0.00571762    1.47192722   -0.00388444    0.18395291
  220   11     2.29096     0.86788    -5.68506     -0.00456557    1.47192722   -0.00310176    0.17811538
  221   12    -4.67006     1.77168    -6.07991     -0.00630797    1.96256963   -0.00321414    0.15691665
  222   12    -4.69734     2.94561    -5.06665     -0.00334709    1.40183545   -0.00238765    0.15613862
  223   12    -5.73329     1.07709    -4.79124     -0.00288921    1.19156013   -0.00242473    0.15763878
  224   12    -4.59370    -0.32165    -5.67549     -0.00320925    1.33174368   -0.00240981    0.15619344
  225   12    -2.76407     0.66506    -6.43308     -0.00348558    1.26165190   -0.00276271    0.16418160
  226   12    -2.87562     2.56923    -6.01233     -0.00346411    1.47192722   -0.00235345    0.15870708
  227   12    -5.43795     2.09850    -5.00268     -0.00437177    1.61211077   -0.00271183    0.15743296
  228   12    -5.32075     0.42692    -5.43271     -0.00461908    1.68220254   -0.00274585    0.15601532
  229   12    -4.16860     0.73969    -6.39223     -0.00470099    1.54201899   -0.00304860    0.15803237
  230   12    -2.98535     1.61427    -6.47027     -0.00472052    1.68220254   -0.00280615    0.16078337
  231   12    -3.84548     2.88786    -5.73166     -0.00432862    1.61211077   -0.00268507    0.15605406
  232   12    -3.52554    -0.20926    -6.16100     -0.00309117    1.26165190   -0.00245010    0.16044798
  233   13     6.47251     2.46209     0.01975     -0.00347776    1.26165190   -0.00275652    0.16291290
  234   13     6.63029     1.38551     1.68566     -0.00247095    1.19156013   -0.00207371    0.16190726
  235   13     5.04839     2.62191     1.03882     -0.00297457    1.05137659   -0.00282922    0.17191570
  236   13     4.96468     2.64560    -0.97500     -0.00357626    1.26165190   -0.00283459    0.17260697
  237   13     6.58513     1.44448    -1.68934     -0.00253038    1.19156013   -0.00212358    0.16216883
  238   13     7.56766     0.76890    -0.09458     -0.00292436    1.26165190   -0.00231788    0.15789461
  239   13     6.21945     2.34449     1.04020     -0.00342691    1.33174368   -0.00257325    0.16418250
  240   13     5.12710     2.85289     0.08158     -0.00432244    1.61211077   -0.00268123    0.17074786
  241   13     6.13786     2.43953    -0.93391     -0.00331838    1.26165190   -0.00263018    0.16463134
  242   13     7.10552     1.72122    -0.65129     -0.00341718    1.26165190   -0.00270850    0.15983210
  243   13     7.13774     1.65939     0.67558     -0.00331058    1.26165190   -0.00262400    0.15964420
  244   13     5.62860     2.00661     1.79128     -0.00219158    0.98128481   -0.00223338    0.16839193
  245   13     5.68575     2.04137    -1.74257     -0.00214544    1.05137659   -0.00204060    0.16787016
  246   13     7.29107     0.77532    -1.12691     -0.00189311    0.98128481   -0.00192922    0.15892352
  247   13     7.38427     0.70702     0.95259     -0.00218916    1.05137659   -0.00208219    0.15857597
  248   14     4.87581    -3.78705    -3.62873     -0.00382821    1.33174368   -0.00287458    0.16812623
  249   14     5.51146    -1.98053    -3.76058     -0.00326945    1.33174368   -0.00245502    0.16916861
  250   14     3.18761    -4.35861    -2.73019     -0.00210454    0.91119304   -0.00230965    0.17470279
  251   14     4.84327    -4.76746    -2.05905     -0.00228766    1.05137659   -0.00217587    0.16213034
  252   14     6.20253    -3.74270    -2.38958     -0.00240505    1.05137659   -0.00228752    0.16036406
  253   14     4.82647    -2.74559    -4.05672     -0.00360326    1.26165190   -0.00285598    0.17322353
  254   14     3.77176    -3.78687    -3.66401     -0.00384400    1.05137659   -0.00365616    0.17619123
  255   14     4.34685    -4.45818    -3.04265     -0.00331631    1.19156013   -0.00278317    0.16744007
  256   14     5.54951    -4.36798    -2.42468     -0.00315417    1.26165190   -0.00250003    0.16106196
  257   14     5.77557    -3.29232    -3.41106     -0.00364836    1.33174368   -0.00273953    0.16411610
  258   14     3.78219    -4.76385    -2.20171     -0.00212694    0.98128481   -0.00216750    0.16756528
  259   14     6.33967    -2.70632    -2.96564     -0.00220421    1.05137659   -0.00209650    0.16219598
  260   15     4.81000    -3.92474     3.54386     -0.00370081    1.26165190   -0.00293331    0.16789119
  261   15     5.37929    -1.92054     3.82193     -0.00309980    1.19156013   -0.00260146    0.17054113
  262   15     6.25509    -2.89120     3.04191     -0.00279441    1.19156013   -0.00234517    0.16225989
  263   15     5.23743    -4.63225     2.06615     -0.00282570    1.26165190   -0.00223968    0.16113114
  264   15     3.35466    -4.55802     2.46185     -0.00317074    1.26165190   -0.00251316    0.17163435
  265   15     4.58900    -2.97177     4.05853     -0.00368151    1.26165190   -0.00291801    0.17449064
  266   15     5.64886    -2.75642     3.68713     -0.00286007    1.12146836   -0.00255029    0.16636519
  267   15     5.64461    -3.91808     3.04836     -0.00332201    1.19156013   -0.00278795    0.16278483
  268   15     4.39814    -4.73036     2.48320     -0.00355592    1.47192722   -0.00241583    0.16491140
  269   15     3.74635    -4.04674     3.44718     -0.00432200    1.40183545   -0.00308310    0.17412451
  270   15     6.21501    -3.77368     2.28774     -0.00231855    1.05137659   -0.00220525    0.16028612
  271    1    -2.92597    -2.54077     0.37509     -0.00029148    0.15913280   -0.00183167    0.15625036
  272    2    -2.71974    -2.64765     0.74422     -0.00022572    0.15913280   -0.00141844    0.15623213
  273    3    -2.29995    -2.75166     0.74791     -0.00037621    0.15913280   -0.00236413    0.16097381
  274    1    -0.98597     3.85830    -0.00001     -0.00032179    0.16080090   -0.00200119    0.15501648
  275    2    -0.79825     3.75757     0.38056     -0.00020699    0.16080090   -0.00128726    0.15651193
  276    5    -0.79824     3.75756    -0.38058     -0.00023731    0.16080090   -0.00147581    0.15653739
  277    2    -1.08451     4.07750     0.95420     -0.00036073    0.62289106   -0.00057913    0.14927432
  278    2    -2.63279     4.46506     1.88726     -0.00115164    1.26605494   -0.00090963    0.14331069
  279    2    -4.56357     3.77678     2.83253     -0.00261799    1.26605494   -0.00206783    0.15252563
  280    2    -5.83440     1.94746     3.19826     -0.00374576    1.26605494   -0.00295861    0.16529306
  281    2    -5.92814    -0.27850     2.83561     -0.00242833    1.26605494   -0.00191803    0.15262060
  282    2    -4.80663    -1.99528     1.89217     -0.00120825    1.26605494   -0.00095434    0.14329741
  283    2    -3.33944    -2.62381     0.95929     -0.00041458    0.62289106   -0.00066557    0.14900655
  284    1    -1.96311     4.37130     0.77330     -0.00107913    1.26605494   -0.00085235    0.14549254
  285    1    -3.93396     4.39482     1.87348     -0.00178597    1.26605494   -0.00141066    0.14587049
  286    1    -5.62298     3.06665     2.56510     -0.00342196    1.26605494   -0.00270285    0.16084537
  287    1    -6.34287     0.92726     2.56673     -0.00353295    1.26605494   -0.00279052    0.16094062
  288    1    -5.80066    -1.15274     1.87769     -0.00179591    1.26605494   -0.00141850    0.14592987
  289    1    -4.21701    -2.32695     0.77839     -0.00111846    1.26605494   -0.00088342    0.14536779
  290    1    -2.69681    -2.53568     0.00001     -0.00099847    0.51344277   -0.00194466    0.15964210
  291    3    -2.06796    -2.74930     0.37473     -0.00141973    0.51344277   -0.00276511    0.16511962
  292    4    -2.06796    -2.74930    -0.37472     -0.00147072    0.51344277   -0.00286443    0.16510643
  293    1    -2.92595    -2.54077    -0.37505     -0.00029255    0.15913212   -0.00183841    0.15622813
  294    4    -2.29993    -2.75166    -0.74787     -0.00037262    0.15913212   -0.00234158    0.16094298
  295    5    -2.71972    -2.64765    -0.74418     -0.00023868    0.15913212   -0.00149989    0.15619075
  296    5    -3.33942    -2.62382    -0.95926     -0.00039358    0.62289297   -0.00063186    0.14892686
  297    5    -4.80661    -1.99530    -1.89215     -0.00119478    1.26605882   -0.00094370    0.14321714
  298    5    -5.92812    -0.27854    -2.83562     -0.00240802    1.26605882   -0.00190198    0.15260861
  299    5    -5.83439     1.94742    -3.19828     -0.00371854    1.26605882   -0.00293710    0.16527317
  300    5    -4.56356     3.77675    -2.83257     -0.00241000    1.26605882   -0.00190355    0.15252806
  301    5    -2.63278     4.46504    -1.88729     -0.00117022    1.26605882   -0.00092430    0.14332254
  302    5    -1.08451     4.07749    -0.95422     -0.00033720    0.62289297   -0.00054135    0.14937340
  303    1    -4.21699    -2.32696    -0.77836     -0.00110828    1.26605882   -0.00087537    0.14531963
  304    1    -5.80064    -1.15277    -1.87768     -0.00178647    1.26605882   -0.00141105    0.14589476
  305    1    -6.34285     0.92723    -2.56674     -0.00392484    1.26605882   -0.00310005    0.16093038
  306    1    -5.62298     3.06662    -2.56513     -0.00344571    1.26605882   -0.00272160    0.16077500
  307    1    -3.93395     4.39480    -1.87352     -0.00174638    1.26605882   -0.00137938    0.14582198
  308    1    -1.96311     4.37129    -0.77333     -0.00109326    1.26605882   -0.00086352    0.14550952
  309    8    -6.26250     3.83076     1.38587     -0.00064725    0.23097244   -0.00280229    0.15489062
  310    8    -6.13402     4.21812     0.39049     -0.00168539    0.51006615   -0.00330426    0.15431311
  311    8    -6.18640     4.06024    -0.90241     -0.00187233    0.51006615   -0.00367077    0.15543200
  312    8    -6.46803     3.21120    -1.85062     -0.00157056    0.51006615   -0.00307913    0.16005167
  313    8    -6.87135     1.99532    -2.09195     -0.00207780    0.51006615   -0.00407359    0.16218340
  314    8    -7.24229     0.87701    -1.53422     -0.00168845    0.51006615   -0.00331026    0.15790682
  315    8    -7.43917     0.28343    -0.39046     -0.00165508    0.51006615   -0.00324484    0.15439466
  316    8    -7.38679     0.44131     0.90245     -0.00164972    0.51006615   -0.00323432    0.15524665
  317    8    -7.10516     1.29035     1.85066     -0.00197777    0.51006615   -0.00387747    0.16011457
  318    8    -6.70185     2.50623     2.09198     -0.00189419    0.51006615   -0.00371361    0.16225034
  319    8    -6.38152     3.47194     1.74251     -0.00069734    0.23097244   -0.00301915    0.15686540
  320    1    -5.82545     4.11296     1.13188     -0.00153881    0.50529155   -0.00304539    0.15361506
  321    1    -5.74047     4.36918    -0.30105     -0.00146215    0.50529155   -0.00289368    0.15167052
  322    1    -5.93689     3.77704    -1.61899     -0.00157821    0.50529155   -0.00312336    0.15610368
  323    1    -6.33969     2.56272    -2.31852     -0.00180493    0.50529155   -0.00357207    0.16273505
  324    1    -6.79501     1.19004    -2.13245     -0.00182668    0.50529155   -0.00361510    0.16055067
  325    1    -7.12893     0.18333    -1.13185     -0.00153582    0.50529155   -0.00303947    0.15363845
  326    1    -7.21391    -0.07289     0.30108     -0.00147438    0.50529155   -0.00291789    0.15163822
  327    1    -7.01749     0.51925     1.61902     -0.00148373    0.50529155   -0.00293638    0.15602538
  328    1    -6.61469     1.73357     2.31855     -0.00188374    0.50529155   -0.00372802    0.16288021
  329    1    -6.15937     3.10625     2.13248     -0.00151773    0.50529155   -0.00300367    0.16053200
  330    2    -0.29474     3.54037     0.57364     -0.00069807    0.33153394   -0.00210557    0.16237579
  331    3     0.12344     3.42066     0.56124     -0.00094904    0.33153394   -0.00286258    0.16584064
  332    4     0.11298     3.36343    -0.18264     -0.00101967    0.33153394   -0.00307562    0.16745406
  333    2    -1.38433     1.10666     5.89138     -0.00022509    0.03018890   -0.00745614    0.17269102
  334    3    -0.98043     0.96219     5.84330     -0.00020449    0.03018890   -0.00677366    0.17461125
  335    9    -1.66171     1.14132     5.97729     -0.00024009    0.03018890   -0.00795288    0.17176974
  336    2    -1.78931    -0.09494     5.88767     -0.00027551    0.03018890   -0.00912634    0.17297841
  337    3    -1.38028    -0.22417     5.83964     -0.00028398    0.03018890   -0.00940666    0.17466372
  338    9    -2.03125     0.04489     5.97391     -0.00021254    0.03018890   -0.00704043    0.17213408
  339    3    -1.23909    -0.82895     5.69705     -0.00185822    0.67136718   -0.00276781    0.17345268
  340    3    -1.75948    -2.30557     4.45921     -0.00265622    1.37377771   -0.00193352    0.16110810
  341    3    -2.04697    -3.03316     2.16248     -0.00192184    1.37377771   -0.00139895    0.15640657
  342    2    -2.03569    -1.22972     5.27682     -0.00362320    1.37377771   -0.00263740    0.16827358
  343    2    -2.55438    -2.66590     3.39125     -0.00170810    1.37377771   -0.00124336    0.15196210
  344    2    -2.65508    -2.85625     1.40704     -0.00056620    0.67136718   -0.00084336    0.15277425
  345    3     0.19097     3.65003     1.39329     -0.00083547    0.67414493   -0.00123930    0.15857834
  346    3     0.15543     3.43571     3.38487     -0.00191989    1.37997997   -0.00139124    0.15607502
  347    3    -0.30435     1.96812     5.27260     -0.00398224    1.37997997   -0.00288572    0.17121146
  348    2    -0.39184     3.81809     2.17339     -0.00146260    1.37997997   -0.00105987    0.15268297
  349    2    -0.60520     3.05902     4.47709     -0.00237648    1.37997997   -0.00172211    0.15786528
  350    2    -1.08808     1.55847     5.71353     -0.00167828    0.67414493   -0.00248950    0.17076714
  351    2    -0.52323     3.57391     0.19418     -0.00079038    0.33937285   -0.00232894    0.16170677
  352    4    -0.09112     3.47045    -0.56223     -0.00086101    0.33937285   -0.00253706    0.16452061
  353    5    -0.49759     3.62627    -0.56560     -0.00056475    0.33937285   -0.00166410    0.15975088
  354    9    -1.96124     1.49549     6.06906     -0.00090021    0.23408165   -0.00384571    0.16873723
  355    9    -2.28134     2.48672     5.74176     -0.00175412    0.51883858   -0.00338085    0.16404386
  356    9    -3.17784     3.26427     5.15908     -0.00164490    0.51883858   -0.00317035    0.15819419
  357    9    -4.35813     3.26136     4.56351     -0.00187495    0.51883858   -0.00361375    0.15887947
  358    9    -5.35639     2.47915     4.19010     -0.00171231    0.51883858   -0.00330028    0.16303264
  359    9    -5.77863     1.22635     4.18623     -0.00204111    0.51883858   -0.00393400    0.16305990
  360    9    -5.45821    -0.00259     4.55342     -0.00167345    0.51883858   -0.00322538    0.15865000
  361    9    -4.52158    -0.72265     5.14676     -0.00175558    0.51883858   -0.00338368    0.15805538
  362    9    -3.33841    -0.64963     5.73207     -0.00154094    0.51883858   -0.00296997    0.16373949
  363    9    -2.48423    -0.05622     6.06427     -0.00091054    0.23408165   -0.00388984    0.16878926
  364    2    -1.69630     1.91551     5.76470     -0.00170261    0.51024973   -0.00333682    0.16871373
  365    2    -2.37687     3.11048     5.22130     -0.00145518    0.51024973   -0.00285190    0.15786720
  366    2    -3.60018     3.56678     4.52726     -0.00153405    0.51024973   -0.00300648    0.15481606
  367    2    -4.88344     3.10431     3.95649     -0.00171373    0.51024973   -0.00335861    0.15962745
  368    2    -5.72018     1.90561     3.73426     -0.00132240    0.51024973   -0.00259167    0.16448231
  369    2    -5.78015     0.44376     3.94827     -0.00165946    0.51024973   -0.00325224    0.15952279
  370    2    -5.03969    -0.70429     4.51407     -0.00155754    0.51024973   -0.00305250    0.15490499
  371    2    -3.79104    -1.08542     5.20834     -0.00150039    0.51024973   -0.00294051    0.15797448
  372    2    -2.52701    -0.54922     5.75708     -0.00176946    0.51024973   -0.00346783    0.16870374
  373    3     1.34022     3.10794     0.37268     -0.00054226    0.16208376   -0.00334556    0.17283148
  374    4     1.34022     3.10794    -0.37269     -0.00060621    0.16208376   -0.00374013    0.17283832
  375    6     1.54174     3.02138    -0.00001     -0.00059028    0.16208376   -0.00364182    0.17474473
  376    3    -0.85135    -3.31001     0.37269     -0.00058890    0.16208376   -0.00363331    0.16986879
  377    4    -0.85135    -3.31001    -0.37267     -0.00052846    0.16208376   -0.00326043    0.16986082
  378    6    -0.63899    -3.36478     0.00001     -0.00052596    0.16208376   -0.00324501    0.17100079
  379    4    -1.33275    -3.24316    -0.53139     -0.00124331    0.81495514   -0.00152562    0.16510663
  380    3    -1.50107    -3.16694     0.53140     -0.00132295    0.81495514   -0.00162334    0.16444764
  381    4     0.72001     3.39393    -0.53140     -0.00145552    0.84228181   -0.00172806    0.16648828
  382    3     0.90597     3.35069     0.53139     -0.00133426    0.84228181   -0.00158410    0.16737621
  383    3     0.54590    -3.72639     1.19606     -0.00064285    0.17954445   -0.00358048    0.17555398
  384    6     0.74818    -3.77937     0.81739     -0.00068906    0.17954445   -0.00383781    0.17690625
  385    7     1.19657    -3.93090     0.82266     -0.00076744    0.17954445   -0.00427439    0.17709401
  386    3     2.58956     2.68437     1.02716     -0.00103124    0.28411072   -0.00362970    0.17868306
  387    6     2.78684     2.61495     0.64757     -0.00105510    0.28411072   -0.00371371    0.18097940
  388   13     3.52591     2.50936     0.60920     -0.00133852    0.28411072   -0.00471128    0.18241416
  389    6     0.09201    -3.63766     0.56442     -0.00149409    0.66646819   -0.00224181    0.17335770
  390    3    -0.43941    -3.54926     0.97007     -0.00137497    0.69794385   -0.00197003    0.16921522
  391    6     1.97758     2.92802     0.37198     -0.00120092    0.50916642   -0.00235860    0.17554853
  392    3     1.88057     3.04840     1.00624     -0.00118659    0.53323475   -0.00222526    0.17218242
  393    3     3.32733     1.09470     3.78792     -0.00097391    0.22630258   -0.00430356    0.18633958
  394    7     3.93471     0.84860     3.37068     -0.00106715    0.22630258   -0.00471559    0.18252184
  395   10     3.31574     0.90639     4.01385     -0.00127499    0.22630258   -0.00563402    0.18823436
  396    3     3.50280     1.97674     2.48071     -0.00067313    0.11512257   -0.00584704    0.17905191
  397    7     4.19424     1.84585     2.15532     -0.00050461    0.11512257   -0.00438321    0.17903718
  398   13     4.40685     1.93467     1.97014     -0.00044352    0.11512257   -0.00385261    0.17863564
  399    3     1.50015    -3.71926     2.36130     -0.00109689    0.22897617   -0.00479039    0.18047736
  400    7     2.13555    -3.99412     2.00869     -0.00084378    0.22897617   -0.00368503    0.18089295
  401   15     2.33573    -4.00260     2.22766     -0.00110014    0.22897617   -0.00480459    0.18206213
  402    7     1.74330    -4.10449     1.50217     -0.00248143    1.16805540   -0.00212441    0.17592290
  403    3     0.68932    -3.81481     1.81546     -0.00236812    1.16805540   -0.00202741    0.17337991
  404    7     4.21179     1.51262     2.66718     -0.00259510    1.21273733   -0.00213987    0.17703698
  405    3     3.32809     1.62082     3.37799     -0.00302950    1.21273733   -0.00249806    0.17942374
  406    9    -2.02950     0.52849     6.07522     -0.00295024    0.80867691   -0.00364823    0.17292026
  407    3    -0.95270     0.40846     5.93873     -0.00310801    1.14096374   -0.00272402    0.17556290
  408    3     1.75621    -2.96065     4.00543     -0.00129405    0.27231059   -0.00475209    0.18719488
  409   10     1.88874    -2.81106     4.22287     -0.00134957    0.27231059   -0.00495600    0.18901727
  410   15     2.56424    -3.18243     3.69931     -0.00140516    0.27231059   -0.00516012    0.18687868
  411   10     2.94182     1.14399     4.51134     -0.00111008    0.23787682   -0.00466661    0.18469621
  412   10     2.07636     1.45273     5.13414     -0.00231076    0.52938741   -0.00436497    0.18064953
  413   10     0.94886     1.12708     5.78708     -0.00227370    0.52938741   -0.00429497    0.18038297
  414   10     0.14400     0.09225     6.07852     -0.00256810    0.52938741   -0.00485108    0.18329103
  415   10    -0.00903    -1.22850     5.88927     -0.00238621    0.52938741   -0.00450749    0.18157210
  416   10     0.55237    -2.29497     5.29674     -0.00232014    0.52938741   -0.00438269    0.18086372
  417   10     1.36890    -2.72402     4.67916     -0.00101564    0.23787682   -0.00426959    0.18434393
  418    3     2.54880     1.57749     4.46641     -0.00197545    0.51650145   -0.00382468    0.18120437
  419    3     1.29979     1.69025     5.29278     -0.00194121    0.51650145   -0.00375839    0.17640254
  420    3     0.15942     0.88738     5.85010     -0.00184344    0.51650145   -0.00356909    0.18085413
  421    3    -0.40587    -0.50275     5.91041     -0.00253928    0.51650145   -0.00491632    0.18212705
  422    3    -0.16487    -1.91155     5.44904     -0.00201441    0.51650145   -0.00390011    0.17736864
  423    3     0.78384    -2.76280     4.65471     -0.00202063    0.51650145   -0.00391215    0.18051978
  424   13     4.08585     2.59903     0.87137     -0.00219625    0.81992941   -0.00267859    0.17773601
  425   13     4.46970     2.24918     1.68522     -0.00193017    0.81992941   -0.00235406    0.17569267
  426    3     2.94319     2.61595     1.99022     -0.00461448    2.33506045   -0.00197617    0.17410755
  427   15     2.72483    -3.76520     3.09172     -0.00493998    1.27291589   -0.00388083    0.18442204
  428    3     1.39718    -3.54435     3.16703     -0.00407103    1.79937940   -0.00226246    0.17823598
  429    4    -0.98044     0.96211    -5.84332     -0.00029464    0.03018051   -0.00976248    0.17459236
  430    5    -1.38434     1.10657    -5.89140     -0.00026714    0.03018051   -0.00885130    0.17268570
  431   12    -1.66173     1.14125    -5.97730     -0.00019775    0.03018051   -0.00655210    0.17177145
  432    4    -1.38018    -0.22393    -5.83969     -0.00020195    0.03018051   -0.00669136    0.17474025
  433    5    -1.78921    -0.09471    -5.88772     -0.00023707    0.03018051   -0.00785513    0.17302829
  434   12    -2.03116     0.04512    -5.97395     -0.00025637    0.03018051   -0.00849457    0.17217388
  435    5    -0.39599     3.84781    -1.40413     -0.00056426    0.67414967   -0.00083699    0.15351902
  436    5    -0.43153     3.63347    -3.39572     -0.00167111    1.37999103   -0.00121096    0.15236056
  437    5    -0.89132     2.16584    -5.28344     -0.00365059    1.37999103   -0.00264537    0.16825022
  438    4     0.19512     3.62028    -2.16261     -0.00200861    1.37999103   -0.00145552    0.15740875
  439    4    -0.01825     2.86117    -4.46632     -0.00268214    1.37999103   -0.00194359    0.16118149
  440    4    -0.50114     1.36059    -5.70274     -0.00190102    0.67414967   -0.00281988    0.17326106
  441    5    -1.82595    -0.63095    -5.70794     -0.00165797    0.67139928   -0.00246942    0.17080354
  442    5    -2.34639    -2.10770    -4.47013     -0.00236535    1.37384978   -0.00172169    0.15775016
  443    5    -2.63390    -2.83538    -2.17332     -0.00145741    1.37384978   -0.00106082    0.15199579
  444    4    -1.44865    -1.42735    -5.26610     -0.00403285    1.37384978   -0.00293544    0.17135058
  445    4    -1.96739    -2.86367    -3.38052     -0.00191468    1.37384978   -0.00139366    0.15564006
  446    4    -2.06810    -3.05405    -1.39622     -0.00080909    0.67139928   -0.00120507    0.15726188
  447    4     0.54591    -3.72640    -1.19604     -0.00074197    0.17954285   -0.00413257    0.17554248
  448    6     0.74819    -3.77938    -0.81737     -0.00072097    0.17954285   -0.00401558    0.17689169
  449    7     1.19658    -3.93090    -0.82263     -0.00069666    0.17954285   -0.00388018    0.17709022
  450    4     2.58956     2.68437    -1.02717     -0.00103314    0.28410899   -0.00363644    0.17869364
  451    6     2.78684     2.61495    -0.64758     -0.00112003    0.28410899   -0.00394226    0.18098381
  452   13     3.52592     2.50935    -0.60920     -0.00131055    0.28410899   -0.00461285    0.18241188
  453    6    -0.13027    -3.57096    -0.43211     -0.00141582    0.66646975   -0.00212436    0.17226665
  454    4    -0.22334    -3.61410    -1.09863     -0.00140176    0.69794548   -0.00200841    0.17008268
  455    6     2.14654     2.87295    -0.47335     -0.00123319    0.50916590   -0.00242198    0.17648287
  456    4     1.71635     3.10192    -0.90773     -0.00114162    0.53323420   -0.00214093    0.17151067
  457    4     3.32735     1.09471    -3.78788     -0.00114242    0.22630228   -0.00504822    0.18636713
  458    7     3.93472     0.84861    -3.37064     -0.00111176    0.22630228   -0.00491272    0.18251428
  459   11     3.31575     0.90641    -4.01382     -0.00101028    0.22630228   -0.00446431    0.18825327
  460    4     3.50282     1.97670    -2.48073     -0.00065137    0.11512500   -0.00565793    0.17907205
  461    7     4.19426     1.84581    -2.15534     -0.00058860    0.11512500   -0.00511271    0.17903571
  462   13     4.40687     1.93463    -1.97016     -0.00044697    0.11512500   -0.00388249    0.17863080
  463    4     1.50011    -3.71929    -2.36120     -0.00112655    0.22899114   -0.00491962    0.18047974
  464    7     2.13551    -3.99415    -2.00858     -0.00097054    0.22899114   -0.00423831    0.18091564
  465   14     2.33569    -4.00263    -2.22757     -0.00087980    0.22899114   -0.00384209    0.18209861
  466    7     1.61536    -4.11143    -1.28331     -0.00263307    1.16796140   -0.00225442    0.17515617
  467    4     0.81723    -3.80792    -2.03418     -0.00261534    1.16796140   -0.00223924    0.17399049
  468    7     4.25415     1.32420    -2.84589     -0.00252438    1.21266214   -0.00208168    0.17674513
  469    4     3.28576     1.80920    -3.19926     -0.00306330    1.21266214   -0.00252609    0.17793030
  470    4     1.75622    -2.96063    -4.00548     -0.00115743    0.27231000   -0.00425043    0.18722522
  471   11     1.88874    -2.81104    -4.22293     -0.00135819    0.27231000   -0.00498766    0.18905062
  472   14     2.56423    -3.18242    -3.69937     -0.00152135    0.27231000   -0.00558683    0.18691105
  473   11     1.36891    -2.72399    -4.67921     -0.00111515    0.23787932   -0.00468787    0.18443714
  474   11     0.55236    -2.29492    -5.29678     -0.00242662    0.52939319   -0.00458378    0.18094277
  475   11    -0.00904    -1.22844    -5.88929     -0.00222151    0.52939319   -0.00419634    0.18162773
  476   11     0.14399     0.09232    -6.07852     -0.00265824    0.52939319   -0.00502130    0.18333515
  477   11     0.94886     1.12715    -5.78705     -0.00217660    0.52939319   -0.00411150    0.18041849
  478   11     2.07636     1.45278    -5.13411     -0.00230809    0.52939319   -0.00435987    0.18070357
  479   11     2.94183     1.14402    -4.51132     -0.00104559    0.23787932   -0.00439545    0.18474308
  480    4     0.78384    -2.76277    -4.65476     -0.00196844    0.51650679   -0.00381106    0.18053669
  481    4    -0.16488    -1.91150    -5.44908     -0.00203222    0.51650679   -0.00393455    0.17740235
  482    4    -0.40588    -0.50269    -5.91041     -0.00194547    0.51650679   -0.00376659    0.18228418
  483    4     0.15942     0.88745    -5.85007     -0.00240187    0.51650679   -0.00465021    0.18081097
  484    4     1.29979     1.69031    -5.29274     -0.00203848    0.51650679   -0.00394667    0.17645952
  485    4     2.54882     1.57752    -4.46637     -0.00208677    0.51650679   -0.00404017    0.18127709
  486   12    -1.95321     0.75482    -6.07594     -0.00296351    0.80845775   -0.00366563    0.17294062
  487    4    -1.02315     0.19938    -5.93812     -0.00313306    1.14065546   -0.00274672    0.17563256
  488   13     4.46971     2.24916    -1.68523     -0.00195665    0.81994622   -0.00238631    0.17567779
  489   13     4.08586     2.59902    -0.87138     -0.00195097    0.81994622   -0.00237938    0.17771315
  490    4     2.94321     2.61593    -1.99024     -0.00455835    2.33510733   -0.00195210    0.17415195
  491   14     2.62530    -3.88392    -2.83597     -0.00475474    1.27304637   -0.00373493    0.18369656
  492    4     1.49053    -3.43297    -3.40696     -0.00418202    1.79956216   -0.00232391    0.17949993
  493   12    -2.48413    -0.05601    -6.06433     -0.00090721    0.23408900   -0.00387548    0.16883745
  494   12    -3.33830    -0.64951    -5.73216     -0.00171767    0.51885736   -0.00331049    0.16388188
  495   12    -4.52150    -0.72261    -5.14684     -0.00159287    0.51885736   -0.00306996    0.15802528
  496   12    -5.45817    -0.00259    -4.55346     -0.00189812    0.51885736   -0.00365827    0.15875456
  497   12    -5.77863     1.22636    -4.18621     -0.00170760    0.51885736   -0.00329107    0.16303293
  498   12    -5.35638     2.47919    -4.19004     -0.00203503    0.51885736   -0.00392213    0.16304503
  499   12    -4.35809     3.26142    -4.56345     -0.00170506    0.51885736   -0.00328619    0.15877192
  500   12    -3.17777     3.26430    -5.15904     -0.00179697    0.51885736   -0.00346332    0.15822568
  501   12    -2.28129     2.48670    -5.74175     -0.00159015    0.51885736   -0.00306471    0.16392824
  502   12    -1.96124     1.49544    -6.06907     -0.00090667    0.23408900   -0.00387318    0.16872738
  503    5    -2.52689    -0.54904    -5.75716     -0.00171134    0.51026349   -0.00335384    0.16878877
  504    5    -3.79093    -1.08535    -5.20845     -0.00153409    0.51026349   -0.00300647    0.15801040
  505    5    -5.03962    -0.70429    -4.51414     -0.00154380    0.51026349   -0.00302549    0.15490210
  506    5    -5.78013     0.44374    -3.94828     -0.00167437    0.51026349   -0.00328138    0.15953364
  507    5    -5.72017     1.90562    -3.73422     -0.00131915    0.51026349   -0.00258524    0.16446961
  508    5    -4.88341     3.10436    -3.95643     -0.00167596    0.51026349   -0.00328450    0.15958430
  509    5    -3.60012     3.56682    -4.52721     -0.00151918    0.51026349   -0.00297724    0.15479863
  510    5    -2.37679     3.11048    -5.22128     -0.00145392    0.51026349   -0.00284936    0.15784469
  511    5    -1.69627     1.91545    -5.76470     -0.00176604    0.51026349   -0.00346104    0.16866642
  512    7     1.44897    -4.14059     0.12859     -0.00167663    0.75578928   -0.00221838    0.17421588
  513    6     0.82873    -3.86426    -0.13217     -0.00178762    0.72129414   -0.00247835    0.17590472
  514   13     4.00645     2.64834    -0.09114     -0.00225655    0.67740577   -0.00333116    0.18023535
  515    6     2.91440     2.70753     0.08423     -0.00175341    0.87319448   -0.00200804    0.17879041
  516    7     4.54868    -0.78806     3.75872     -0.00107448    0.27522922   -0.00390395    0.18151856
  517   10     3.82615    -0.65835     4.26940     -0.00147302    0.27522922   -0.00535196    0.18813350
  518   15     4.54426    -1.07321     3.84445     -0.00090797    0.27522922   -0.00329897    0.18228814
  519   10     3.49565     0.09266     4.47920     -0.00559248    1.24267322   -0.00450036    0.19029098
  520    7     4.45893     0.24783     3.54663     -0.00327260    1.75714394   -0.00186245    0.17667080
  521    7     4.54870    -0.78798    -3.75867     -0.00093468    0.27524551   -0.00339580    0.18150503
  522   11     3.82617    -0.65828    -4.26937     -0.00162740    0.27524551   -0.00591254    0.18813346
  523   14     4.54427    -1.07314    -3.84443     -0.00090683    0.27524551   -0.00329462    0.18228446
  524   11     3.44428     0.36285    -4.38280     -0.00536851    1.24262682   -0.00432029    0.18982665
  525    7     4.50717    -0.00566    -3.63703     -0.00335044    1.75708003   -0.00190682    0.17691888
  526   13     5.05689     1.88968     1.94889     -0.00077375    0.24630584   -0.00314141    0.17443228
  527   13     5.96022     1.22146     2.10025     -0.00173536    0.54939905   -0.00315865    0.16888538
  528   13     6.97013     0.47439     1.55221     -0.00179130    0.54939905   -0.00326048    0.16298850
  529   13     7.49538     0.08584     0.34741     -0.00190133    0.54939905   -0.00346075    0.16133059
  530   13     7.31372     0.22021    -1.00438     -0.00176948    0.54939905   -0.00322076    0.16187589
  531   13     6.50202     0.82065    -1.93120     -0.00164681    0.54939905   -0.00299747    0.16524650
  532   13     5.40371     1.63310    -2.04091     -0.00173957    0.54939905   -0.00316632    0.17331929
  533    7     5.15775     1.40472     2.28209     -0.00146212    0.53392829   -0.00273842    0.17404139
  534    7     6.38585     0.49625     2.15944     -0.00143392    0.53392829   -0.00268561    0.16399439
  535    7     7.29349    -0.17516     1.12312     -0.00150338    0.53392829   -0.00281570    0.16008491
  536    7     7.49663    -0.32544    -0.38841     -0.00160708    0.53392829   -0.00300991    0.15974410
  537    7     6.90932     0.10900    -1.73560     -0.00153195    0.53392829   -0.00286921    0.16138277
  538    7     5.78007     0.94434    -2.34843     -0.00146056    0.53392829   -0.00273550    0.16832055
  539    7     4.78540     1.68013    -2.19699     -0.00079162    0.29855253   -0.00265153    0.17519372
  540   14     5.18506    -1.28566    -3.66953     -0.00080106    0.23987574   -0.00333948    0.17450751
  541   14     6.04804    -1.76766    -3.16372     -0.00176847    0.53296275   -0.00331818    0.16777389
  542   14     6.53270    -2.75710    -2.39480     -0.00179612    0.53296275   -0.00337006    0.16397625
  543   14     6.17441    -3.86414    -1.72304     -0.00185593    0.53296275   -0.00348229    0.16276273
  544   14     5.11882    -4.63871    -1.42154     -0.00168168    0.53296275   -0.00315534    0.16342076
  545   14     3.79505    -4.76595    -1.61286     -0.00163974    0.53296275   -0.00307664    0.16900791
  546   14     2.85401    -4.38783    -2.06494     -0.00084413    0.23987574   -0.00351902    0.17603259
  547    7     5.61081    -1.07987    -3.31773     -0.00141956    0.52181700   -0.00272041    0.16986749
  548    7     6.56373    -1.94066    -2.53757     -0.00147014    0.52181700   -0.00281734    0.16269545
  549    7     6.63828    -3.17748    -1.68764     -0.00166156    0.52181700   -0.00318418    0.16076497
  550    7     5.80416    -4.28753    -1.11347     -0.00157390    0.52181700   -0.00301618    0.16011263
  551    7     4.40046    -4.81956    -1.04847     -0.00139291    0.52181700   -0.00266936    0.16284136
  552    7     2.99782    -4.55727    -1.51906     -0.00166797    0.52181700   -0.00319647    0.17284156
  553   15     2.85405    -4.38780     2.06502     -0.00077960    0.23986313   -0.00325020    0.17590639
  554   15     3.79507    -4.76593     1.61291     -0.00183794    0.53293962   -0.00344869    0.16898824
  555   15     5.11882    -4.63870     1.42156     -0.00160686    0.53293962   -0.00301508    0.16338173
  556   15     6.17441    -3.86414     1.72305     -0.00171317    0.53293962   -0.00321458    0.16273771
  557   15     6.53270    -2.75712     2.39480     -0.00187211    0.53293962   -0.00351279    0.16397957
  558   15     6.04804    -1.76769     3.16374     -0.00186182    0.53293962   -0.00349350    0.16783782
  559   15     5.18505    -1.28572     3.66956     -0.00075843    0.23986313   -0.00316192    0.17449494
  560    7     2.99784    -4.55725     1.51915     -0.00161716    0.52178404   -0.00309929    0.17281973
  561    7     4.40046    -4.81955     1.04852     -0.00140207    0.52178404   -0.00268706    0.16281615
  562    7     5.80416    -4.28754     1.11350     -0.00148770    0.52178404   -0.00285117    0.16007284
  563    7     6.63828    -3.17749     1.68766     -0.00165486    0.52178404   -0.00317154    0.16073870
  564    7     6.56372    -1.94069     2.53760     -0.00161476    0.52178404   -0.00309468    0.16265875
  565    7     5.61080    -1.07994     3.31778     -0.00148124    0.52178404   -0.00283881    0.16993110
  566   15     4.52272    -1.44518     4.12730     -0.00189345    0.84301364   -0.00224605    0.17831312
  567   15     3.93147    -2.49119     4.23702     -0.00515859    1.68673599   -0.00305833    0.18213876
  568   15     3.14224    -3.33434     3.88782     -0.00214755    0.84301364   -0.00254747    0.18063945
  569   10     3.35279    -1.23746     4.88369     -0.00616988    1.68673599   -0.00365788    0.18816575
  570   10     2.49211    -2.41528     4.73438     -0.00621469    1.68673599   -0.00368445    0.18745566
  571   14     3.14224    -3.33432    -3.88788     -0.00216841    0.84302724   -0.00257217    0.18068291
  572   14     3.93149    -2.49114    -4.23705     -0.00530854    1.68676338   -0.00314718    0.18214264
  573   14     4.52273    -1.44512    -4.12729     -0.00190822    0.84302724   -0.00226353    0.17832058
  574   11     2.49213    -2.41523    -4.73442     -0.00600028    1.68676338   -0.00355727    0.18745222
  575   11     3.35281    -1.23739    -4.88369     -0.00623179    1.68676338   -0.00369453    0.18815005
