COSMO Results from DMol3

Note: COSMO for ideal conductor limit (fepsi= 1.0000)
  Basic Grid Size                  =   1082
  Number of Segments on an Atom    =     92
  Number of Segments on Hydrogen   =     32
  Solvent Radius    [au]           =   2.46
  A - Matrix Cutoff [au]           =  13.23
  factor for Outlying Charge corr  =   0.85
  maximum segment or cutoff radius =   1.46
  total number of segments         =    715
  number of charge corr segments   =    299




$coordinates xyz [au]                         and cosmo atom analysis:   radius   charge    area  charge density  (srad)
N            -5.32461490119786    0.30669578307666    0.01813570351129   3.4582  -0.0455    24.80    -0.00183    5.9148
C            -5.35268266696114   -2.30586922687520    0.01941098896619   3.7795  -0.0687    61.36    -0.00112    6.2361
C            -2.87935064266377   -3.05409680908989   -0.02719142417008   3.7795  -0.0437    51.51    -0.00085    6.2361
N            -1.39526938033440   -0.88631083571857   -0.05561949078553   3.4582  -0.0090     6.37    -0.00141    5.9148
C            -2.91972269490635    1.14050435607427   -0.02676912140375   3.7795  -0.1070    55.16    -0.00194    6.2361
C             1.41741350287188   -0.88206890512483   -0.14415618141355   3.7795  -0.0383    23.96    -0.00160    6.2361
C             2.60801394284079    1.72612468075058    0.12310109859326   3.7795  -0.0110    22.03    -0.00050    6.2361
C             5.49860956332778    1.54026634635384    0.04380896139679   3.7795   0.0215    58.27     0.00037    6.2361
H            -6.88005880014363    1.45718961307287    0.05654704773616   2.4566  -0.1750    30.54    -0.00573    4.9133
H            -7.09217587493283   -3.38922441545808    0.05894853626225   2.4566  -0.0770    22.99    -0.00335    4.9133
H            -2.04794089745786   -4.92782959607256   -0.03848377931698   2.4566  -0.0829    24.84    -0.00334    4.9133
H            -2.32964740514105    3.09958029102003   -0.03693087797650   2.4566  -0.0802    19.69    -0.00407    4.9133
H             1.95145192371160   -1.76226678873332   -1.94951592386299   2.4566  -0.0602    26.05    -0.00231    4.9133
H             2.04520242163081   -2.14443495824739    1.38132423332240   2.4566  -0.0590    25.36    -0.00233    4.9133
H             2.00928007725914    2.59411247505791    1.91936992045538   2.4566  -0.0400    23.69    -0.00169    4.9133
H             1.95706839951468    2.96764671078430   -1.41792065056178   2.4566  -0.0403    22.94    -0.00176    4.9133
H             6.16210806030425    0.72886661628821   -1.75012968831348   2.4566  -0.0275    24.93    -0.00110    4.9133
H             6.22868002954446    0.36524171318798    1.59415398430457   2.4566  -0.0273    24.85    -0.00110    4.9133
H             6.34363534273347    3.42587294965317    0.23191666325627   2.4566  -0.0284    24.16    -0.00117    4.9133
$end


$cosmo_energy               [Hartree atomic units]       [eV]     [kcal/mol]
  Total energy                 =       -344.703822
  Total energy + OC corr.      =       -344.700317
  Dielectric energy            =         -0.090159      -2.453      -56.58
  Diel. energy + OC corr.      =         -0.086654      -2.358      -54.38

  Surface area of cavity [au]  =           573.526
  Total Volume of cavity [au]  =          1033.937


$screening_charge
  cosmo           =   -1.02446
  corrected total =   -0.99955


$segment information
    n  atom        position (X, Y, Z) [au]            charge       area [au]   charge/area    potential [au]

    1    1    -7.05393     0.23934     3.01213     -0.00053274    0.55557476   -0.00095890    0.17274975
    2    1    -5.87312     2.90560     2.23264     -0.00053234    0.13889369   -0.00383271    0.19972072
    3    1    -6.84675     1.27876    -2.93098     -0.00119758    0.97225583   -0.00123175    0.17760899
    4    1    -5.94542     2.45428     2.65663     -0.00034898    0.41668107   -0.00083752    0.18802595
    5    1    -7.68520     0.52189     2.53614     -0.00075689    0.69446845   -0.00108989    0.18997324
    6    1    -6.92650     1.05001     2.99144     -0.00153731    0.97225583   -0.00158118    0.17864736
    7    1    -6.20379     1.87099     2.97434     -0.00078983    1.25004321   -0.00063184    0.17939705
    8    1    -6.04275     2.82486    -2.24070     -0.00076441    0.55557476   -0.00137589    0.19788276
    9    1    -6.22456     2.02187    -2.84673     -0.00141030    1.11114952   -0.00126923    0.18054026
   10    1    -7.49160     0.44327    -2.67345     -0.00079215    0.97225583   -0.00081476    0.18053940
   11    1    -8.12136     0.14322    -2.00930     -0.00083510    0.27778738   -0.00300626    0.19573225
   12    1    -6.12897     0.29608     3.38147      0.00075858    0.69446845    0.00109232    0.16206365
   13    1    -5.22821     0.29327     3.47496      0.00014812    0.55557476    0.00026661    0.15960553
   14    1    -5.73090     1.16727    -3.30655      0.00080093    0.97225583    0.00082378    0.16508219
   15    1    -6.54994     0.41758    -3.21380     -0.00005002    0.97225583   -0.00005145    0.16496156
   16    1    -5.51677     0.31504    -3.43471      0.00023434    0.69446845    0.00033744    0.15931627
   17    1    -5.87446     1.06570     3.34690      0.00000495    0.97225583    0.00000509    0.16572083
   18    2    -7.75290    -1.65724    -2.82706     -0.00115102    1.49307918   -0.00077090    0.15949173
   19    2    -5.87513    -5.09969    -2.47172     -0.00011743    1.16128380   -0.00010112    0.14315303
   20    2    -6.08438    -5.68011     1.55672     -0.00137317    0.99538612   -0.00137953    0.15345944
   21    2    -6.66000    -3.08290     3.47940     -0.00027508    1.49307918   -0.00018424    0.14239005
   22    2    -7.58288    -3.41678     2.86131     -0.00105216    1.32718149   -0.00079278    0.15243707
   23    2    -6.05022    -5.95766     0.69916     -0.00038738    0.49769306   -0.00077835    0.15871479
   24    2    -6.76037    -4.97578    -2.25525     -0.00090739    0.99538612   -0.00091160    0.14956549
   25    2    -8.34640    -2.38407    -2.28618     -0.00096907    0.82948843   -0.00116827    0.16375094
   26    2    -8.94541    -1.51673     0.88768     -0.00185268    0.99538612   -0.00186126    0.18881505
   27    2    -8.57841    -1.56607    -1.80586     -0.00196594    0.99538612   -0.00197505    0.17570036
   28    2    -7.34433    -2.71149    -3.16696     -0.00086844    1.82487455   -0.00047589    0.14795282
   29    2    -6.50478    -4.13107    -3.08307     -0.00011382    1.16128380   -0.00009801    0.14047428
   30    2    -6.04188    -5.67176    -1.55536     -0.00092265    0.99538612   -0.00092692    0.15230039
   31    2    -5.89833    -6.04512    -0.04677     -0.00141511    0.66359074   -0.00213250    0.15976199
   32    2    -5.84150    -5.26130     2.32391     -0.00054072    1.16128380   -0.00046562    0.14556218
   33    2    -6.63660    -4.18749     3.03526     -0.00040837    1.16128380   -0.00035166    0.14307115
   34    2    -7.70009    -2.19408     2.97940     -0.00099842    1.49307918   -0.00066870    0.15592531
   35    2    -8.28352    -1.47594     2.25677     -0.00244784    1.32718149   -0.00184439    0.17272190
   36    2    -6.53655    -1.52702    -3.48430      0.00030517    1.65897686    0.00018395    0.14967667
   37    2    -5.19306    -1.65753    -3.70058      0.00007056    1.65897686    0.00004253    0.14598203
   38    2    -5.13553    -2.87964    -3.70990      0.00075251    0.99538612    0.00075600    0.13703054
   39    2    -5.51274    -4.05627    -3.32642      0.00069996    1.32718149    0.00052740    0.13573805
   40    2    -5.41789    -3.00733     3.73264      0.00090523    1.65897686    0.00054565    0.13709636
   41    2    -6.33084    -2.03760     3.66024     -0.00023439    1.32718149   -0.00017661    0.14535614
   42    2    -6.08028    -1.27083     3.58083      0.00002029    0.66359074    0.00003058    0.15075983
   43    2    -6.79036    -4.85918     2.40644     -0.00056846    0.82948843   -0.00068532    0.15013299
   44    2    -6.20792    -5.89393    -0.80430     -0.00086839    0.49769306   -0.00174482    0.15839806
   45    2    -7.45185    -3.75526    -2.76930     -0.00100359    1.32718149   -0.00075618    0.14963728
   46    2    -8.95216    -1.51937    -0.82289     -0.00148987    0.82948843   -0.00179613    0.18762215
   47    2    -8.53112    -2.25028     2.06362     -0.00072374    0.66359074   -0.00109065    0.17073663
   48    2    -4.99022    -1.72653     3.73659      0.00011197    1.49307918    0.00007499    0.14541281
   49    2    -6.11441    -2.91060    -3.63274      0.00012377    1.65897686    0.00007461    0.13907221
   50    2    -5.71646    -4.28360     3.21949      0.00061355    1.32718149    0.00046229    0.13748611
   51    2    -7.15358    -1.40989     3.21916      0.00013481    0.82948843    0.00016252    0.15688860
   52    3    -4.00174    -5.61565     2.51507     -0.00002736    1.16128380   -0.00002356    0.14254288
   53    3    -4.17594    -6.28360    -1.50146     -0.00132783    0.99538612   -0.00133399    0.15270235
   54    3    -2.41802    -4.50967    -3.48445     -0.00008674    1.16128380   -0.00007469    0.14048131
   55    3    -1.85157    -5.34014    -2.85594     -0.00060708    0.99538612   -0.00060990    0.14990380
   56    3    -4.34204    -6.50287    -0.52805     -0.00047761    0.66359074   -0.00071973    0.15868785
   57    3    -3.20072    -6.01376     2.30121     -0.00080898    0.99538612   -0.00081273    0.14859410
   58    3    -1.03821    -4.90099     2.70840     -0.00103712    0.82948843   -0.00125032    0.15496678
   59    3    -1.58367    -4.33458     3.28429     -0.00045017    1.32718149   -0.00033919    0.14615795
   60    3    -2.93370    -5.15693     3.11279      0.00004776    1.16128380    0.00004112    0.13960627
   61    3    -4.10893    -6.23084     1.61012     -0.00067864    0.82948843   -0.00081814    0.15195027
   62    3    -4.53028    -6.43049     0.37127     -0.00074434    0.33179537   -0.00224336    0.15864181
   63    3    -4.03151    -5.81245    -2.33983     -0.00037443    1.16128380   -0.00032243    0.14443063
   64    3    -2.88907    -5.38426    -3.00284     -0.00022590    1.16128380   -0.00019453    0.14191530
   65    3    -1.37290    -4.58611    -3.13648     -0.00042916    0.99538612   -0.00043114    0.15012565
   66    3    -1.63301    -3.10638     3.54047     -0.00038882    0.99538612   -0.00039063    0.14799879
   67    3    -2.62587    -2.43092     3.69191     -0.00000210    1.49307918   -0.00000141    0.14522155
   68    3    -3.36115    -3.34198     3.71037      0.00080220    0.99538612    0.00080592    0.13664550
   69    3    -3.65011    -4.51295     3.37311      0.00073377    1.16128380    0.00063186    0.13512675
   70    3    -3.23903    -3.73587    -3.72719      0.00104857    1.65897686    0.00063206    0.13648837
   71    3    -1.93590    -3.29502    -3.67904     -0.00069485    1.65897686   -0.00041884    0.14625845
   72    3    -3.13545    -6.01539    -2.36158     -0.00073105    0.82948843   -0.00088132    0.14896169
   73    3    -4.18105    -6.48870     0.86356     -0.00106562    0.49769306   -0.00214113    0.15802039
   74    3    -2.05560    -5.40252     2.81722     -0.00087191    1.16128380   -0.00075081    0.14790525
   75    3    -0.82897    -5.07885    -2.47269     -0.00061719    0.33179537   -0.00186016    0.16121873
   76    3    -2.87411    -2.43611    -3.75576      0.00003235    1.49307918    0.00002167    0.14532213
   77    3    -2.56881    -3.91837     3.63900      0.00022546    1.65897686    0.00013590    0.13864378
   78    3    -3.70407    -4.86222    -3.24196      0.00067034    1.16128380    0.00057724    0.13623671
   79    4    -1.25391    -0.95753    -3.51020     -0.00030215    0.27778738   -0.00108771    0.16193570
   80    4    -1.46988    -0.99387     3.40009     -0.00009138    0.13889369   -0.00065794    0.15931820
   81    4    -0.90938    -0.39021     3.33213     -0.00016487    0.13889369   -0.00118703    0.16245859
   82    4    -1.04881    -1.08288     3.37955      0.00006583    0.41668107    0.00015798    0.15966728
   83    4    -1.61515    -1.04215    -3.50331     -0.00009611    0.13889369   -0.00069196    0.16085373
   84    5    -3.37120     0.23097    -3.66728     -0.00092022    0.66359074   -0.00138673    0.16168667
   85    5    -4.52954     3.33137    -2.65220     -0.00121090    0.99538612   -0.00121652    0.17937172
   86    5    -4.55078     4.18188     1.51396     -0.00212531    0.99538612   -0.00213516    0.19529075
   87    5    -2.51003     2.63975     3.41831     -0.00115669    1.16128380   -0.00099604    0.16498396
   88    5    -2.49106     3.68911     2.73095     -0.00233383    1.16128380   -0.00200970    0.17651770
   89    5    -4.78642     4.35411     0.66049     -0.00152433    0.49769306   -0.00306279    0.20440082
   90    5    -4.00957     4.08020    -2.13739     -0.00336415    1.49307918   -0.00225316    0.18621821
   91    5    -2.19165     2.51177    -3.47262     -0.00114837    1.32718149   -0.00086527    0.16567542
   92    5    -3.40780     3.26012    -3.11762     -0.00168955    1.49307918   -0.00113159    0.17078064
   93    5    -4.90018     3.92795    -1.63678     -0.00190763    0.82948843   -0.00229977    0.19647201
   94    5    -4.83845     4.39624     0.02668     -0.00139819    0.33179537   -0.00421401    0.20685370
   95    5    -4.46351     3.65255     2.33764     -0.00226983    1.32718149   -0.00171026    0.18422350
   96    5    -3.45481     3.25218     3.06169     -0.00117933    1.16128380   -0.00101554    0.17075122
   97    5    -1.76262     1.24145    -3.62334     -0.00151281    1.32718149   -0.00113987    0.16343554
   98    5    -2.61776     0.56844    -3.75047     -0.00131417    1.32718149   -0.00099020    0.16105989
   99    5    -3.69579     1.19425    -3.72531     -0.00088592    1.16128380   -0.00076288    0.16115597
  100    5    -4.18450     2.29343    -3.39656     -0.00081809    1.49307918   -0.00054792    0.16660843
  101    5    -3.84188     1.10744     3.63829     -0.00040257    0.99538612   -0.00040444    0.16137854
  102    5    -3.40994     2.03340     3.61281     -0.00088030    1.16128380   -0.00075804    0.16253320
  103    5    -2.42947     1.56099     3.69707     -0.00143266    1.32718149   -0.00107947    0.16082400
  104    5    -1.95458     0.78742     3.61026     -0.00100609    0.99538612   -0.00101075    0.16099176
  105    5    -3.51691     3.99607     2.37599     -0.00175845    0.82948843   -0.00211992    0.18203708
  106    5    -4.67289     4.38646    -0.84796     -0.00159528    0.49769306   -0.00320535    0.20246193
  107    5    -2.50579     3.57543    -2.88757     -0.00227572    1.16128380   -0.00195966    0.17538700
  108    5    -2.98967     0.37817     3.67432     -0.00160272    1.32718149   -0.00120761    0.16047061
  109    5    -3.01163     1.94207    -3.71912     -0.00137973    1.49307918   -0.00092408    0.16205854
  110    5    -4.18363     2.69796     3.17651     -0.00099120    1.16128380   -0.00085354    0.17013579
  111    6     0.60131     0.21022    -3.66909     -0.00069309    0.49769306   -0.00139260    0.16112020
  112    6     2.37902    -4.53543    -0.25561     -0.00041698    0.99538612   -0.00041891    0.15206727
  113    6     1.13949    -0.80208     3.62421     -0.00034710    0.49769306   -0.00069741    0.15753313
  114    6     0.41887    -0.25547     3.44674     -0.00043836    0.33179537   -0.00132117    0.16037390
  115    6     2.42293    -4.38687    -1.13891     -0.00036537    0.99538612   -0.00036707    0.15163888
  116    6     4.27067    -3.14082    -1.16457     -0.00029028    0.49769306   -0.00058325    0.14021888
  117    6     0.32241    -0.51857    -3.74319     -0.00077606    0.49769306   -0.00155932    0.16339720
  118    6     4.18652    -3.44963    -0.29896     -0.00056936    0.99538612   -0.00057200    0.13943043
  119    6     3.38801    -4.10642    -0.21155     -0.00042848    0.99538612   -0.00043046    0.14444526
  120    6     0.51952    -1.16099     3.51647     -0.00087986    0.49769306   -0.00176788    0.16109140
  121    6     3.62933    -3.84362    -0.93210     -0.00030183    0.66359074   -0.00045484    0.14262106
  122    6     1.08498     0.02589    -3.79784     -0.00018395    0.33179537   -0.00055439    0.15870602
  123    7     3.16499     5.43819     0.56437      0.00026135    0.82948843    0.00031507    0.12215250
  124    7     3.00711     1.37459    -3.61872     -0.00014684    0.49769306   -0.00029505    0.13905859
  125    7     2.95549     5.22658     1.50531      0.00007390    1.32718149    0.00005568    0.12531392
  126    7     2.67612     0.60127     3.73065     -0.00034173    0.66359074   -0.00051497    0.14204345
  127    7     2.21525     5.47152     0.44272      0.00045663    1.32718149    0.00034406    0.12962936
  128    7     1.37282     5.29009     0.36150      0.00028864    0.66359074    0.00043496    0.14008100
  129    7     2.95710     5.43707    -0.50246      0.00001952    0.99538612    0.00001961    0.12618890
  130    7     2.34841     1.47288    -3.63889     -0.00013198    0.33179537   -0.00039777    0.14531829
  131    7     1.51004     5.20914     1.09649      0.00017909    0.49769306    0.00035983    0.13856840
  132    7     3.18010     0.94906     3.77731     -0.00002821    0.16589769   -0.00017004    0.13611133
  133    8     7.46567     3.67727    -2.37445      0.00093650    0.82948843    0.00112900    0.09068836
  134    8     9.20508     0.80859    -0.06022      0.00078729    1.32718149    0.00059320    0.08393180
  135    8     6.79437    -2.01010     0.05617      0.00123650    1.16128380    0.00106477    0.10627262
  136    8     5.63798     3.68196     3.15476      0.00111318    1.65897686    0.00067100    0.10317833
  137    8     6.76082     3.50077     3.01828      0.00060372    0.66359074    0.00090978    0.09521731
  138    8     5.39834     2.48894     3.70090      0.00078919    0.99538612    0.00079284    0.10653520
  139    8     6.08930     2.42428     3.67064      0.00054512    0.66359074    0.00082147    0.10075160
  140    8     7.16760    -1.73800    -0.82315      0.00066852    0.66359074    0.00100743    0.10237341
  141    8     8.92857     0.43552    -1.09596      0.00077000    1.49307918    0.00051571    0.08789387
  142    8     7.28129     3.06221    -2.92096      0.00132772    1.32718149    0.00100041    0.09255381
  143    8     4.99452     2.46413    -3.58614      0.00038297    0.82948843    0.00046170    0.11438444
  144    8     8.01971     2.83721     2.54305      0.00143543    1.32718149    0.00108156    0.08806740
  145    8     7.84131     2.24705     2.92417      0.00089407    0.82948843    0.00107786    0.08996762
  146    8     5.38694     3.63311    -3.10130      0.00090178    1.16128380    0.00077653    0.10512352
  147    8     6.37252     3.94763    -2.73558      0.00109354    1.16128380    0.00094166    0.09674710
  148    8     8.41287     2.95970    -1.89949      0.00182047    1.82487455    0.00099759    0.08632819
  149    8     9.13528     1.82477    -0.94503      0.00102579    1.49307918    0.00068703    0.08345941
  150    8     8.76661    -0.35558     0.14447      0.00117215    1.49307918    0.00078505    0.08848973
  151    8     7.82093    -1.43878    -0.08402      0.00135521    1.16128380    0.00116699    0.09598433
  152    8     6.27643    -2.05562    -0.82155      0.00087081    0.82948843    0.00104982    0.11206647
  153    8     4.87596     4.89912    -1.57316      0.00009556    0.33179537    0.00028801    0.11257496
  154    8     8.89598     2.65703     1.26646      0.00086730    1.32718149    0.00065349    0.08529432
  155    8     9.24057     1.88489     0.44767      0.00099970    1.65897686    0.00060260    0.08287426
  156    8     9.05414     0.70642     1.01700      0.00068535    1.16128380    0.00059016    0.08630884
  157    8     5.07648     4.43249     2.43988      0.00012565    0.33179537    0.00037871    0.11044049
  158    8     6.80410     2.75487     3.37618      0.00136087    1.32718149    0.00102538    0.09443779
  159    8     5.03506     1.46197     3.79392      0.00017548    0.66359074    0.00026444    0.11564906
  160    8     8.36845    -0.82089    -0.64402      0.00106405    1.16128380    0.00091627    0.09170839
  161    8     8.75906     1.93945    -1.82548      0.00076498    0.99538612    0.00076852    0.08638706
  162    8     6.05841     3.04830    -3.37622      0.00058588    0.82948843    0.00070631    0.10159928
  163    8     8.81654     1.72311     1.84438      0.00124971    1.49307918    0.00083700    0.08573058
  164    8     5.43288     4.51919    -2.28124      0.00072089    1.16128380    0.00062077    0.10558391
  165    8     9.02138     2.79790    -0.49707      0.00057041    1.16128380    0.00049119    0.08509621
  166    9    -8.86552     2.90388     0.04538     -0.00755178    1.33174368   -0.00567059    0.21223711
  167    9    -8.73445     1.26756     1.65667     -0.00742571    1.40183545   -0.00529714    0.20949433
  168    9    -9.21886     0.98200    -0.52601     -0.00830502    1.47192722   -0.00564227    0.21284773
  169    9    -8.01968     2.34999    -1.92822     -0.00636822    1.40183545   -0.00454277    0.20764253
  170    9    -7.20517     3.84110    -0.43972     -0.00779251    1.47192722   -0.00529408    0.21741972
  171    9    -7.38245     3.14911     1.76535     -0.00724355    1.47192722   -0.00492113    0.21145914
  172    9    -9.25205     1.91421     0.50365     -0.00812865    1.47192722   -0.00552245    0.21176875
  173    9    -9.00556     2.20484    -0.92242     -0.00898089    1.61211077   -0.00557089    0.21090211
  174    9    -8.23254     3.26257    -0.91632     -0.00809353    1.47192722   -0.00549859    0.21240315
  175    9    -8.08145     3.54653     0.53232     -0.00774827    1.40183545   -0.00552723    0.21386311
  176    9    -8.59665     2.69386     1.30515     -0.00848521    1.54201899   -0.00550266    0.21086182
  177    9    -9.20062     0.94007     0.67518     -0.00568643    1.05137659   -0.00540856    0.21303772
  178    9    -8.66105     1.36988    -1.63331     -0.00604675    1.26165190   -0.00479272    0.20865569
  179    9    -7.29607     3.26013    -1.55944     -0.00688056    1.33174368   -0.00516658    0.21250362
  180    9    -7.09379     3.77699     0.83618     -0.00690155    1.26165190   -0.00547025    0.21736906
  181    9    -8.03017     2.10593     2.12812     -0.00606412    1.33174368   -0.00455352    0.20713726
  182   10    -8.96693    -4.95568     0.31692     -0.00717278    1.96256963   -0.00365479    0.16532111
  183   10    -7.90102    -5.28615     1.39404     -0.00392169    1.40183545   -0.00279754    0.16236414
  184   10    -7.65363    -5.65241    -0.71429     -0.00344219    1.19156013   -0.00288881    0.16314792
  185   10    -8.66378    -4.18985    -1.65107     -0.00380236    1.33174368   -0.00285518    0.16447750
  186   10    -9.47715    -2.82528    -0.11112     -0.00387206    1.26165190   -0.00306904    0.17662471
  187   10    -8.96398    -3.50810     1.64552     -0.00410688    1.47192722   -0.00279014    0.16869453
  188   10    -7.83434    -5.71255     0.35292     -0.00512109    1.61211077   -0.00317664    0.16344543
  189   10    -8.34642    -5.09904    -1.18143     -0.00546947    1.68220254   -0.00325137    0.16309953
  190   10    -9.35392    -4.17435    -0.49163     -0.00541036    1.54201899   -0.00350862    0.16769332
  191   10    -9.45829    -3.33910     0.71773     -0.00535277    1.68220254   -0.00318200    0.17183113
  192   10    -8.61487    -4.50749     1.62927     -0.00505334    1.61211077   -0.00313461    0.16416398
  193   10    -9.20297    -3.24859    -1.18999     -0.00359482    1.26165190   -0.00284929    0.17129649
  194   11    -1.17895    -7.22547    -0.06611     -0.00677896    1.89247786   -0.00358205    0.16514957
  195   11    -2.50151    -6.95284    -1.35326     -0.00338974    1.26165190   -0.00268674    0.16119213
  196   11    -2.88539    -7.11732     0.69623     -0.00388035    1.33174368   -0.00291374    0.16238617
  197   11    -1.14672    -6.38788     1.71967     -0.00408001    1.40183545   -0.00291048    0.16390406
  198   11    -0.64190    -6.18736    -1.61066     -0.00421590    1.26165190   -0.00334157    0.16716639
  199   11    -2.58023    -7.30776    -0.33445     -0.00565782    1.75229431   -0.00322881    0.16248745
  200   11    -1.93848    -7.03093     1.22644     -0.00545028    1.75229431   -0.00311037    0.16236464
  201   11    -0.41602    -6.52238     0.87219     -0.00589498    1.68220254   -0.00350432    0.16812030
  202   11    -0.17448    -6.46185    -0.45325     -0.00683085    1.75229431   -0.00389823    0.16983959
  203   11    -1.48939    -6.79740    -1.53105     -0.00562952    1.82238608   -0.00308909    0.16313377
  204   12    -1.83138     5.50218    -0.15684     -0.00842810    1.75229431   -0.00480975    0.18973470
  205   12    -2.22780     4.81242     1.72119     -0.00411519    1.05137659   -0.00391410    0.18860650
  206   12    -3.46643     5.26699     0.17573     -0.00451645    1.26165190   -0.00357979    0.19528307
  207   12    -2.88225     4.93692    -1.57117     -0.00353807    1.12146836   -0.00315485    0.19131452
  208   12    -1.73975     5.28203     0.92437     -0.00486640    1.12146836   -0.00433931    0.18879321
  209   12    -2.93669     5.22810     1.02894     -0.00507218    1.40183545   -0.00361824    0.19173251
  210   12    -3.08326     5.34856    -0.67669     -0.00544632    1.47192722   -0.00370013    0.19261101
  211   12    -1.96835     5.02851    -1.51469     -0.00581329    1.33174368   -0.00436517    0.18947210
  212   13     2.36841    -2.96090    -4.05296     -0.00294432    1.19156013   -0.00247098    0.15251623
  213   13     2.69300    -1.11756    -4.20107     -0.00274571    0.98128481   -0.00279807    0.15176984
  214   13     1.03425    -1.74926    -4.22848     -0.00289199    1.26165190   -0.00229223    0.15913037
  215   13     2.49951    -4.07606    -2.56686     -0.00252549    1.19156013   -0.00211949    0.15371050
  216   13     3.80454    -3.04486    -2.92729     -0.00187234    0.77100950   -0.00242842    0.14695538
  217   13     2.26497    -1.96949    -4.37723     -0.00263838    1.12146836   -0.00235261    0.15274687
  218   13     1.26260    -2.74750    -4.09192     -0.00272068    1.26165190   -0.00215645    0.15779189
  219   13     1.77088    -3.75534    -3.37435     -0.00374700    1.40183545   -0.00267292    0.15689679
  220   13     3.02320    -3.47463    -3.34745     -0.00255346    1.12146836   -0.00227689    0.15003321
  221   13     3.32557    -2.39560    -3.88490     -0.00368501    1.33174368   -0.00276706    0.14901890
  222   13     1.73954    -0.95737    -4.26085     -0.00184413    0.98128481   -0.00187930    0.15608359
  223   13     3.52165    -3.60122    -2.38284     -0.00163700    0.91119304   -0.00179655    0.14809179
  224   14     2.93349    -3.72179     3.04204     -0.00308274    1.26165190   -0.00244341    0.15229111
  225   14     1.34924    -3.07442     3.54600     -0.00250426    0.98128481   -0.00255202    0.15972956
  226   14     2.56683    -1.86574     3.76570     -0.00272349    1.12146836   -0.00242851    0.15310403
  227   14     3.49300    -4.12854     1.33273     -0.00205489    1.33174368   -0.00154301    0.14983609
  228   14     2.27164    -3.00390     3.67155     -0.00241418    1.05137659   -0.00229621    0.15441284
  229   14     3.29136    -2.75699     3.40788     -0.00323785    1.19156013   -0.00271732    0.15038182
  230   14     3.75676    -3.65958     2.28134     -0.00423854    1.54201899   -0.00274869    0.14879507
  231   14     2.53747    -4.49551     1.89637     -0.00455377    1.68220254   -0.00270703    0.15590719
  232   14     1.88592    -4.02268     2.95674     -0.00343359    1.33174368   -0.00257827    0.15842820
  233   14     1.52617    -2.14972     3.78249     -0.00220259    1.05137659   -0.00209495    0.15818289
  234   15     1.42494     3.60166     4.08233     -0.00252569    1.33174368   -0.00189653    0.14373254
  235   15     2.92365     3.20013     4.11749     -0.00151615    1.05137659   -0.00144206    0.13303103
  236   15     1.64006     1.71973     4.18523     -0.00163098    1.12146836   -0.00145432    0.14650028
  237   15     0.95316     4.69267     2.63749     -0.00157397    0.84110127   -0.00187132    0.14891719
  238   15     2.60673     4.71627     3.00314     -0.00151299    1.12146836   -0.00134912    0.13313903
  239   15     2.02368     2.81106     4.36636     -0.00171195    1.05137659   -0.00162829    0.14002236
  240   15     0.91606     2.52243     4.11817     -0.00200006    1.33174368   -0.00150184    0.15051251
  241   15     0.62966     3.87399     3.49847     -0.00215930    0.98128481   -0.00220048    0.15240116
  242   15     1.57223     4.46471     3.45067     -0.00185849    1.12146836   -0.00165719    0.14159848
  243   15     2.74032     4.06023     3.74998     -0.00190313    1.40183545   -0.00135760    0.13309457
  244   15     2.68806     2.09824     4.22771     -0.00115562    0.91119304   -0.00126825    0.13721185
  245   15     1.70516     4.95967     2.50818     -0.00089443    0.84110127   -0.00106340    0.14015305
  246   16     1.61456     4.62158    -3.20183     -0.00204310    1.12146836   -0.00182181    0.14448979
  247   16     1.16905     2.78016    -3.73717     -0.00157060    0.91119304   -0.00172368    0.15268577
  248   16     2.64484     3.26959    -3.75692     -0.00116800    0.98128481   -0.00119028    0.13792154
  249   16     2.84014     4.97103    -2.53229     -0.00165169    1.05137659   -0.00157098    0.13355030
  250   16     1.31827     5.33934    -1.46460     -0.00160680    1.12146836   -0.00143277    0.14727845
  251   16     1.70432     3.72820    -3.74015     -0.00177866    1.05137659   -0.00169175    0.14479603
  252   16     2.72238     4.28887    -3.34245     -0.00181090    1.33174368   -0.00135980    0.13553639
  253   16     1.84471     5.19975    -2.43784     -0.00150286    0.91119304   -0.00164933    0.14153457
  254   16     0.87789     4.88251    -2.51510     -0.00229150    1.05137659   -0.00217953    0.15321990
  255   16     0.75153     3.86853    -3.35961     -0.00250721    1.19156013   -0.00210414    0.15525967
  256   16     1.98607     2.65275    -3.85412     -0.00099642    0.77100950   -0.00129236    0.14517449
  257   16     2.34728     5.37457    -1.71735     -0.00032928    0.84110127   -0.00039148    0.13645811
  258   17     6.98468    -0.12333    -3.90237     -0.00177189    1.12146836   -0.00157997    0.11292473
  259   17     6.54512    -1.52760    -2.64269     -0.00142886    1.12146836   -0.00127409    0.11725454
  260   17     8.14823    -0.54212    -2.43930     -0.00108007    1.12146836   -0.00096309    0.10258188
  261   17     7.91881     1.38153    -3.33854     -0.00107064    1.26165190   -0.00084861    0.10045615
  262   17     6.10079     1.41056    -4.10949     -0.00118707    1.19156013   -0.00099623    0.11328905
  263   17     6.28329    -0.85969    -3.62011     -0.00194892    1.19156013   -0.00163560    0.11989981
  264   17     7.35435    -0.94213    -3.09969     -0.00151909    1.12146836   -0.00135456    0.11074815
  265   17     7.90798     0.12379    -3.36903     -0.00181142    1.26165190   -0.00143575    0.10529675
  266   17     7.13086     0.85404    -4.00420     -0.00157193    1.12146836   -0.00140167    0.10870635
  267   17     5.90110     0.14723    -4.12259     -0.00200800    1.33174368   -0.00150780    0.12004919
  268   17     7.41675    -1.34156    -2.16754     -0.00051701    0.91119304   -0.00056740    0.10785532
  269   17     8.44443     0.51925    -2.63448     -0.00084039    1.05137659   -0.00079933    0.09868323
  270   17     6.99000     1.83970    -3.77884     -0.00065409    0.98128481   -0.00066656    0.10474254
  271   17     5.26328     0.91940    -4.02847     -0.00114728    0.98128481   -0.00116916    0.12223847
  272   18     7.08439    -1.12096     3.35315     -0.00171966    1.12146836   -0.00153340    0.11349561
  273   18     7.10528    -1.92907     1.64728     -0.00108429    1.33174368   -0.00081419    0.11183045
  274   18     5.58388    -0.08947     3.92066     -0.00178788    1.33174368   -0.00134251    0.12093813
  275   18     7.48030     0.88110     3.64413     -0.00103105    1.26165190   -0.00081722    0.10292335
  276   18     8.46136    -0.30943     2.36551     -0.00129067    1.26165190   -0.00102300    0.10019245
  277   18     6.60888    -1.83308     2.62274     -0.00204485    1.33174368   -0.00153547    0.11832523
  278   18     6.10211    -1.04031     3.60502     -0.00204428    1.26165190   -0.00162032    0.12069433
  279   18     6.84076    -0.07573     3.93211     -0.00177821    1.26165190   -0.00140943    0.11164010
  280   18     7.83453    -0.26475     3.34328     -0.00173434    1.19156013   -0.00145552    0.10574816
  281   18     7.75141    -1.33058     2.51098     -0.00176029    1.26165190   -0.00139523    0.10819542
  282   18     6.30616     0.81452     4.00813     -0.00075706    1.05137659   -0.00072007    0.11093437
  283   18     8.28729     0.59011     2.91574     -0.00066822    0.98128481   -0.00068097    0.09852948
  284   18     8.20844    -1.08657     1.68277     -0.00073255    1.05137659   -0.00069676    0.10197501
  285   19     7.25447     5.69524     0.46718     -0.00180500    1.12146836   -0.00160950    0.10410753
  286   19     7.59240     4.54094     2.02975     -0.00096026    1.12146836   -0.00085625    0.09880167
  287   19     5.80867     5.43484     1.54068     -0.00108881    1.12146836   -0.00097088    0.11001163
  288   19     5.80493     5.67717    -0.59059     -0.00135273    1.19156013   -0.00113526    0.11014653
  289   19     7.55263     4.90879    -1.30899     -0.00105209    1.19156013   -0.00088295    0.09901951
  290   19     8.63419     4.31354     0.25335     -0.00138451    1.26165190   -0.00109738    0.09514803
  291   19     6.96596     5.49973     1.39244     -0.00190532    1.26165190   -0.00151018    0.10466941
  292   19     5.91876     5.83210     0.48597     -0.00211784    1.61211077   -0.00131371    0.11030984
  293   19     6.99640     5.66505    -0.53945     -0.00188909    1.26165190   -0.00149732    0.10440730
  294   19     8.01074     5.17277    -0.21992     -0.00179077    1.19156013   -0.00150288    0.09965345
  295   19     8.01110     5.01643     1.08321     -0.00188861    1.26165190   -0.00149694    0.09957758
  296   19     6.55629     4.92130     2.16930     -0.00095367    1.12146836   -0.00085038    0.10445534
  297   19     6.45468     5.29725    -1.35576     -0.00080790    1.05137659   -0.00076842    0.10489501
  298   19     8.37792     4.35649    -0.78333     -0.00076489    0.98128481   -0.00077948    0.09505452
  299   19     8.45311     4.11712     1.28421     -0.00077226    1.05137659   -0.00073453    0.09486342
  300    1    -4.77115    -0.16677    -3.38237     -0.00032190    0.17790161   -0.00180942    0.16143701
  301    2    -4.77106    -0.60633    -3.40473     -0.00024961    0.17790161   -0.00140306    0.15866496
  302    5    -4.36555    -0.03182    -3.41343     -0.00037336    0.17790161   -0.00209869    0.16275494
  303    1    -4.64524    -0.16476     3.39601     -0.00032254    0.17790161   -0.00181301    0.16136673
  304    2    -4.64431    -0.60431     3.41862     -0.00028919    0.17790161   -0.00162554    0.15865737
  305    5    -4.23876    -0.02980     3.41191     -0.00033853    0.17790161   -0.00190292    0.16249471
  306    1    -8.27949    -0.06825     1.78419     -0.00069679    0.07581303   -0.00919084    0.20282622
  307    2    -8.29526    -0.50703     1.78976     -0.00063692    0.07581303   -0.00840125    0.19504635
  308    9    -8.40348     0.19442     1.66209     -0.00062239    0.07581303   -0.00820960    0.20879038
  309    1    -8.36358    -0.06902    -1.59876     -0.00065499    0.07581303   -0.00863950    0.20260153
  310    2    -8.37960    -0.50781    -1.60334     -0.00065954    0.07581303   -0.00869962    0.19538348
  311    9    -8.48136     0.19370    -1.47077     -0.00062607    0.07581303   -0.00825804    0.20891938
  312    2    -5.37167    -0.85113     3.49936     -0.00040638    0.71845420   -0.00056563    0.15480755
  313    2    -7.28510    -0.83095     2.72618     -0.00346019    1.43857728   -0.00240528    0.17425331
  314    1    -6.10471    -0.21703     3.18697     -0.00226431    1.44200494   -0.00157025    0.16560681
  315    1    -7.89792    -0.19822     2.24928     -0.00246904    0.68599988   -0.00359918    0.19072189
  316    2    -8.06575    -0.82497    -2.14002     -0.00189445    0.72628120   -0.00260843    0.18092248
  317    2    -6.26090    -0.84488    -3.18163     -0.00186746    1.45527131   -0.00128324    0.16062774
  318    1    -7.35115    -0.20647    -2.53644     -0.00420346    1.46006232   -0.00287896    0.18173610
  319    1    -5.48923    -0.22691    -3.37805     -0.00041380    0.69347480   -0.00059671    0.15893544
  320    1    -5.96223     3.19892    -1.77704     -0.00064350    0.08063825   -0.00798005    0.20859713
  321    5    -5.56294     3.35129    -1.79138     -0.00070730    0.08063825   -0.00877133    0.20411261
  322    9    -6.24085     3.24538    -1.63727     -0.00061984    0.08063825   -0.00768664    0.21406645
  323    1    -5.88711     3.17874     1.86991     -0.00066531    0.08063825   -0.00825057    0.20864793
  324    5    -5.48754     3.33103     1.86949     -0.00069362    0.08063825   -0.00860157    0.20364502
  325    9    -6.17124     3.22668     1.74226     -0.00059968    0.08063825   -0.00743668    0.21362387
  326    5    -4.36489     0.72942    -3.48643     -0.00072626    0.68368913   -0.00106227    0.16334425
  327    5    -4.96464     2.50062    -2.71882     -0.00348674    1.36703385   -0.00255059    0.18359681
  328    1    -5.17178     1.21251    -3.16341     -0.00218799    1.37134898   -0.00159550    0.17010187
  329    1    -5.73082     2.87469    -2.23955     -0.00188009    0.65288122   -0.00287969    0.19654538
  330    5    -5.07918     3.10482     2.36357     -0.00180745    0.67619528   -0.00267297    0.19022582
  331    5    -4.47805     1.41925     3.25974     -0.00219793    1.35121505   -0.00162663    0.16988946
  332    1    -5.41957     2.24350     2.70754     -0.00362085    1.35422068   -0.00267375    0.18661413
  333    1    -4.80838     0.51889     3.41722     -0.00048839    0.64572370   -0.00075635    0.16248938
  334    9    -6.71338     3.06899    -1.78931     -0.00153101    0.27946529   -0.00547836    0.21353270
  335    9    -7.39274     2.16325    -2.17206     -0.00385043    0.61138658   -0.00629786    0.20996983
  336    9    -8.23032     1.02075    -1.87073     -0.00382079    0.61138658   -0.00624938    0.21155524
  337    1    -6.60561     2.57313    -2.17172     -0.00346966    0.60258638   -0.00575794    0.20689967
  338    1    -7.54542     1.30862    -2.35615     -0.00349020    0.60258638   -0.00579203    0.20104744
  339    1    -8.24146     0.35039    -1.84228     -0.00161485    0.32678689   -0.00494159    0.20338926
  340    9    -8.38409     0.68896     1.84065     -0.00163562    0.27702723   -0.00590419    0.20986036
  341    9    -7.72570     1.56398     2.29462     -0.00363057    0.60507312   -0.00600022    0.20903992
  342    9    -6.88239     2.71075     2.09714     -0.00397744    0.60507312   -0.00657349    0.21373528
  343    1    -7.88348     0.69855     2.22750     -0.00342399    0.59803957   -0.00572536    0.20418795
  344    1    -6.95889     1.93896     2.51766     -0.00333909    0.59803957   -0.00558339    0.20157704
  345    1    -6.24673     2.91591     2.09559     -0.00172116    0.32393599   -0.00531329    0.20728780
  346    2    -3.98269    -1.29639    -3.42563     -0.00049946    0.28886414   -0.00172904    0.15665274
  347    3    -3.57216    -1.42049    -3.43392     -0.00049526    0.28886414   -0.00171450    0.15667794
  348    5    -3.57721    -0.72128    -3.40284     -0.00087758    0.28886414   -0.00303803    0.16309210
  349    2    -3.85369    -1.29579     3.41016     -0.00048560    0.28886414   -0.00168108    0.15634469
  350    3    -3.44314    -1.41989     3.40298     -0.00047892    0.28886414   -0.00165793    0.15595709
  351    5    -3.44936    -0.72068     3.37199     -0.00087848    0.28886414   -0.00304116    0.16256120
  352    3    -3.58470    -2.20296     3.58402     -0.00004695    0.63891628   -0.00007348    0.14539760
  353    3    -4.14173    -4.02473     3.27131      0.00032869    1.30406878    0.00025205    0.13711929
  354    3    -4.68227    -5.71537     1.72866     -0.00240434    1.30406878   -0.00184372    0.15369865
  355    3    -4.84111    -6.09622    -0.58650     -0.00384108    1.30406878   -0.00294546    0.16253002
  356    3    -4.54766    -4.99800    -2.64515     -0.00063449    1.30406878   -0.00048655    0.14257151
  357    3    -3.93235    -2.90885    -3.53230      0.00023444    1.30406878    0.00017978    0.14076445
  358    2    -4.38442    -2.73123     3.52617      0.00019879    1.30406878    0.00015244    0.14090302
  359    2    -5.03275    -4.82054     2.66324     -0.00067800    1.30406878   -0.00051991    0.14308224
  360    2    -5.40366    -5.91912     0.61732     -0.00374508    1.30406878   -0.00287184    0.16281611
  361    2    -5.33227    -5.53867    -1.70225     -0.00236060    1.30406878   -0.00181018    0.15367695
  362    2    -4.85033    -3.84831    -3.26450      0.00032014    1.30406878    0.00024549    0.13724032
  363    2    -4.30550    -2.02659    -3.59832     -0.00007098    0.63891628   -0.00011110    0.14589765
  364    5    -3.82827    -0.23366    -3.54081     -0.00080712    0.60872980   -0.00132590    0.16156920
  365    2    -4.52606    -0.96856    -3.52888     -0.00051331    0.60872980   -0.00084324    0.15524037
  366    5    -3.81569    -0.14782     3.52268     -0.00082609    0.61084248   -0.00135239    0.16105324
  367    2    -4.27422    -1.05168     3.53016     -0.00049390    0.61084248   -0.00080856    0.15476872
  368    9    -8.72658     0.29100    -1.14698     -0.00411730    0.59382104   -0.00693357    0.21272543
  369    9    -8.94232     0.19105     0.10809     -0.00931452    1.20756501   -0.00771348    0.22115579
  370    9    -8.66449     0.29157     1.35083     -0.00399323    0.59382104   -0.00672463    0.21266443
  371    2    -8.77494    -0.82073    -0.78742     -0.00683299    1.63718716   -0.00417361    0.19967684
  372    2    -8.73064    -0.82032     0.99463     -0.00682402    1.63718716   -0.00416814    0.19956992
  373   10    -7.60686    -4.86370    -1.83891     -0.00090669    0.22728441   -0.00398923    0.16121218
  374   10    -7.19077    -5.50442    -1.08841     -0.00193763    0.50256219   -0.00385551    0.16554220
  375   10    -6.98270    -5.79298     0.15956     -0.00226622    0.50256219   -0.00450933    0.16766135
  376   10    -7.19883    -5.40155     1.37777     -0.00199310    0.50256219   -0.00396587    0.16503127
  377   10    -7.75659    -4.47962     2.10092     -0.00202086    0.50256219   -0.00402111    0.16387508
  378   10    -8.44295    -3.37936     2.05278     -0.00178449    0.50256219   -0.00355078    0.16982292
  379   10    -8.99573    -2.52102     1.25174     -0.00240532    0.50256219   -0.00478612    0.18128335
  380   10    -9.20379    -2.23245     0.00377     -0.00240042    0.50256219   -0.00477637    0.18731167
  381   10    -8.98766    -2.62389    -1.21444     -0.00215092    0.50256219   -0.00427990    0.17956100
  382   10    -8.42990    -3.54581    -1.93759     -0.00196564    0.50256219   -0.00391123    0.16845433
  383   10    -7.86659    -4.45317    -2.01691     -0.00088403    0.22728441   -0.00388954    0.16168729
  384    2    -7.08468    -5.09288    -1.77176     -0.00166851    0.49641766   -0.00336110    0.15996199
  385    2    -6.63725    -5.76734    -0.56680     -0.00196915    0.49641766   -0.00396673    0.16543396
  386    2    -6.64199    -5.70685     0.88349     -0.00203393    0.49641766   -0.00409722    0.16477382
  387    2    -7.09710    -4.93450     2.02515     -0.00163497    0.49641766   -0.00329354    0.15976653
  388    2    -7.82873    -3.74531     2.42211     -0.00157967    0.49641766   -0.00318214    0.16195852
  389    2    -8.55743    -2.59351     1.92273     -0.00173090    0.49641766   -0.00348678    0.17428270
  390    2    -9.00486    -1.91904     0.71777     -0.00214964    0.49641766   -0.00433031    0.18929620
  391    2    -9.00012    -1.97954    -0.73253     -0.00216854    0.49641766   -0.00436837    0.18760958
  392    2    -8.54501    -2.75189    -1.87418     -0.00184654    0.49641766   -0.00371974    0.17190833
  393    2    -7.81338    -3.94108    -2.27114     -0.00154258    0.49641766   -0.00310742    0.16088317
  394    3    -2.48781    -1.29739    -3.44903     -0.00039225    0.17934114   -0.00218719    0.15935439
  395    4    -2.23339    -0.93560    -3.43098     -0.00038625    0.17934114   -0.00215373    0.16190402
  396    5    -2.49449    -0.59828    -3.45032     -0.00041482    0.17934114   -0.00231300    0.16311034
  397    3    -2.35785    -1.29678     3.37697     -0.00033913    0.17934114   -0.00189096    0.15822991
  398    4    -2.10430    -0.93499     3.34919     -0.00037656    0.17934114   -0.00209970    0.16067538
  399    5    -2.36448    -0.59767     3.37839     -0.00043777    0.17934114   -0.00244102    0.16198920
  400    3    -1.01435    -2.14127     3.25820     -0.00039699    0.17486918   -0.00227021    0.15962702
  401    4    -0.76955    -1.77318     3.24264     -0.00040011    0.17486918   -0.00228804    0.16169886
  402    6    -0.29509    -1.77739     3.23564     -0.00061414    0.17486918   -0.00351199    0.16446586
  403    3    -1.19612    -2.09616    -3.42391     -0.00064001    0.31207465   -0.00205081    0.16053324
  404    4    -0.95125    -1.72580    -3.41861     -0.00077437    0.31207465   -0.00248137    0.16344285
  405   13    -0.23876    -1.87130    -3.53499     -0.00113450    0.31207465   -0.00363534    0.16581824
  406    4    -1.61520    -1.43694    -3.47366     -0.00064307    0.52395189   -0.00122735    0.15998869
  407    3    -2.13849    -1.84314    -3.54859     -0.00054429    0.54877883   -0.00099183    0.15508350
  408    4    -1.58694    -1.36662     3.35847     -0.00074207    0.63360966   -0.00117118    0.15868618
  409    3    -1.73611    -2.02706     3.42783     -0.00069188    0.66361528   -0.00104260    0.15457863
  410    5    -2.92687    -0.45820    -3.55969     -0.00087940    0.63978906   -0.00137452    0.16154478
  411    3    -3.07174    -1.45666    -3.55542     -0.00054282    0.63978906   -0.00084843    0.15497763
  412    5    -2.94761    -0.45906     3.50556     -0.00087592    0.64077282   -0.00136698    0.16079231
  413    3    -2.78327    -1.45454     3.50397     -0.00055145    0.64077282   -0.00086061    0.15450781
  414    3    -0.60471    -2.37296     3.19794     -0.00072546    0.22920257   -0.00316513    0.16196159
  415    6     0.11280    -2.01268     3.26179     -0.00068441    0.22920257   -0.00298605    0.16531451
  416   14     0.33239    -2.21154     3.29983     -0.00068173    0.22920257   -0.00297438    0.16569148
  417    6    -0.05162    -1.85153     3.36870     -0.00009816    0.13944594   -0.00070390    0.16232995
  418    3    -1.06403    -2.39618     3.39479     -0.00004816    0.13944594   -0.00034535    0.15536027
  419    3    -0.17516    -4.82286    -2.07737     -0.00088558    0.24208683   -0.00365813    0.16809869
  420   11    -0.19899    -5.04930    -1.89521     -0.00090446    0.24208683   -0.00373612    0.17007994
  421   13     0.63736    -4.29159    -2.25168     -0.00101124    0.24208683   -0.00417718    0.16533015
  422    3    -0.22211    -4.92823     1.99750     -0.00078488    0.26374654   -0.00297588    0.16783757
  423   11    -0.23433    -5.15553     1.81396     -0.00109090    0.26374654   -0.00413616    0.17006136
  424   14     0.62483    -4.49224     2.06244     -0.00109402    0.26374654   -0.00414802    0.16636028
  425   11    -0.77347    -5.66428     1.92734     -0.00111006    0.23722514   -0.00467935    0.16771338
  426   11    -1.78742    -6.11485     2.03340     -0.00191765    0.52924618   -0.00362336    0.16348605
  427   11    -2.90114    -6.60556     1.45376     -0.00216871    0.52924618   -0.00409774    0.16364016
  428   11    -3.46233    -6.84733     0.25219     -0.00227174    0.52924618   -0.00429240    0.16680460
  429   11    -3.23811    -6.73985    -1.07269     -0.00221388    0.52924618   -0.00418309    0.16482246
  430   11    -2.32152    -6.32770    -1.97112     -0.00199416    0.52924618   -0.00376793    0.16244522
  431   11    -1.09292    -5.78192    -2.07025     -0.00212959    0.52924618   -0.00402382    0.16756452
  432    3    -1.24586    -5.52480     2.24474     -0.00174213    0.51372924   -0.00339115    0.16338203
  433    3    -2.61478    -6.13119     2.06944     -0.00171158    0.51372924   -0.00333167    0.15849964
  434    3    -3.60398    -6.56380     1.01746     -0.00188408    0.51372924   -0.00366745    0.16337892
  435    3    -3.80300    -6.64311    -0.47467     -0.00221604    0.51372924   -0.00431363    0.16521282
  436    3    -3.12923    -6.33621    -1.78776     -0.00169308    0.51372924   -0.00329567    0.15946611
  437    3    -1.86228    -5.77046    -2.37691     -0.00170571    0.51372924   -0.00332024    0.15982783
  438    3    -0.75075    -5.27815    -2.22257     -0.00084395    0.28754563   -0.00293503    0.16525391
  439   13     1.00813    -3.95224    -2.89414     -0.00233183    0.93324003   -0.00249863    0.16197246
  440   13     0.42408    -2.79937    -3.58710     -0.00590824    1.88614768   -0.00313244    0.16595088
  441    3    -0.53608    -4.10838    -2.94557     -0.00433071    2.62551846   -0.00164947    0.15918862
  442    3    -1.17306    -2.70284    -3.60176     -0.00102467    1.33474918   -0.00076769    0.15418096
  443   14     0.53381    -2.62936     3.39624     -0.00193160    0.79368667   -0.00243371    0.16322590
  444   14     0.89243    -3.76742     2.87738     -0.00506527    1.60038700   -0.00316503    0.16587832
  445    3    -0.69544    -3.44076     3.18536     -0.00308091    2.22926930   -0.00138203    0.15643297
  446    3    -0.26621    -4.67897     2.48432     -0.00152208    1.13083829   -0.00134597    0.15997362
  447    4    -0.77470    -0.01948     3.24739     -0.00036524    0.16354801   -0.00223321    0.16454729
  448    5    -1.02606     0.32472     3.26390     -0.00039421    0.16354801   -0.00241039    0.16503354
  449    6    -0.30037    -0.01413     3.23991     -0.00049930    0.16354801   -0.00305295    0.16522784
  450    4    -0.98404    -0.08224    -3.40687     -0.00044186    0.16354801   -0.00270169    0.16616818
  451    5    -1.23614     0.26174    -3.41403     -0.00045187    0.16354801   -0.00276290    0.16618356
  452    6    -0.51018    -0.07703    -3.42932     -0.00039877    0.16354801   -0.00243826    0.16594917
  453    5    -1.93412     0.13366    -3.53799     -0.00086642    0.60331587   -0.00143610    0.16372007
  454    4    -1.75441    -0.49221    -3.46962     -0.00077704    0.57612624   -0.00134874    0.16298559
  455    5    -1.94844     0.02351     3.44576     -0.00093207    0.65973420   -0.00141280    0.16239764
  456    4    -1.38689    -0.31273     3.34285     -0.00082210    0.63001131   -0.00130489    0.16237739
  457    4    -0.52586    -1.15900    -3.50520     -0.00025889    0.07932037   -0.00326382    0.16486429
  458    6    -0.06507    -1.16227    -3.61573     -0.00030967    0.07932037   -0.00390407    0.16605691
  459   13     0.15999    -1.33249    -3.70841     -0.00035256    0.07932037   -0.00444479    0.16632736
  460    6    -0.19014    -0.73570    -3.59992     -0.00095049    0.49396657   -0.00192420    0.16491042
  461    4    -0.86340    -0.57196    -3.48690     -0.00075551    0.47138607   -0.00160274    0.16433063
  462    6     0.02885    -0.74709     3.35752     -0.00160678    0.84314869   -0.00190569    0.16340099
  463    4    -0.64912    -1.03765     3.29886     -0.00140136    0.80466435   -0.00174154    0.16285044
  464   13     0.21389    -1.63280    -3.80697     -0.00066669    0.28396888   -0.00234775    0.16394731
  465    4    -0.79379    -1.32541    -3.56777     -0.00027599    0.36608070   -0.00075391    0.16175433
  466    5    -0.62622     0.78915     3.21842     -0.00148698    0.61772875   -0.00240718    0.16625297
  467    6     0.10241     0.44558     3.25034     -0.00148972    0.61772875   -0.00241161    0.16461586
  468   15     0.32234     1.12961     3.39042     -0.00149380    0.61772875   -0.00241821    0.16248275
  469    5    -0.51869     1.42527    -3.19157     -0.00173125    0.61420825   -0.00281867    0.16938711
  470    6     0.21205     1.09113    -3.25802     -0.00159867    0.61420825   -0.00260281    0.16666717
  471   16     0.40832     1.79741    -3.24754     -0.00159538    0.61420825   -0.00259746    0.16534170
  472    6    -0.14244     0.28224    -3.52447     -0.00134358    0.88581874   -0.00151677    0.16417521
  473    5    -1.09850     0.93260    -3.46993     -0.00110868    0.88581874   -0.00125159    0.16522866
  474    6    -0.05265     0.07469     3.37019     -0.00005370    0.11560653   -0.00046451    0.16228389
  475    5    -1.09793     0.53515     3.39984     -0.00005296    0.11560653   -0.00045812    0.16249277
  476    9    -6.34199     3.46898     1.40639     -0.00430814    0.63230795   -0.00681336    0.21892185
  477    9    -6.34461     3.79092     0.05842     -0.01035733    1.29257134   -0.00801297    0.23010281
  478    9    -6.39757     3.48390    -1.29200     -0.00425547    0.63230795   -0.00673006    0.21905236
  479    5    -5.33278     3.88042     1.00014     -0.00795066    1.73662161   -0.00457824    0.21234362
  480    5    -5.37239     3.89106    -0.92313     -0.00804093    1.73662161   -0.00463021    0.21270891
  481    5    -1.44945     3.79993     2.35565     -0.00121530    0.31290458   -0.00388392    0.18172351
  482   12    -1.39817     4.01708     2.16567     -0.00146882    0.31290458   -0.00469415    0.18462656
  483   15    -0.44565     3.84216     2.51390     -0.00099023    0.31290458   -0.00316463    0.16828199
  484    5    -1.43087     3.81966    -2.38124     -0.00133104    0.29530042   -0.00450740    0.18441065
  485   12    -1.38129     4.04428    -2.20022     -0.00150989    0.29530042   -0.00511307    0.18699943
  486   16    -0.44617     3.95927    -2.42273     -0.00114999    0.29530042   -0.00389432    0.17316699
  487   12    -2.06830     4.24640    -2.19221     -0.00141595    0.23793543   -0.00595100    0.18934219
  488   12    -3.07297     4.55103    -1.79901     -0.00217302    0.53193008   -0.00408517    0.19528547
  489   12    -3.87580     4.79833    -0.73540     -0.00303949    0.53193008   -0.00571408    0.20344340
  490   12    -3.88371     4.80771     0.61989     -0.00289154    0.53193008   -0.00543594    0.20379041
  491   12    -3.09336     4.57523     1.69612     -0.00277835    0.53193008   -0.00522315    0.19545308
  492   12    -2.09337     4.27616     2.10520     -0.00118958    0.23793543   -0.00499958    0.18841241
  493    5    -2.61811     4.07786    -2.30885     -0.00252025    0.51418928   -0.00490141    0.18927505
  494    5    -3.83720     4.44928    -1.48865     -0.00253764    0.51418928   -0.00493522    0.19872283
  495    5    -4.31641     4.60100    -0.05890     -0.00296777    0.51418928   -0.00577175    0.20796814
  496    5    -3.85393     4.46913     1.37831     -0.00270762    0.51418928   -0.00526581    0.19943211
  497    5    -2.64452     4.10921     2.21774     -0.00221539    0.51418928   -0.00430851    0.18899086
  498   15    -0.00519     3.66188     3.11720     -0.00164213    0.93148583   -0.00176291    0.16013298
  499   15     0.19837     2.32814     3.59783     -0.00441709    1.87931854   -0.00235037    0.16125840
  500    5    -1.40217     2.90587     3.11030     -0.00448844    2.63464311   -0.00170362    0.16832760
  501    5    -1.10425     1.34625     3.52066     -0.00124815    1.33759770   -0.00093313    0.16130828
  502   16     0.38095     2.56419    -3.38756     -0.00212762    1.06464466   -0.00199843    0.16219026
  503   16     0.06700     3.72827    -2.95920     -0.00224136    1.06464466   -0.00210527    0.16469554
  504    5    -1.16345     2.73349    -3.06860     -0.00630108    2.98931523   -0.00210787    0.17200988
  505    6     2.05767     0.27192    -3.69271     -0.00028481    0.08603849   -0.00331025    0.15428345
  506    7     2.25297     0.69655    -3.60572     -0.00020812    0.08603849   -0.00241893    0.15017278
  507   13     2.12949    -0.00263    -3.78057     -0.00023005    0.08603849   -0.00267378    0.15500407
  508    6     2.25867    -0.56009     3.53315     -0.00027619    0.08608688   -0.00320825    0.15294127
  509    7     2.45159    -0.12558     3.53435     -0.00017949    0.08608688   -0.00208493    0.14832179
  510   14     2.33371    -0.84664     3.55219     -0.00027627    0.08608688   -0.00320921    0.15372971
  511    6     1.77378     0.14240     3.58479     -0.00019268    0.09190961   -0.00209642    0.15201242
  512    7     1.96934     0.56713     3.67101     -0.00017991    0.09190961   -0.00195750    0.14928665
  513   15     1.88302     0.83917     3.75761     -0.00017500    0.09190961   -0.00190406    0.14892476
  514    6     1.64114     0.93679    -3.56834     -0.00021170    0.09109923   -0.00232382    0.15409781
  515    7     1.83509     1.37089    -3.56664     -0.00022490    0.09109923   -0.00246869    0.15199457
  516   16     1.74891     1.65567    -3.58856     -0.00016592    0.09109923   -0.00182128    0.15203814
  517    7     2.13397     1.11346    -3.62710     -0.00026921    0.27561852   -0.00097673    0.14864823
  518    6     1.76382     0.53599    -3.68442     -0.00042991    0.27561852   -0.00155980    0.15373294
  519    7     2.20828     0.33230     3.66479     -0.00025468    0.31693533   -0.00080357    0.14712032
  520    6     2.02814    -0.33046     3.59333     -0.00047414    0.31693533   -0.00149603    0.15172817
  521    6     4.50426    -2.59539    -1.58912     -0.00047148    0.21702117   -0.00217252    0.14109995
  522    8     5.14098    -2.12550    -1.52750     -0.00019036    0.21702117   -0.00087717    0.13028126
  523   13     4.38094    -2.61687    -1.86026     -0.00055710    0.21702117   -0.00256705    0.14319937
  524    6     4.56320    -2.86861     0.70038     -0.00044915    0.21847267   -0.00205585    0.14074089
  525    8     5.19927    -2.39419     0.72026     -0.00027657    0.21847267   -0.00126593    0.13046198
  526   14     4.45599    -2.95122     0.96635     -0.00066379    0.21847267   -0.00303830    0.14389955
  527    8     5.64733    -2.23676    -0.20355     -0.00042870    1.97971145   -0.00021654    0.12210172
  528    6     4.66331    -2.76500    -0.66178     -0.00235886    1.97971145   -0.00119152    0.13708111
  529    6     1.31253    -4.43654    -1.55519     -0.00076424    0.24519844   -0.00311683    0.16407245
  530   11     0.48950    -4.93424    -1.36611     -0.00126208    0.24519844   -0.00514719    0.17005266
  531   13     1.39766    -4.32484    -1.81854     -0.00074740    0.24519844   -0.00304816    0.16378347
  532    6     1.58962    -4.66884     0.45838     -0.00086424    0.29434797   -0.00293610    0.16440950
  533   11     0.73912    -5.15765     0.43362     -0.00137055    0.29434797   -0.00465621    0.17073902
  534   14     1.67255    -4.63606     0.74453     -0.00085095    0.29434797   -0.00289098    0.16457554
  535   11     0.25949    -5.57667    -0.97824     -0.00287426    0.79192231   -0.00362947    0.17139781
  536   11     0.41321    -5.68327    -0.01869     -0.00287756    0.79192231   -0.00363364    0.17199900
  537    6     1.49200    -4.77535    -0.58865     -0.00354101    2.23425254   -0.00158488    0.16098262
  538   13     3.98128    -3.14743    -1.99074     -0.00078632    0.23874154   -0.00329361    0.14725666
  539   13     3.14420    -3.85081    -1.89539     -0.00140559    0.52824495   -0.00266087    0.15237070
  540   13     2.11617    -4.21342    -2.02267     -0.00070464    0.23874154   -0.00295147    0.15815715
  541    6     3.75980    -3.44093    -1.53146     -0.00125026    0.52154582   -0.00239723    0.14765413
  542    6     2.46949    -4.17841    -1.55356     -0.00114258    0.52154582   -0.00219076    0.15534254
  543   13     0.70944    -1.13042    -3.94193     -0.00102818    0.34675287   -0.00296516    0.16429454
  544   13     1.71765    -0.44341    -3.97867     -0.00090512    0.34675287   -0.00261028    0.15883753
  545    6     1.03055    -0.50811    -3.76869     -0.00267129    0.69210456   -0.00385966    0.16628230
  546   14     1.95425    -1.30877     3.66992     -0.00092077    0.32235055   -0.00285642    0.15756716
  547   14     0.99192    -1.91082     3.56771     -0.00099196    0.32235055   -0.00307726    0.16342984
  548    6     1.28240    -1.28711     3.51340     -0.00237136    0.65570623   -0.00361649    0.16394550
  549   14     2.46756    -4.48934     0.82660     -0.00094506    0.29022453   -0.00325629    0.15807371
  550   14     3.61519    -3.84841     0.88472     -0.00193299    0.67450425   -0.00286580    0.15244010
  551    6     2.89655    -4.23303     0.41123     -0.00163024    0.60677118   -0.00268675    0.15481757
  552    6     4.09570    -3.44151     0.57278     -0.00094598    0.35178730   -0.00268908    0.14567101
  553   15     1.17121     1.17047     3.74503     -0.00185850    0.85239368   -0.00218033    0.15555278
  554    6     1.15158     0.07669     3.58144     -0.00150006    1.20175810   -0.00124822    0.15560311
  555   16     1.35858     1.89660    -3.58075     -0.00138416    0.67675156   -0.00204530    0.15554959
  556    6     0.94619     0.87761    -3.56689     -0.00116195    0.95477627   -0.00121699    0.15846648
  557    7     3.84202     4.48957     2.39915     -0.00010116    0.09262149   -0.00109217    0.12274986
  558    8     4.31451     4.42419     2.36124     -0.00002274    0.09262149   -0.00024555    0.11738852
  559   15     3.62519     4.43961     2.59775     -0.00014843    0.09262149   -0.00160254    0.12552624
  560    7     3.69283     1.59368     3.74876     -0.00006712    0.09262149   -0.00072462    0.12955836
  561    8     4.16729     1.56662     3.69300     -0.00002576    0.09262149   -0.00027810    0.12407732
  562   15     3.48898     1.79571     3.82993     -0.00012375    0.09262149   -0.00133608    0.13201089
  563    7     3.54554     2.36668    -3.48967     -0.00011165    0.09455789   -0.00118074    0.13148528
  564    8     4.02180     2.33061    -3.46051     -0.00005179    0.09455789   -0.00054775    0.12561597
  565   16     3.34303     2.58408    -3.51709     -0.00008368    0.09455789   -0.00088492    0.13293657
  566    7     3.76551     4.94201    -1.50779     -0.00005661    0.09455789   -0.00059867    0.12345620
  567    8     4.23889     4.87212    -1.50466     -0.00004022    0.09455789   -0.00042534    0.11864261
  568   16     3.54389     4.93559    -1.70745     -0.00014921    0.09455789   -0.00157803    0.12718589
  569    7     3.94238     1.64678    -3.52610     -0.00008102    0.08342573   -0.00097115    0.12949950
  570    8     4.41656     1.61891    -3.58316      0.00001316    0.08342573    0.00015780    0.12458318
  571   17     4.63482     1.43394    -3.66254     -0.00012136    0.08342573   -0.00145477    0.12524796
  572    7     4.08849     0.87577     3.61429     -0.00007692    0.08371208   -0.00091891    0.12830749
  573    8     4.56448     0.83846     3.64480     -0.00007255    0.08371208   -0.00086662    0.12448114
  574   18     4.78453     0.64122     3.67385     -0.00004130    0.08371208   -0.00049335    0.12393278
  575    7     4.22277     5.04463    -1.09036     -0.00004872    0.08932527   -0.00054548    0.11870407
  576    8     4.70024     5.05389    -1.11992     -0.00005091    0.08932527   -0.00056994    0.11549008
  577   19     4.93367     5.16652    -0.97637     -0.00006864    0.08932527   -0.00076839    0.11477705
  578    7     4.28501     4.71288     1.95600     -0.00001727    0.08932527   -0.00019338    0.11746083
  579    8     4.76332     4.71765     1.96757     -0.00007126    0.08932527   -0.00079771    0.11484705
  580   19     4.99125     4.85956     1.84230     -0.00008038    0.08932527   -0.00089982    0.11398311
  581    8     4.31478     1.91658    -3.57811     -0.00002802    0.29685494   -0.00009440    0.12383090
  582    7     3.63762     2.06380    -3.54938     -0.00010673    0.29685494   -0.00035953    0.13043498
  583    8     4.57338     4.98953    -1.35472      0.00006358    0.15183571    0.00041875    0.11493901
  584    7     3.89196     5.05374    -1.28682      0.00009195    0.15183571    0.00060557    0.12039244
  585    8     4.64615     4.62131     2.16100      0.00003123    0.18182330    0.00017179    0.11430215
  586    7     3.96115     4.62861     2.23183     -0.00003442    0.18182330   -0.00018932    0.12025897
  587    8     4.47144     1.23928     3.71985      0.00002468    0.30267044    0.00008154    0.12195092
  588    7     3.78028     1.17823     3.72651     -0.00009928    0.30267044   -0.00032802    0.12924975
  589    7     0.55175     4.75919     1.27453     -0.00040008    0.29308347   -0.00136507    0.15652249
  590   12    -0.37541     4.71823     1.12398     -0.00124151    0.29308347   -0.00423603    0.17519967
  591   15     0.55304     4.68976     1.56779     -0.00045924    0.29308347   -0.00156693    0.15678967
  592    7     0.64093     5.00193    -0.35498     -0.00037890    0.29470370   -0.00128569    0.15761609
  593   12    -0.29835     4.95195    -0.36163     -0.00143089    0.29470370   -0.00485534    0.17674538
  594   16     0.61942     5.00628    -0.65586     -0.00064358    0.29470370   -0.00218382    0.15942885
  595   12    -0.83164     5.05465     0.50840     -0.00532686    1.14869370   -0.00463732    0.18575550
  596    7     0.57123     5.08160     0.36493     -0.00102861    1.63240476   -0.00063012    0.15431561
  597    7     3.44286     0.63927    -3.48045     -0.00070664    0.57437648   -0.00123028    0.14050504
  598   13     3.25251    -0.06279    -3.59203     -0.00134154    0.57437648   -0.00233565    0.14695123
  599   17     4.16329     0.47587    -3.54799     -0.00073486    0.57437648   -0.00127941    0.13463338
  600   13     2.42412    -0.21423    -3.86305     -0.00135774    0.50460765   -0.00269068    0.15390499
  601    7     2.79628     0.79830    -3.65474     -0.00047378    0.71214893   -0.00066528    0.14356596
  602    7     3.57909    -0.13086     3.35968     -0.00067304    0.57382451   -0.00117289    0.13954324
  603   14     3.39656    -0.84219     3.31795     -0.00130974    0.57382451   -0.00228248    0.14646638
  604   18     4.30125    -0.29942     3.36303     -0.00076488    0.57382451   -0.00133296    0.13407333
  605   14     2.74228    -1.09141     3.54993     -0.00123062    0.46538596   -0.00264431    0.15246646
  606    7     2.84353    -0.00069     3.60920     -0.00040322    0.65687695   -0.00061384    0.14295442
  607   15     3.14789     4.65662     2.62230     -0.00037855    0.23658194   -0.00160010    0.12985778
  608   15     2.22315     4.98057     2.15753     -0.00090872    0.52176017   -0.00174164    0.13719303
  609   15     1.18672     4.90982     1.84626     -0.00036483    0.23658194   -0.00154210    0.14675909
  610    7     3.03182     4.87567     2.09129     -0.00070599    0.51849908   -0.00136161    0.12969812
  611    7     1.67490     5.05086     1.55436     -0.00065273    0.51849908   -0.00125889    0.14063629
  612   15     2.19452     1.23775     3.95658     -0.00046486    0.25676739   -0.00181044    0.14528450
  613   15     2.97680     1.70400     3.99203     -0.00036029    0.25676739   -0.00140317    0.13728379
  614    7     2.77883     1.15983     3.80253     -0.00098523    0.55360156   -0.00177968    0.14176481
  615   16     1.32697     5.25937    -0.84379     -0.00041242    0.29767644   -0.00138547    0.14772911
  616   16     2.56038     5.25410    -1.36902     -0.00154918    0.69521089   -0.00222836    0.13759893
  617    7     1.95005     5.28893    -0.63242     -0.00097456    0.62010483   -0.00157161    0.14047600
  618    7     3.26273     5.16246    -1.28878     -0.00038805    0.36081993   -0.00107547    0.12838279
  619   16     2.82687     2.53427    -3.67280     -0.00045871    0.25248542   -0.00181678    0.13947825
  620   16     2.05192     2.08519    -3.70727     -0.00037537    0.25248542   -0.00148669    0.14759842
  621    7     2.63429     1.96637    -3.59824     -0.00101998    0.54636862   -0.00186683    0.14379329
  622   17     4.66343     0.97469    -3.75120     -0.00047446    0.46157907   -0.00102791    0.12750543
  623    7     3.64228     1.37831    -3.62136     -0.00009008    0.65129764   -0.00013831    0.13243524
  624   18     4.84621     0.28775     3.68801     -0.00057334    0.48327995   -0.00118636    0.12593136
  625    7     3.75517     0.45801     3.62667     -0.00015296    0.68188908   -0.00022432    0.13236269
  626   19     5.01802     5.37140    -0.56067     -0.00073510    0.70818004   -0.00103801    0.11529906
  627   19     5.01567     5.28190     0.91859     -0.00252194    1.45114695   -0.00173789    0.11835802
  628    7     3.92537     5.27043    -0.04256     -0.00065831    1.93870333   -0.00033956    0.12032326
  629    7     3.98946     5.02319     1.61962      0.00007578    0.99883252    0.00007587    0.11836549
  630    8     5.56076    -1.89576    -1.67655     -0.00023564    0.29994287   -0.00078563    0.12552508
  631   13     4.71523    -2.25631    -1.96551     -0.00058312    0.29994287   -0.00194412    0.13788166
  632   17     5.66401    -1.79612    -1.94026     -0.00033327    0.29994287   -0.00111111    0.12511994
  633   13     4.36388    -2.72762    -2.04741     -0.00002464    0.01120281   -0.00219979    0.14179045
  634    8     5.56806    -2.11176    -1.59655      0.00003831    0.01598842    0.00239610    0.12332784
  635    8     5.63690    -2.18678     0.96933     -0.00021458    0.29867728   -0.00071844    0.12513944
  636   14     4.80587    -2.60895     1.19971     -0.00060642    0.29867728   -0.00203036    0.13781665
  637   18     5.74906    -2.14580     1.24479     -0.00030300    0.29867728   -0.00101446    0.12491660
  638   14     4.45222    -3.09619     1.14657     -0.00012509    0.07416783   -0.00168662    0.14259045
  639    8     5.63659    -2.38476     0.81517      0.00011191    0.10580731    0.00105772    0.12305923
  640   15     3.46868     2.27514     3.89972     -0.00103532    0.73076461   -0.00141677    0.13154738
  641   15     3.58337     3.68333     3.32185     -0.00314646    1.50078689   -0.00209654    0.13123192
  642    8     4.58072     2.62524     3.54190     -0.00041358    1.99735342   -0.00020707    0.11692980
  643    8     4.62112     4.16581     2.75140      0.00019013    1.03066627    0.00018447    0.11362079
  644   16     3.47296     4.77788    -2.16978     -0.00100628    0.74382676   -0.00135284    0.12897343
  645   16     3.41110     3.59410    -3.17587     -0.00329042    1.53010513   -0.00215045    0.13501268
  646    8     4.52666     4.21546    -2.42725     -0.00044140    2.03091781   -0.00021734    0.11632771
  647    8     4.36790     2.78175    -3.44264      0.00018430    1.04915794    0.00017566    0.11920501
  648   17     5.12453     1.53763    -3.82550     -0.00028424    0.24130806   -0.00117790    0.12092789
  649   17     6.07749     2.09614    -3.72565     -0.00067919    0.53520526   -0.00126903    0.11115833
  650   17     7.34355     2.15425    -3.28366     -0.00053581    0.53520526   -0.00100114    0.10114123
  651   17     8.28069     1.45748    -2.62191     -0.00057798    0.53520526   -0.00107991    0.09722231
  652   17     8.51109     0.28674    -2.00717     -0.00062076    0.53520526   -0.00115986    0.09801784
  653   17     7.94186    -0.88599    -1.68729     -0.00056051    0.53520526   -0.00104728    0.10270847
  654   17     6.80250    -1.58791    -1.79122     -0.00063466    0.53520526   -0.00118582    0.11346190
  655    8     5.25136     2.08538    -3.64259     -0.00053919    0.52595061   -0.00102518    0.11666770
  656    8     6.63750     2.58526    -3.35600     -0.00023869    0.52595061   -0.00045382    0.10236315
  657    8     7.93671     2.20865    -2.70513     -0.00009100    0.52595061   -0.00017301    0.09451290
  658    8     8.62520     1.10739    -1.95239     -0.00026026    0.52595061   -0.00049484    0.09313034
  659    8     8.42540    -0.27454    -1.40126     -0.00029112    0.52595061   -0.00055351    0.09610064
  660    8     7.41786    -1.38000    -1.27392     -0.00014806    0.52595061   -0.00028151    0.10405102
  661    8     6.30227    -1.82460    -1.48544     -0.00011073    0.29249462   -0.00037858    0.11559095
  662   18     6.48060    -2.04440     1.18327     -0.00021404    0.24062217   -0.00088954    0.11650791
  663   18     7.48667    -1.60768     1.04050     -0.00052188    0.53334807   -0.00097851    0.10690667
  664   18     8.38724    -0.66147     1.33356     -0.00055689    0.53334807   -0.00104414    0.09966123
  665   18     8.58380     0.43681     2.07340     -0.00060912    0.53334807   -0.00114207    0.09691899
  666   18     7.99757     1.24694     2.96348     -0.00052898    0.53334807   -0.00099182    0.09817099
  667   18     6.86352     1.44421     3.64702     -0.00058654    0.53334807   -0.00109973    0.10495789
  668   18     5.63621     0.94954     3.85006     -0.00072109    0.53334807   -0.00135200    0.11677107
  669    8     6.79033    -1.90217     0.70110     -0.00031622    0.52476902   -0.00060258    0.11110531
  670    8     8.05435    -1.09979     0.71399     -0.00018080    0.52476902   -0.00034454    0.09898352
  671    8     8.70112     0.10546     1.32290     -0.00028148    0.52476902   -0.00053640    0.09384307
  672    8     8.47141     1.23049     2.28376     -0.00018983    0.52476902   -0.00036174    0.09278515
  673    8     7.45728     1.82437     3.21143     -0.00017898    0.52476902   -0.00034107    0.09709820
  674    8     6.06522     1.64904     3.73408     -0.00033976    0.52476902   -0.00064745    0.10823195
  675    8     5.01685     1.03344     3.76119     -0.00020467    0.29166324   -0.00070173    0.11959885
  676   19     5.49386     4.89285     2.00990     -0.00027325    0.24261497   -0.00112627    0.11119549
  677   19     6.42957     4.43345     2.41143     -0.00058000    0.53922680   -0.00107561    0.10500323
  678   19     7.65394     3.90708     2.18754     -0.00050912    0.53922680   -0.00094417    0.09734749
  679   19     8.53283     3.61125     1.20454     -0.00056792    0.53922680   -0.00105322    0.09407825
  680   19     8.70593     3.66725    -0.13455     -0.00064977    0.53922680   -0.00120501    0.09369109
  681   19     8.10225     4.05211    -1.28073     -0.00053607    0.53922680   -0.00099414    0.09542727
  682   19     6.96931     4.60806    -1.76407     -0.00060727    0.53922680   -0.00112618    0.10129665
  683   19     5.77158     5.10716    -1.38642     -0.00072100    0.53922680   -0.00133711    0.11013801
  684    8     5.59592     4.44620     2.38590     -0.00047788    0.52771553   -0.00090556    0.10932170
  685    8     6.94883     3.81615     2.62383     -0.00027569    0.52771553   -0.00052241    0.09850641
  686    8     8.19021     3.33088     1.91150     -0.00016020    0.52771553   -0.00030358    0.09195168
  687    8     8.81111     3.18932     0.54096     -0.00030521    0.52771553   -0.00057837    0.09035625
  688    8     8.55697     3.44953    -0.92588     -0.00026028    0.52771553   -0.00049322    0.09108355
  689    8     7.53199     4.00481    -1.88765     -0.00020536    0.52771553   -0.00038915    0.09487639
  690    8     6.15639     4.62752    -1.95004     -0.00031569    0.52771553   -0.00059823    0.10416601
  691    8     5.14272     5.02513    -1.38190     -0.00017535    0.29407876   -0.00059626    0.11228382
  692   13     1.36342    -4.41291    -2.24244     -0.00079782    0.85737451   -0.00093054    0.15833129
  693   11     0.03870    -5.37591    -1.74220     -0.00128946    0.85737451   -0.00150397    0.16541778
  694   14     1.28099    -4.64376     2.04690     -0.00178497    1.01656567   -0.00175589    0.16060239
  695   14     1.68939    -4.81158     1.19852     -0.00139480    1.01656567   -0.00137207    0.15971787
  696   11     0.19876    -5.56396     1.16887     -0.00564468    2.03155686   -0.00277850    0.16982071
  697   15     0.39775     4.72667     1.99180     -0.00066145    0.84184305   -0.00078572    0.15508640
  698   15     0.05813     4.27902     2.62940     -0.00088235    0.84184305   -0.00104812    0.15823935
  699   12    -1.10415     4.63678     1.69510     -0.00525716    1.68285317   -0.00312396    0.18147300
  700   16     0.02008     4.43458    -2.47016     -0.00128283    0.84852351   -0.00151184    0.16343335
  701   16     0.35377     4.99618    -1.48800     -0.00315224    1.69718030   -0.00185734    0.16190662
  702   12    -1.16815     4.71813    -1.68665     -0.00574289    1.69718030   -0.00338378    0.18468899
  703   12    -0.82310     5.18593    -0.66026     -0.00293437    0.84852351   -0.00345821    0.18080522
  704   17     5.74618    -1.84429    -2.38593     -0.00016449    0.85884199   -0.00019153    0.12276982
  705   17     5.45304    -1.27595    -3.29626     -0.00160076    1.71658278   -0.00093253    0.12654169
  706   17     4.83565    -0.19002    -3.82588     -0.00163133    1.71658278   -0.00095034    0.12930830
  707   13     4.34762    -2.41635    -2.81157     -0.00270177    1.71658278   -0.00157392    0.14133402
  708   13     3.87217    -1.53913    -3.73098     -0.00292240    1.71658278   -0.00170245    0.14320411
  709   13     3.32283    -0.59406    -3.93773     -0.00093168    0.85884199   -0.00108481    0.14439832
  710   18     4.77190    -0.66149     3.59837     -0.00040686    0.85493671   -0.00047589    0.12840394
  711   18     5.31472    -1.52996     3.16946     -0.00168514    1.70880192   -0.00098615    0.12780969
  712   18     5.75933    -2.17752     2.06615     -0.00137122    1.70880192   -0.00080245    0.12508581
  713   14     3.69319    -1.77734     3.39574     -0.00277622    1.70880192   -0.00162466    0.14489627
  714   14     4.29306    -2.71148     2.61994     -0.00292513    1.70880192   -0.00171180    0.14243818
  715   14     4.55564    -3.06266     1.59986     -0.00107268    0.85493671   -0.00125469    0.13976484
