COSMO Results from DMol3

Note: COSMO for ideal conductor limit (fepsi= 1.0000)
  Basic Grid Size                  =   1082
  Number of Segments on an Atom    =     92
  Number of Segments on Hydrogen   =     32
  Solvent Radius    [au]           =   2.46
  A - Matrix Cutoff [au]           =  13.23
  factor for Outlying Charge corr  =   0.85
  maximum segment or cutoff radius =   1.49
  total number of segments         =    817
  number of charge corr segments   =    329




$coordinates xyz [au]                         and cosmo atom analysis:   radius   charge    area  charge density  (srad)
C            -6.50738615472241    1.37517248142786    0.12032997216413   3.7795  -0.0845    63.19    -0.00134    6.2361
C            -4.10402496674285   -2.78403611274541   -0.04408035621806   3.7795  -0.0447    53.03    -0.00084    6.2361
C            -1.60815825320221   -3.45097574052425   -0.13087202460939   3.7795  -0.0422    51.40    -0.00082    6.2361
C            -1.81648013621252    0.72673751106840   -0.04374278877118   3.7795  -0.0756    46.69    -0.00162    6.2361
N            -0.20500631308468   -1.23711461784115   -0.13020942804845   3.4582  -0.0096     7.01    -0.00136    5.9148
C             2.60014136089750   -1.11783129325396   -0.27037900354447   3.7795  -0.0360    23.56    -0.00153    6.2361
C             3.70460869069129    1.49902732374225    0.20780531323186   3.7795  -0.0103    22.06    -0.00047    6.2361
C             6.59777803501257    1.42137555763940    0.07833059171764   3.7795   0.0222    58.27     0.00038    6.2361
N            -4.19957344080424   -0.16749528532246    0.00977657378260   3.4582  -0.0078     5.88    -0.00132    5.9148
H            -7.55628520341894    0.93333612825889    1.85292694211664   2.4566  -0.0606    24.84    -0.00244    4.9133
H            -7.68406757692247    0.97653949290386   -1.53924258137109   2.4566  -0.0604    24.96    -0.00242    4.9133
H            -5.97947273498601    3.37545295533522    0.12569214563284   2.4566  -0.0625    23.06    -0.00271    4.9133
H            -5.79974896559651   -3.93557416193458   -0.00768778562553   2.4566  -0.0820    24.98    -0.00328    4.9133
H            -0.71599360898734   -5.29583883567552   -0.18688723349411   2.4566  -0.0826    24.86    -0.00332    4.9133
H            -1.29469403249393    2.70459022966472   -0.02013456879301   2.4566  -0.0829    20.96    -0.00395    4.9133
H             3.13773894294364   -1.81297544816548   -2.15472154258262   2.4566  -0.0591    26.22    -0.00226    4.9133
H             3.30610015197097   -2.48288870173146    1.12813188259364   2.4566  -0.0580    24.95    -0.00232    4.9133
H             3.09777313835423    2.18696091870877    2.07829584229982   2.4566  -0.0402    24.35    -0.00165    4.9133
H             2.99170152594458    2.84712964644340   -1.21234160289078   2.4566  -0.0402    22.67    -0.00177    4.9133
H             7.25855931747062    0.79052071886938   -1.78870112249086   2.4566  -0.0272    24.94    -0.00109    4.9133
H             7.38926188097565    0.13837339854491    1.50870724920011   2.4566  -0.0272    24.85    -0.00109    4.9133
H             7.38722834291309    3.30951383458728    0.41900352570031   2.4566  -0.0283    24.15    -0.00117    4.9133
$end


$cosmo_energy               [Hartree atomic units]       [eV]     [kcal/mol]
  Total energy                 =       -384.017858
  Total energy + OC corr.      =       -384.014213
  Dielectric energy            =         -0.081913      -2.229      -51.40
  Diel. energy + OC corr.      =         -0.078268      -2.130      -49.11

  Surface area of cavity [au]  =           646.898
  Total Volume of cavity [au]  =          1193.100


$screening_charge
  cosmo           =   -1.02620
  corrected total =   -0.99954


$segment information
    n  atom        position (X, Y, Z) [au]            charge       area [au]   charge/area    potential [au]

    1    1    -5.23743     2.33012    -3.30890      0.00008656    0.82948843    0.00010436    0.15704635
    2    1    -5.41445     1.76252     3.71752     -0.00099144    0.82948843   -0.00119524    0.15558510
    3    1    -6.98043     4.03485     2.76356     -0.00032255    0.82948843   -0.00038886    0.14512958
    4    1    -9.97863     2.86313     0.26387     -0.00137549    1.32718149   -0.00103640    0.13715412
    5    1    -9.47828    -0.94115    -0.18384     -0.00007508    1.16128380   -0.00006465    0.14843723
    6    1    -5.33578     3.41855    -2.83539     -0.00096133    1.49307918   -0.00064386    0.15711736
    7    1    -6.44567     4.06530    -2.53368     -0.00060318    0.99538612   -0.00060597    0.14994345
    8    1    -6.07646     2.12501    -3.55885     -0.00059180    0.66359074   -0.00089181    0.15322470
    9    1    -6.28078     2.76336    -3.38765     -0.00024241    0.82948843   -0.00029224    0.14962448
   10    1    -5.63380     1.49356    -3.55488     -0.00089312    0.66359074   -0.00134589    0.15709971
   11    1    -9.75973    -0.44317     0.75275     -0.00032141    0.66359074   -0.00048435    0.14552134
   12    1    -9.98802     2.31252     1.25641     -0.00176270    1.49307918   -0.00118058    0.14022179
   13    1    -7.36296     3.38385     3.20537     -0.00020827    0.99538612   -0.00020924    0.14409573
   14    1    -5.58326     0.89654     3.75367     -0.00073750    0.82948843   -0.00088910    0.15914174
   15    1    -7.70172     4.15617    -2.14328     -0.00066681    1.65897686   -0.00040194    0.14309369
   16    1    -7.96532     3.52550    -2.62463     -0.00031217    0.82948843   -0.00037634    0.14313110
   17    1    -5.19456     2.48873     3.48497      0.00013186    0.82948843    0.00015896    0.15494646
   18    1    -6.25246     3.51486     3.22534     -0.00030299    1.16128380   -0.00026091    0.14735603
   19    1    -8.07652     4.15410     2.14509     -0.00114695    1.65897686   -0.00069136    0.14155297
   20    1    -9.36848     3.58175     1.22912     -0.00148648    1.49307918   -0.00099558    0.13802628
   21    1   -10.27071     1.66070     0.32029     -0.00084195    1.16128380   -0.00072502    0.13827328
   22    1   -10.06133     0.10543    -0.08296     -0.00058880    1.32718149   -0.00044365    0.14237996
   23    1    -9.14935    -1.24971     0.76381     -0.00037621    0.99538612   -0.00037796    0.15278421
   24    1    -8.40771     4.47768    -0.90316     -0.00175645    1.82487455   -0.00096250    0.14284864
   25    1    -9.38696     3.79225    -0.26701     -0.00212358    1.99077223   -0.00106671    0.13788758
   26    1    -9.97068     2.57492    -0.80181     -0.00153079    1.32718149   -0.00115342    0.13987634
   27    1    -9.04919    -1.28694    -0.73787     -0.00059453    0.49769306   -0.00119458    0.15603917
   28    1    -6.81176     3.39371    -3.06042     -0.00034733    1.32718149   -0.00026171    0.14589416
   29    1    -5.72197     0.63370    -3.50150     -0.00032758    0.33179537   -0.00098730    0.16054412
   30    1   -10.18674     0.72329     0.68734     -0.00053710    0.99538612   -0.00053959    0.14093237
   31    1    -8.87966     3.45740     2.19901     -0.00116817    1.32718149   -0.00088019    0.14070779
   32    1    -6.12012     2.68107     3.64580     -0.00042215    0.99538612   -0.00042411    0.14953966
   33    1    -9.09280     3.55557    -1.56661     -0.00125584    1.49307918   -0.00084111    0.13998749
   34    1    -5.16333     3.43746     2.98823     -0.00109171    1.32718149   -0.00082258    0.15730470
   35    1    -8.61213     4.45059     0.74972     -0.00192926    1.65897686   -0.00116292    0.14193753
   36    1   -10.23828     1.33027    -0.48181     -0.00090888    0.82948843   -0.00109572    0.14125184
   37    2    -5.80094    -2.62459    -3.41739     -0.00022261    0.99538612   -0.00022364    0.14468240
   38    2    -4.54466    -5.54827    -2.58356      0.00003026    1.16128380    0.00002605    0.13886710
   39    2    -4.68649    -6.21302     1.43478     -0.00117630    0.99538612   -0.00118176    0.14926422
   40    2    -5.21030    -3.78086     3.42966     -0.00008826    1.16128380   -0.00007601    0.13734132
   41    2    -6.18257    -4.10914     2.82089     -0.00094761    1.16128380   -0.00081600    0.14747960
   42    2    -4.67666    -6.48558     0.46070     -0.00078745    0.66359074   -0.00118665    0.15530379
   43    2    -5.43161    -5.46331    -2.35560     -0.00096383    0.99538612   -0.00096830    0.14524786
   44    2    -6.72691    -3.31358    -2.71320     -0.00123977    0.99538612   -0.00124552    0.15230144
   45    2    -5.95932    -3.39428    -3.27976     -0.00027518    0.82948843   -0.00033175    0.14221996
   46    2    -5.21835    -4.59363    -3.16942      0.00004894    1.16128380    0.00004214    0.13623703
   47    2    -4.76446    -6.12847    -1.67585     -0.00064520    0.82948843   -0.00077782    0.14842161
   48    2    -4.49277    -6.52234    -0.44168     -0.00067328    0.33179537   -0.00202919    0.15516150
   49    2    -4.45164    -5.79969     2.20742     -0.00042470    1.16128380   -0.00036571    0.14132341
   50    2    -5.28009    -4.77161     2.94769     -0.00018169    1.16128380   -0.00015646    0.13882544
   51    2    -6.13140    -3.16087     3.12327     -0.00045958    0.99538612   -0.00046171    0.14758312
   52    2    -4.89805    -1.95592    -3.64518     -0.00031506    1.16128380   -0.00027130    0.14446605
   53    2    -3.87414    -2.06850    -3.74804      0.00000533    1.32718149    0.00000402    0.14161854
   54    2    -3.90597    -3.27777    -3.78589      0.00083959    0.99538612    0.00084349    0.13253463
   55    2    -4.27405    -4.42508    -3.44440      0.00070644    1.16128380    0.00060832    0.13133547
   56    2    -4.10070    -3.55806     3.65528      0.00102394    1.65897686    0.00061721    0.13278043
   57    2    -5.12772    -2.66335     3.59211     -0.00045451    1.16128380   -0.00039139    0.14220402
   58    2    -4.65691    -1.99081     3.60962     -0.00025258    0.66359074   -0.00038062    0.14542966
   59    2    -5.41450    -5.43673     2.30755     -0.00083292    0.82948843   -0.00100414    0.14582151
   60    2    -4.82773    -6.38654    -0.92856     -0.00119085    0.49769306   -0.00239273    0.15440231
   61    2    -6.08885    -4.33857    -2.85975     -0.00080972    1.16128380   -0.00069726    0.14462118
   62    2    -6.87586    -3.42302     2.44449     -0.00057524    0.33179537   -0.00173373    0.15845200
   63    2    -3.72329    -2.26179     3.67972      0.00006510    1.49307918    0.00004360    0.14098506
   64    2    -4.88198    -3.34855    -3.69924      0.00023171    1.65897686    0.00013967    0.13504018
   65    2    -4.35493    -4.83506     3.12051      0.00072770    1.32718149    0.00054831    0.13313483
   66    3    -2.61799    -6.09569     2.37315     -0.00003298    1.16128380   -0.00002840    0.13882755
   67    3    -2.81460    -6.69297    -1.65346     -0.00130556    0.99538612   -0.00131162    0.14901588
   68    3    -1.13766    -4.82497    -3.62013     -0.00010440    1.16128380   -0.00008990    0.13674769
   69    3    -0.53744    -5.64807    -3.01367     -0.00051914    0.99538612   -0.00052155    0.14626916
   70    3    -2.96267    -6.93595    -0.68277     -0.00053086    0.66359074   -0.00079998    0.15505008
   71    3    -1.80679    -6.46310     2.14334     -0.00077511    0.99538612   -0.00077870    0.14513132
   72    3     0.32252    -5.28763     2.54933     -0.00104337    0.82948843   -0.00125785    0.15133653
   73    3    -0.23479    -4.75047     3.14166     -0.00042934    1.32718149   -0.00032350    0.14228588
   74    3    -1.55899    -5.61343     2.96844      0.00004634    1.16128380    0.00003990    0.13600553
   75    3    -2.71499    -6.69686     1.45769     -0.00069804    0.82948843   -0.00084153    0.14830044
   76    3    -3.14324    -6.88682     0.21969     -0.00073492    0.33179537   -0.00221498    0.15483132
   77    3    -2.69493    -6.20156    -2.48406     -0.00037947    1.16128380   -0.00032677    0.14071590
   78    3    -1.57450    -5.72353    -3.15057     -0.00023371    1.16128380   -0.00020126    0.13830675
   79    3    -0.08682    -4.87352    -3.28461     -0.00074658    0.99538612   -0.00075004    0.14628252
   80    3    -0.32144    -3.52962     3.42194     -0.00040924    0.99538612   -0.00041114    0.14340332
   81    3    -1.33414    -2.89020     3.59670      0.00005858    1.49307918    0.00003924    0.14030104
   82    3    -2.03897    -3.82516     3.60527      0.00083641    0.99538612    0.00084029    0.13222076
   83    3    -2.29317    -4.99843     3.24856      0.00073844    1.16128380    0.00063588    0.13114380
   84    3    -1.98619    -4.07416    -3.83936      0.00103866    1.65897686    0.00062608    0.13242907
   85    3    -0.74318    -3.60652    -3.80671     -0.00038314    1.49307918   -0.00025661    0.14162032
   86    3    -1.79300    -6.37444    -2.51905     -0.00065947    0.82948843   -0.00079503    0.14543070
   87    3    -2.78687    -6.94280     0.70710     -0.00100888    0.49769306   -0.00202711    0.15434910
   88    3    -0.67665    -5.82435     2.65906     -0.00086333    1.16128380   -0.00074342    0.14443130
   89    3     0.48023    -5.36054    -2.63613     -0.00056961    0.33179537   -0.00171676    0.15722825
   90    3    -1.66433    -2.76279    -3.84670      0.00001335    1.49307918    0.00000894    0.14069572
   91    3    -1.22903    -4.37369     3.51456      0.00022378    1.65897686    0.00013489    0.13463209
   92    3    -2.40874    -5.22419    -3.37109      0.00068904    1.16128380    0.00059334    0.13240617
   93    4    -1.85917    -0.32212     3.58700     -0.00079615    0.66359074   -0.00119976    0.15488470
   94    4    -2.55871     2.75729     3.05627     -0.00110643    0.82948843   -0.00133387    0.16602929
   95    4    -1.76573     2.42376    -3.42040     -0.00098085    0.99538612   -0.00098540    0.16104134
   96    4    -1.46643     3.26807    -2.81922     -0.00227882    1.16128380   -0.00196232    0.17135034
   97    4    -2.25613     3.42555     2.56533     -0.00143896    0.66359074   -0.00216845    0.17457406
   98    4    -1.80528     2.41164     3.33932     -0.00112920    1.16128380   -0.00097237    0.16111897
   99    4    -0.87775     2.35851    -3.32099     -0.00062205    0.82948843   -0.00074992    0.16277167
  100    4    -2.63423     2.97773    -2.96754     -0.00150102    1.16128380   -0.00129255    0.16739066
  101    4    -2.73258     1.45421     3.55010     -0.00122676    1.49307918   -0.00082163    0.15839732
  102    4    -2.32367     0.35864     3.68338     -0.00119332    1.32718149   -0.00089914    0.15497086
  103    4    -1.03175     0.40477     3.63929     -0.00126352    1.32718149   -0.00095203    0.15469980
  104    4    -1.20083     0.17176    -3.73120     -0.00069916    0.82948843   -0.00084288    0.15639974
  105    4    -1.70873     1.24924    -3.78536     -0.00115290    1.32718149   -0.00086869    0.15613503
  106    4    -2.57593     1.93542    -3.54326     -0.00123594    1.16128380   -0.00106429    0.15907388
  107    4    -2.87186     0.96796    -3.66484     -0.00082935    0.99538612   -0.00083319    0.15676787
  108    4    -1.38263     3.12100     2.84821     -0.00163028    0.82948843   -0.00196541    0.16937316
  109    4    -2.49351     3.63665    -2.35853     -0.00174327    0.66359074   -0.00262703    0.17804370
  110    4    -2.20463     0.07854    -3.74692     -0.00158060    1.32718149   -0.00119095    0.15565969
  111    4    -1.34742     1.48557     3.62890     -0.00159430    1.65897686   -0.00096101    0.15635488
  112    4    -0.71040     1.20882    -3.62543     -0.00136580    1.16128380   -0.00117611    0.15876075
  113    5    -0.09893    -1.23235    -3.58680     -0.00031304    0.27778738   -0.00112691    0.15720731
  114    5    -0.23682    -1.41763     3.32311     -0.00007670    0.13889369   -0.00055223    0.15334834
  115    5     0.29699    -0.78955     3.26194     -0.00020903    0.13889369   -0.00150496    0.15653670
  116    5     0.18737    -1.48832     3.29645      0.00002145    0.41668107    0.00005148    0.15381140
  117    5    -0.45619    -1.33230    -3.57798     -0.00009746    0.13889369   -0.00070167    0.15583983
  118    6     1.67822     0.24490    -3.67292     -0.00073106    0.49769306   -0.00146890    0.15801292
  119    6     3.70728    -4.70358    -0.71849     -0.00045328    0.99538612   -0.00045539    0.14854460
  120    6     2.38578    -1.38126     3.49378     -0.00032267    0.49769306   -0.00064832    0.15341179
  121    6     1.64053    -0.85193     3.37553     -0.00034653    0.33179537   -0.00104440    0.15554216
  122    6     3.72951    -4.47621    -1.58567     -0.00030904    0.99538612   -0.00031047    0.14770166
  123    6     5.52436    -3.15618    -1.52672     -0.00030483    0.49769306   -0.00061249    0.13725407
  124    6     1.42789    -0.48563    -3.80738     -0.00046604    0.49769306   -0.00093640    0.15976514
  125    6     5.41683    -3.60717    -0.66246     -0.00049147    0.82948843   -0.00059250    0.13684654
  126    6     4.69863    -4.23808    -0.65072     -0.00042318    0.99538612   -0.00042514    0.14129875
  127    6     1.77910    -1.75505     3.36336     -0.00099508    0.49769306   -0.00199938    0.15669319
  128    6     4.91631    -3.90303    -1.34847     -0.00022178    0.66359074   -0.00033421    0.13933624
  129    6     2.16663     0.09310    -3.82425     -0.00052130    0.33179537   -0.00157113    0.15595328
  130    7     4.13869     5.17641     0.96464      0.00032211    0.82948843    0.00038833    0.11962565
  131    7     4.07079     1.48657    -3.55383     -0.00011621    0.49769306   -0.00023351    0.13652536
  132    7     3.94787     4.87699     1.88549      0.00008886    1.32718149    0.00006695    0.12261917
  133    7     3.85454     0.06966     3.70334     -0.00039009    0.66359074   -0.00058784    0.13875920
  134    7     3.18698     5.18655     0.85483      0.00046448    1.32718149    0.00034998    0.12696863
  135    7     2.35038     4.98317     0.76569      0.00024745    0.66359074    0.00037290    0.13700523
  136    7     3.91822     5.26017    -0.09636      0.00001284    0.99538612    0.00001290    0.12404294
  137    7     3.40891     1.56290    -3.55950     -0.00018814    0.33179537   -0.00056705    0.14298943
  138    7     2.49909     4.84388     1.48963      0.00031502    0.49769306    0.00063295    0.13485518
  139    7     4.34677     0.42970     3.77551     -0.00001972    0.16589769   -0.00011890    0.13294716
  140    8     8.46006     3.82276    -2.16875      0.00091913    0.82948843    0.00110807    0.08932584
  141    8    10.32310     0.82131    -0.13627      0.00079152    1.32718149    0.00059639    0.08251085
  142    8     8.00298    -2.07303    -0.23602      0.00122229    1.16128380    0.00105254    0.10450869
  143    8     6.71878     3.28791     3.36249      0.00111446    1.65897686    0.00067178    0.10102089
  144    8     7.84445     3.15555     3.19646      0.00064936    0.66359074    0.00097856    0.09330482
  145    8     6.52470     2.04484     3.80530      0.00078901    0.99538612    0.00079267    0.10426120
  146    8     7.21678     2.00535     3.76074      0.00054700    0.66359074    0.00082431    0.09870026
  147    8     8.35396    -1.71364    -1.09287      0.00064785    0.66359074    0.00097628    0.10069160
  148    8    10.04230     0.53098    -1.19705      0.00076096    1.49307918    0.00050966    0.08643366
  149    8     8.28640     3.25192    -2.76451      0.00133672    1.32718149    0.00100719    0.09107553
  150    8     6.00926     2.64056    -3.45033      0.00037730    0.82948843    0.00045485    0.11260302
  151    8     9.11581     2.57671     2.64912      0.00141564    1.32718149    0.00106665    0.08650849
  152    8     8.96169     1.95022     2.97945      0.00093591    0.82948843    0.00112830    0.08821920
  153    8     6.37270     3.77501    -2.87022      0.00091551    1.16128380    0.00078836    0.10346910
  154    8     7.35360     4.08813    -2.49096      0.00109588    1.16128380    0.00094368    0.09524126
  155    8     9.43626     3.09752    -1.77036      0.00181451    1.82487455    0.00099432    0.08495996
  156    8    10.20816     1.90778    -0.92796      0.00103635    1.49307918    0.00069410    0.08207408
  157    8     9.92412    -0.36976    -0.02853      0.00118972    1.49307918    0.00079682    0.08695781
  158    8     9.00905    -1.45890    -0.33877      0.00135116    1.16128380    0.00116350    0.09435475
  159    8     7.47319    -2.05874    -1.10770      0.00080957    0.82948843    0.00097598    0.11025266
  160    8     5.84642     4.88626    -1.23095      0.00016299    0.33179537    0.00049124    0.11055671
  161    8     9.97740     2.53651     1.35064      0.00089725    1.32718149    0.00067606    0.08385210
  162    8    10.33305     1.84997     0.46322      0.00100413    1.65897686    0.00060527    0.08148590
  163    8    10.19205     0.62108     0.92972      0.00070243    1.16128380    0.00060487    0.08484303
  164    8     6.12331     4.07926     2.72310      0.00015601    0.33179537    0.00047020    0.10801103
  165    8     7.91635     2.38315     3.48723      0.00134824    1.32718149    0.00101587    0.09259328
  166    8     6.19490     1.00250     3.81284      0.00010317    0.66359074    0.00015547    0.11331729
  167    8     9.52844    -0.77736    -0.84955      0.00108522    1.16128380    0.00093450    0.09010536
  168    8     9.81500     2.08638    -1.79018      0.00077987    0.99538612    0.00078349    0.08495258
  169    8     7.05764     3.23824    -3.20369      0.00057475    0.82948843    0.00069289    0.10001758
  170    8     9.93588     1.55382     1.84572      0.00126957    1.49307918    0.00085031    0.08423397
  171    8     6.40383     4.58746    -1.97653      0.00070302    1.16128380    0.00060538    0.10394931
  172    8    10.07110     2.83411    -0.39528      0.00056339    1.16128380    0.00048514    0.08375927
  173    9    -4.30956    -0.18331     3.46618     -0.00007165    0.27778738   -0.00025792    0.15690296
  174    9    -4.24195    -0.26659    -3.44676     -0.00002705    0.13889369   -0.00019472    0.15548958
  175    9    -4.64459    -0.11566    -3.41929     -0.00003627    0.41668107   -0.00008705    0.15713494
  176    9    -4.05047    -0.44867     3.45329     -0.00002977    0.13889369   -0.00021437    0.15530683
  177   10    -8.56994     0.56648     4.06040     -0.00408656    1.54201899   -0.00265014    0.15060797
  178   10    -9.09979    -0.84822     2.54480     -0.00296812    1.19156013   -0.00249096    0.15465857
  179   10    -9.91275     1.04203     2.53868     -0.00259808    1.19156013   -0.00218040    0.14652060
  180   10    -8.52933     2.34914     3.60896     -0.00227014    1.19156013   -0.00190519    0.14690924
  181   10    -7.15796     1.21062     4.26114     -0.00278204    1.40183545   -0.00198457    0.15317050
  182   10    -8.42715    -0.70474     3.46330     -0.00437217    1.61211077   -0.00271208    0.15568635
  183   10    -9.42574     0.12330     3.22551     -0.00326398    1.33174368   -0.00245091    0.14958479
  184   10    -9.30522     1.33786     3.53000     -0.00339198    1.33174368   -0.00254702    0.14710303
  185   10    -7.98905     1.79054     4.11410     -0.00320862    1.47192722   -0.00217987    0.14905087
  186   10    -7.63890    -0.12145     4.07005     -0.00312229    1.33174368   -0.00234451    0.15552607
  187   10    -9.79753    -0.02301     2.16480     -0.00190327    1.12146836   -0.00169713    0.14911077
  188   10    -9.49655     2.06304     2.85000     -0.00198464    1.05137659   -0.00188766    0.14597905
  189   10    -6.76777     0.25547     4.07864     -0.00225599    0.98128481   -0.00229902    0.15814840
  190   11    -9.10370     0.51248    -3.48971     -0.00410201    1.54201899   -0.00266015    0.15044396
  191   11    -9.82771    -0.19663    -1.79117     -0.00224946    1.19156013   -0.00188782    0.15021081
  192   11    -8.55333    -0.74279    -3.06347     -0.00249568    1.12146836   -0.00222537    0.15686874
  193   11    -7.24006     0.43429    -3.89379     -0.00313805    1.26165190   -0.00248725    0.15711528
  194   11    -8.26887     2.28312    -3.53573     -0.00255945    1.33174368   -0.00192188    0.14838394
  195   11    -9.77701     1.94648    -2.38414     -0.00260389    1.26165190   -0.00206387    0.14594298
  196   11    -9.28274    -0.66185    -2.43082     -0.00363476    1.47192722   -0.00246939    0.15381664
  197   11    -7.99835    -0.22531    -3.65863     -0.00321498    1.26165190   -0.00254823    0.15638413
  198   11    -8.28956     1.06684    -3.91838     -0.00307659    1.26165190   -0.00243854    0.15105507
  199   11    -9.18584     1.98794    -3.19961     -0.00375055    1.61211077   -0.00232649    0.14678061
  200   11    -9.81627     0.63633    -2.71099     -0.00357199    1.40183545   -0.00254808    0.14817139
  201   11    -7.35227     1.53214    -3.90912     -0.00186579    1.05137659   -0.00177462    0.15320337
  202   11   -10.12533     1.05096    -1.80331     -0.00192359    1.05137659   -0.00182959    0.14662879
  203   12    -5.87778     5.81713     0.37677     -0.00347843    1.26165190   -0.00275704    0.16015921
  204   12    -6.16831     5.12993    -1.58347     -0.00229115    1.19156013   -0.00192281    0.15778486
  205   12    -6.10833     5.21665     1.74699     -0.00285919    1.33174368   -0.00214696    0.15752704
  206   12    -7.23480     5.48415     0.23846     -0.00242434    1.12146836   -0.00216176    0.15258546
  207   12    -5.07807     5.06235    -1.41604     -0.00410152    1.47192722   -0.00278650    0.16785536
  208   12    -4.94190     5.57282    -0.23508     -0.00413646    1.33174368   -0.00310605    0.16903541
  209   12    -5.04267     5.45363     1.04151     -0.00389821    1.33174368   -0.00292715    0.16720111
  210   12    -6.81564     5.47238     1.09467     -0.00308694    1.33174368   -0.00231797    0.15408919
  211   12    -6.18700     5.69534    -0.65544     -0.00371186    1.40183545   -0.00264785    0.15807496
  212   12    -5.03952     4.84132     1.85858     -0.00283126    1.05137659   -0.00269290    0.16706250
  213   12    -7.17500     5.33031    -0.75995     -0.00209772    1.05137659   -0.00199522    0.15283475
  214   13    -7.76373    -5.41135    -0.01529     -0.00739581    2.03266140   -0.00363849    0.16260387
  215   13    -6.45744    -5.90630     1.30336     -0.00341475    1.26165190   -0.00270657    0.15852643
  216   13    -6.26146    -6.23023    -0.75369     -0.00386031    1.33174368   -0.00289869    0.15952245
  217   13    -7.26819    -4.84246    -1.75594     -0.00268731    1.05137659   -0.00255599    0.16018906
  218   13    -8.22826    -4.18889    -0.27849     -0.00453986    1.26165190   -0.00359835    0.16712170
  219   13    -7.58246    -4.22565     1.65754     -0.00366293    1.12146836   -0.00326620    0.16438151
  220   13    -6.59951    -6.23999     0.28425     -0.00570746    1.75229431   -0.00325713    0.15979724
  221   13    -7.03054    -5.65175    -1.26270     -0.00554834    1.75229431   -0.00316633    0.15955629
  222   13    -7.89615    -4.21903    -1.25665     -0.00541525    1.54201899   -0.00351179    0.16522084
  223   13    -8.10960    -4.26644     0.76063     -0.00524573    1.47192722   -0.00356385    0.16649984
  224   13    -7.23056    -5.24116     1.50342     -0.00565826    1.82238608   -0.00310486    0.16044550
  225   14     0.24515    -7.55432    -0.29002     -0.00707374    1.96256963   -0.00360433    0.16226287
  226   14    -1.11624    -7.30881    -1.53706     -0.00334725    1.26165190   -0.00265307    0.15799702
  227   14    -1.47402    -7.52558     0.51229     -0.00388769    1.33174368   -0.00291925    0.15926799
  228   14     0.25002    -6.75934     1.53360     -0.00406995    1.40183545   -0.00290330    0.16075933
  229   14     0.78767    -6.44489    -1.75336     -0.00470386    1.47192722   -0.00319571    0.16425568
  230   14    -1.17312    -7.68583    -0.52476     -0.00563359    1.75229431   -0.00321498    0.15943170
  231   14    -0.55849    -7.41752     1.04144     -0.00517061    1.68220254   -0.00307371    0.15927010
  232   14     0.93129    -6.89809     0.68166     -0.00571738    1.68220254   -0.00339875    0.16470998
  233   14     1.25712    -6.69584    -0.61344     -0.00604817    1.61211077   -0.00375171    0.16700294
  234   14    -0.08341    -7.12311    -1.70219     -0.00586956    1.89247786   -0.00310152    0.16008108
  235   15    -0.64017     5.06301     0.19099     -0.00585156    1.26165190   -0.00463801    0.18637674
  236   15    -1.58306     4.50676     1.62427     -0.00506431    1.26165190   -0.00401403    0.18626578
  237   15    -1.29638     4.41539    -1.78318     -0.00380471    1.05137659   -0.00361879    0.18557084
  238   15    -1.68255     5.10360     0.33957     -0.00650203    1.47192722   -0.00441736    0.18888554
  239   15    -1.86804     4.88008    -1.00687     -0.00541479    1.19156013   -0.00454429    0.18899695
  240   15    -0.87525     4.92993    -0.97253     -0.00479503    1.12146836   -0.00427567    0.18652947
  241   15    -0.76861     4.65719     1.37473     -0.00540357    1.26165190   -0.00428293    0.18481815
  242   16     3.63836    -2.78452    -4.35484     -0.00292312    1.19156013   -0.00245319    0.14885791
  243   16     3.81264    -0.94216    -4.35047     -0.00276629    0.98128481   -0.00281904    0.14889771
  244   16     2.13286    -1.53330    -4.37892     -0.00236079    0.98128481   -0.00240581    0.15598251
  245   16     2.51679    -3.18048    -4.09878     -0.00259754    1.12146836   -0.00231620    0.15443835
  246   16     3.79932    -4.05081    -2.92248     -0.00230272    1.19156013   -0.00193253    0.14956829
  247   16     5.02389    -2.92557    -3.26812     -0.00179315    0.77100950   -0.00232572    0.14380735
  248   16     3.41653    -1.79253    -4.59541     -0.00260056    1.12146836   -0.00231889    0.14961278
  249   16     2.37959    -2.34411    -4.43027     -0.00277126    1.12146836   -0.00247110    0.15423163
  250   16     3.17247    -3.78029    -3.62560     -0.00289054    1.19156013   -0.00242584    0.15200189
  251   16     4.25336    -3.34919    -3.71372     -0.00255886    1.12146836   -0.00228171    0.14665029
  252   16     4.51378    -2.18157    -4.15616     -0.00343079    1.26165190   -0.00271928    0.14598401
  253   16     2.85255    -0.81755    -4.38248     -0.00175442    0.98128481   -0.00178788    0.15301917
  254   16     4.80671    -3.50885    -2.76599     -0.00151879    0.84110127   -0.00180572    0.14461164
  255   17     4.30327    -4.12459     2.65966     -0.00342745    1.40183545   -0.00244497    0.14971091
  256   17     3.82241    -2.43842     3.52951     -0.00302766    1.26165190   -0.00239976    0.15031719
  257   17     4.84992    -4.37516     0.86174     -0.00188331    1.26165190   -0.00149273    0.14700235
  258   17     3.08877    -3.67222     3.26669     -0.00348259    1.40183545   -0.00248431    0.15464766
  259   17     4.46187    -3.23477     3.16136     -0.00336297    1.26165190   -0.00266553    0.14824607
  260   17     5.07879    -4.01977     1.85656     -0.00411191    1.47192722   -0.00279356    0.14635195
  261   17     3.95614    -4.83853     1.38003     -0.00423591    1.61211077   -0.00262755    0.15291778
  262   17     3.31071    -4.50658     2.52088     -0.00360978    1.33174368   -0.00271056    0.15568625
  263   17     2.84969    -2.77271     3.52456     -0.00236958    1.05137659   -0.00225379    0.15495959
  264   18     2.48174     2.95855     4.32780     -0.00260151    1.40183545   -0.00185579    0.14021805
  265   18     4.01693     2.63262     4.31249     -0.00150021    1.05137659   -0.00142690    0.13000913
  266   18     2.77344     1.13957     4.27669     -0.00176259    1.19156013   -0.00147923    0.14268392
  267   18     1.95721     4.20531     2.89099     -0.00144173    0.91119304   -0.00158225    0.14495086
  268   18     3.60394     4.22329     3.35587     -0.00162709    1.19156013   -0.00136551    0.13033449
  269   18     3.13392     2.19194     4.53467     -0.00167444    1.05137659   -0.00159262    0.13657435
  270   18     1.94605     1.82160     4.21727     -0.00191879    1.40183545   -0.00136877    0.14726448
  271   18     1.63727     3.24527     3.74625     -0.00247235    1.19156013   -0.00207488    0.14839336
  272   18     2.56944     3.90823     3.74958     -0.00183522    1.12146836   -0.00163645    0.13834119
  273   18     3.79971     3.51425     4.02268     -0.00189720    1.40183545   -0.00135337    0.13008073
  274   18     3.82074     1.51769     4.32874     -0.00116776    0.91119304   -0.00128158    0.13398523
  275   18     2.76102     4.47892     2.89597     -0.00076226    0.77100950   -0.00098866    0.13628065
  276   19     2.06340     4.41044    -2.86443     -0.00249402    1.19156013   -0.00209307    0.14888806
  277   19     2.20552     2.80008    -3.53933     -0.00146947    0.84110127   -0.00174708    0.15069902
  278   19     3.63912     3.37660    -3.52225     -0.00116023    0.98128481   -0.00118236    0.13610361
  279   19     3.82365     4.96825    -2.13090     -0.00144576    0.98128481   -0.00147334    0.13159297
  280   19     2.29726     5.19558    -1.01857     -0.00140069    1.05137659   -0.00133225    0.14502036
  281   19     2.80653     3.88017    -3.43353     -0.00162768    0.98128481   -0.00165873    0.14200120
  282   19     3.68312     4.36942    -3.01225     -0.00183138    1.33174368   -0.00137518    0.13393355
  283   19     2.85944     5.01023    -2.36931     -0.00201269    1.12146836   -0.00179469    0.13984065
  284   19     1.97129     4.95010    -1.96820     -0.00190227    0.98128481   -0.00193855    0.14979129
  285   19     1.88329     3.60479    -3.26965     -0.00173535    0.84110127   -0.00206319    0.15226472
  286   19     3.00083     2.74766    -3.66697     -0.00101884    0.77100950   -0.00132144    0.14322723
  287   19     3.23638     5.28745    -1.35363     -0.00072325    0.98128481   -0.00073704    0.13526149
  288   20     8.07381     0.15557    -4.01747     -0.00176813    1.12146836   -0.00157662    0.11129486
  289   20     7.69737    -1.36631    -2.87987     -0.00141375    1.12146836   -0.00126062    0.11537771
  290   20     9.27219    -0.35122    -2.61146     -0.00107096    1.12146836   -0.00095496    0.10101096
  291   20     8.96955     1.63496    -3.33616     -0.00106924    1.26165190   -0.00084750    0.09898525
  292   20     7.13983     1.67245    -4.07852     -0.00119383    1.19156013   -0.00100191    0.11163540
  293   20     7.39996    -0.62470    -3.79178     -0.00193067    1.19156013   -0.00162029    0.11805753
  294   20     8.48097    -0.71761    -3.29417     -0.00151184    1.12146836   -0.00134809    0.10908599
  295   20     8.99714     0.38493    -3.47631     -0.00179191    1.26165190   -0.00142029    0.10375350
  296   20     8.18811     1.14229    -4.03534     -0.00156241    1.12146836   -0.00139318    0.10715594
  297   20     6.97912     0.40928    -4.19945     -0.00198905    1.33174368   -0.00149357    0.11825121
  298   20     8.57006    -1.19437    -2.40136     -0.00051286    0.91119304   -0.00056284    0.10616134
  299   20     9.53239     0.73207    -2.71687     -0.00084342    1.05137659   -0.00080220    0.09717967
  300   20     8.02034     2.09958    -3.72293     -0.00065742    0.98128481   -0.00066995    0.10322119
  301   20     6.31925     1.14944    -4.03013     -0.00116468    0.98128481   -0.00118689    0.12037359
  302   21     8.31923    -1.46852     3.11747     -0.00171266    1.12146836   -0.00152716    0.11176732
  303   21     8.33606    -2.12269     1.34680     -0.00105392    1.33174368   -0.00079139    0.11009925
  304   21     6.79776    -0.53906     3.79482     -0.00179387    1.33174368   -0.00134701    0.11880065
  305   21     8.65886     0.51183     3.57845     -0.00102518    1.26165190   -0.00081257    0.10117990
  306   21     9.65410    -0.53007     2.18608     -0.00127770    1.26165190   -0.00101272    0.09863923
  307   21     7.85342    -2.12852     2.33380     -0.00202489    1.33174368   -0.00152048    0.11652350
  308   21     7.33931    -1.44156     3.38923     -0.00202885    1.26165190   -0.00160809    0.11877335
  309   21     8.05366    -0.48643     3.78979     -0.00176550    1.26165190   -0.00139935    0.10982179
  310   21     9.04269    -0.59134     3.17268     -0.00172013    1.19156013   -0.00144359    0.10410394
  311   21     8.97809    -1.58210     2.25079     -0.00174848    1.26165190   -0.00138587    0.10656251
  312   21     7.49357     0.37627     3.95159     -0.00074914    1.05137659   -0.00071253    0.10895083
  313   21     9.46200     0.31171     2.81595     -0.00066724    0.98128481   -0.00067997    0.09694372
  314   21     9.41352    -1.25191     1.44103     -0.00073945    1.05137659   -0.00070332    0.10040126
  315   22     8.23142     5.57795     0.83932     -0.00179637    1.12146836   -0.00160180    0.10271252
  316   22     8.62897     4.30401     2.29096     -0.00097133    1.12146836   -0.00086613    0.09729896
  317   22     6.81121     5.17943     1.90454     -0.00108854    1.12146836   -0.00097064    0.10819565
  318   22     6.76683     5.60525    -0.19731     -0.00134804    1.19156013   -0.00113133    0.10855142
  319   22     8.52591     4.95827    -1.00228     -0.00105592    1.19156013   -0.00088617    0.09768170
  320   22     9.64946     4.26480     0.48827     -0.00138900    1.26165190   -0.00110094    0.09385015
  321   22     7.96351     5.29389     1.74766     -0.00190118    1.26165190   -0.00150690    0.10316294
  322   22     6.89259     5.66989     0.88711     -0.00214093    1.61211077   -0.00132803    0.10869512
  323   22     7.95875     5.62685    -0.16272     -0.00189686    1.26165190   -0.00150347    0.10304891
  324   22     8.99260     5.14143     0.09967     -0.00178776    1.19156013   -0.00150035    0.09835606
  325   22     9.01806     4.87286     1.38412     -0.00189069    1.26165190   -0.00149859    0.09822026
  326   22     7.58396     4.63753     2.47640     -0.00097002    1.12146836   -0.00086496    0.10274853
  327   22     7.41594     5.31402    -1.00093     -0.00081339    1.05137659   -0.00077365    0.10343465
  328   22     9.37588     4.38919    -0.53736     -0.00076726    0.98128481   -0.00078189    0.09375270
  329   22     9.49058     3.97412     1.50035     -0.00075908    1.05137659   -0.00072198    0.09348390
  330    1    -5.60049    -0.28744    -3.27988     -0.00058134    0.16899634   -0.00343998    0.16237313
  331    2    -5.19837    -0.98380    -3.30991     -0.00034841    0.16899634   -0.00206162    0.15647101
  332    9    -5.20861    -0.54356    -3.29037     -0.00040018    0.16899634   -0.00236796    0.15926698
  333    1    -5.36724    -0.41598     3.38223     -0.00051569    0.16899634   -0.00305151    0.16202749
  334    2    -4.96494    -1.11243     3.35722     -0.00034265    0.16899634   -0.00202756    0.15653401
  335    9    -4.97593    -0.67178     3.35543     -0.00034227    0.16899634   -0.00202532    0.15882046
  336    1    -5.72193    -0.29743     3.45376     -0.00065116    0.20119038   -0.00323652    0.16380641
  337    2    -5.32767    -0.98703     3.33440     -0.00056321    0.20119038   -0.00279939    0.15918572
  338   10    -6.00741    -0.27989     3.53346     -0.00071656    0.20119038   -0.00356161    0.16403027
  339    1    -5.97133    -0.17568    -3.32017     -0.00063861    0.20325921   -0.00314185    0.16355519
  340    2    -5.57031    -0.86874    -3.25588     -0.00055277    0.20325921   -0.00271952    0.15900703
  341   11    -6.26237    -0.15978    -3.37716     -0.00063138    0.20325921   -0.00310628    0.16415475
  342    2    -5.23549    -1.18875    -3.45198     -0.00001607    0.03325509   -0.00048338    0.15237763
  343    1    -5.80303    -0.19254    -3.41310      0.00002394    0.03325509    0.00071983    0.16027778
  344    2    -4.98132    -1.31640     3.49368     -0.00000941    0.02001152   -0.00047024    0.15259762
  345    1    -5.55859    -0.32583     3.53289      0.00002314    0.02001152    0.00115617    0.16046413
  346    1    -4.44495     0.97025     3.39378     -0.00054017    0.16447933   -0.00328410    0.16211320
  347    4    -3.65994     0.86188     3.36994     -0.00033273    0.16447933   -0.00202292    0.16096953
  348    9    -4.05899     0.70657     3.36614     -0.00038109    0.16447933   -0.00231694    0.16125690
  349    1    -4.65629     1.13330    -3.29260     -0.00050988    0.16447933   -0.00309998    0.16209695
  350    4    -3.87151     1.02510    -3.32366     -0.00036177    0.16447933   -0.00219946    0.16149288
  351    9    -4.26976     0.86918    -3.30225     -0.00039053    0.16447933   -0.00237432    0.16145362
  352    1    -4.48075     3.78728    -2.04526     -0.00089471    0.23523412   -0.00380350    0.17461102
  353    4    -3.70518     3.62721    -2.02169     -0.00114038    0.23523412   -0.00484784    0.17955910
  354   12    -4.50114     4.01804    -1.85946     -0.00094964    0.23523412   -0.00403701    0.17681376
  355    1    -4.33898     3.73844     2.20078     -0.00095389    0.23523412   -0.00405508    0.17493955
  356    4    -3.56684     3.57954     2.12186     -0.00118410    0.23523412   -0.00503369    0.17965007
  357   12    -4.37154     3.97339     2.02211     -0.00087022    0.23523412   -0.00369937    0.17684445
  358    4    -3.62413     1.66319    -3.32647     -0.00182844    1.32655894   -0.00137833    0.16185088
  359    4    -3.39282     3.15328    -2.60261     -0.00268361    1.32655894   -0.00202299    0.17228638
  360    1    -4.62912     2.53721    -2.87193     -0.00621304    2.67552374   -0.00232218    0.16742659
  361    4    -3.21880     3.07622     2.67715     -0.00292166    1.36838685   -0.00213511    0.17228815
  362    4    -3.40987     1.51596     3.38088     -0.00169130    1.36838685   -0.00123598    0.16156751
  363    1    -4.43880     2.42549     3.01061     -0.00654704    2.76363512   -0.00236900    0.16765422
  364    9    -4.53942     0.19858     3.42139     -0.00117479    0.73849348   -0.00159080    0.16031610
  365    1    -5.24128     0.34288     3.52588     -0.00153104    0.77374252   -0.00197874    0.16187682
  366    9    -4.91909     0.11566    -3.34640     -0.00121502    0.76169277   -0.00159516    0.16005598
  367    1    -5.32197     0.71863    -3.40130     -0.00142770    0.79804428   -0.00178900    0.16141297
  368    1    -8.41518    -1.67739     1.41384     -0.00080379    0.23772875   -0.00338114    0.16341423
  369   10    -8.44567    -1.53361     1.67188     -0.00069762    0.23772875   -0.00293453    0.16301528
  370   13    -7.98534    -2.54676     1.23292     -0.00115493    0.23772875   -0.00485818    0.16808617
  371   10    -6.27051     0.27245     3.83937     -0.00069780    0.24137381   -0.00289097    0.16210018
  372   10    -6.50494     1.35252     3.97289     -0.00158973    0.53621774   -0.00296471    0.15881662
  373   10    -7.32317     2.39772     3.74409     -0.00158125    0.53621774   -0.00294890    0.15269626
  374   10    -8.47367     2.74614     3.13643     -0.00148494    0.53621774   -0.00276928    0.14943191
  375   10    -9.48755     2.25577     2.39758     -0.00151968    0.53621774   -0.00283408    0.14872380
  376   10    -9.95157     1.12647     1.82866     -0.00169112    0.53621774   -0.00315379    0.14925218
  377   10    -9.67662    -0.18150     1.66155     -0.00136864    0.53621774   -0.00255239    0.15255642
  378   10    -9.00564    -1.05042     1.84616     -0.00078959    0.24137381   -0.00327123    0.15822705
  379    1    -5.95409     0.76592     3.76246     -0.00141255    0.52521575   -0.00268947    0.16243786
  380    1    -6.52684     2.15910     3.77102     -0.00130191    0.52521575   -0.00247881    0.15469108
  381    1    -7.68845     2.98139     3.27749     -0.00122681    0.52521575   -0.00233583    0.14895890
  382    1    -8.96550     2.89763     2.48300     -0.00140752    0.52521575   -0.00267990    0.14712898
  383    1    -9.83750     1.94197     1.71138     -0.00140389    0.52521575   -0.00267298    0.14697044
  384    1    -9.94906     0.50391     1.27709     -0.00132936    0.52521575   -0.00253107    0.14822174
  385    1    -9.25471    -0.83046     1.35716     -0.00136406    0.52521575   -0.00259715    0.15564599
  386    1    -8.52946    -1.63467    -1.10038     -0.00075749    0.24345030   -0.00311146    0.16331256
  387   11    -8.57803    -1.48631    -1.35321     -0.00076581    0.24345030   -0.00314564    0.16306253
  388   13    -8.08704    -2.50988    -0.99194     -0.00117502    0.24345030   -0.00482654    0.16846914
  389   11    -9.14719    -0.99604    -1.46510     -0.00084780    0.23997316   -0.00353291    0.15807895
  390   11    -9.79258    -0.13194    -1.21506     -0.00135008    0.53243735   -0.00253566    0.15244172
  391   11   -10.07103     1.17356    -1.33121     -0.00139383    0.53243735   -0.00261782    0.14915115
  392   11    -9.65088     2.31056    -1.90222     -0.00153269    0.53243735   -0.00287862    0.14853565
  393   11    -8.70141     2.82099    -2.69803     -0.00165056    0.53243735   -0.00310001    0.14924211
  394   11    -7.60514     2.49919    -3.39802     -0.00141980    0.53243735   -0.00266661    0.15250631
  395   11    -6.80374     1.47483    -3.72018     -0.00152064    0.53243735   -0.00285600    0.15871184
  396   11    -6.55045     0.39994    -3.64159     -0.00075556    0.23997316   -0.00314850    0.16197016
  397    1    -9.35655    -0.78671    -0.95522     -0.00125776    0.52278815   -0.00240586    0.15534458
  398    1   -10.03073     0.54213    -0.79639     -0.00131151    0.52278815   -0.00250868    0.14814727
  399    1    -9.94717     1.98240    -1.20159     -0.00148733    0.52278815   -0.00284500    0.14701077
  400    1    -9.13955     2.95384    -2.00756     -0.00145407    0.52278815   -0.00278138    0.14698967
  401    1    -7.93323     3.06507    -2.88960     -0.00113079    0.52278815   -0.00216300    0.14868158
  402    1    -6.81423     2.27128    -3.49233     -0.00127397    0.52278815   -0.00243687    0.15460594
  403    1    -6.23338     0.89227    -3.57293     -0.00163094    0.52278815   -0.00311969    0.16236962
  404   12    -5.09371     4.34263    -1.94956     -0.00091934    0.24885379   -0.00369430    0.16930981
  405   12    -6.20381     4.63546    -1.90171     -0.00150131    0.55737389   -0.00269355    0.16011998
  406   12    -7.31503     4.92663    -1.12270     -0.00163585    0.55737389   -0.00293492    0.15485477
  407   12    -7.71442     5.02846     0.20265     -0.00181737    0.55737389   -0.00326059    0.15393371
  408   12    -7.22761     4.89651     1.49573     -0.00180322    0.55737389   -0.00323521    0.15489059
  409   12    -6.06713     4.58837     2.19199     -0.00170882    0.55737389   -0.00306584    0.16031815
  410   12    -4.95653     4.29537     2.15896     -0.00078434    0.24885379   -0.00315182    0.16917927
  411    1    -5.59091     4.13535    -2.21364     -0.00157660    0.53729019   -0.00293436    0.16350383
  412    1    -7.04148     4.51710    -1.81589     -0.00133782    0.53729019   -0.00248994    0.15306904
  413    1    -7.93617     4.74986    -0.56953     -0.00147306    0.53729019   -0.00274165    0.15129806
  414    1    -7.88439     4.73202     0.98130     -0.00164745    0.53729019   -0.00306622    0.15138665
  415    1    -6.90874     4.47137     2.15954     -0.00140499    0.53729019   -0.00261496    0.15328472
  416    1    -5.43517     4.08170     2.45078     -0.00152873    0.53729019   -0.00284526    0.16339565
  417   13    -8.13438    -3.21461     0.74034     -0.00386834    1.03324078   -0.00374389    0.17038020
  418   13    -8.19264    -3.19226    -0.50909     -0.00373369    1.03324078   -0.00361358    0.17043426
  419    1    -8.64083    -1.84302     0.16222     -0.00542132    2.89970285   -0.00186961    0.16178614
  420    2    -2.80855    -1.66944    -3.48465     -0.00043584    0.28724436   -0.00151731    0.15071720
  421    3    -2.39432    -1.78011    -3.49921     -0.00050373    0.28724436   -0.00175367    0.15107979
  422    4    -2.42714    -1.08429    -3.45439     -0.00081686    0.28724436   -0.00284379    0.15689310
  423    2    -2.60612    -1.80195     3.35447     -0.00048805    0.28724436   -0.00169907    0.15050284
  424    3    -2.19188    -1.91262     3.34021     -0.00042163    0.28724436   -0.00146783    0.14985407
  425    4    -2.22650    -1.21563     3.32438     -0.00083502    0.28724436   -0.00290701    0.15619444
  426    3    -2.30354    -2.70213     3.50497     -0.00000346    0.63833568   -0.00000542    0.14010398
  427    3    -2.80458    -4.53196     3.15829      0.00042086    1.30276135    0.00032305    0.13258927
  428    3    -3.30629    -6.20492     1.58687     -0.00233895    1.30276135   -0.00179538    0.14962898
  429    3    -3.47739    -6.54345    -0.73174     -0.00375446    1.30276135   -0.00288192    0.15843035
  430    3    -3.24198    -5.39740    -2.76914     -0.00053790    1.30276135   -0.00041289    0.13828766
  431    3    -2.70449    -3.27508    -3.62164      0.00033902    1.30276135    0.00026023    0.13588353
  432    2    -3.08636    -3.25380     3.44335      0.00031871    1.30276135    0.00024464    0.13578098
  433    2    -3.67575    -5.34214     2.54263     -0.00055695    1.30276135   -0.00042752    0.13858698
  434    2    -4.03252    -6.40876     0.47989     -0.00374366    1.30276135   -0.00287364    0.15865583
  435    2    -3.99842    -5.98056    -1.82995     -0.00231111    1.30276135   -0.00177401    0.14934874
  436    2    -3.58858    -4.24746    -3.36235      0.00044933    1.30276135    0.00034491    0.13259120
  437    2    -3.10681    -2.40501    -3.66698     -0.00002812    0.63833568   -0.00004406    0.14079328
  438    2    -3.64981    -0.99130    -3.43887     -0.00031011    0.17964185   -0.00172628    0.15383428
  439    4    -3.26864    -0.40613    -3.43990     -0.00041505    0.17964185   -0.00231042    0.15746161
  440    9    -3.67041    -0.55176    -3.40651     -0.00038249    0.17964185   -0.00212917    0.15663705
  441    2    -3.44668    -1.12426     3.38492     -0.00032405    0.17964185   -0.00180386    0.15348202
  442    4    -3.06544    -0.53914     3.38606     -0.00034221    0.17964185   -0.00190497    0.15682032
  443    9    -3.46866    -0.68382     3.37098     -0.00038166    0.17964185   -0.00212453    0.15638450
  444    4    -2.70902    -0.59771    -3.57763     -0.00084720    0.63134209   -0.00134190    0.15589276
  445    2    -3.38056    -1.34881    -3.57333     -0.00052221    0.63134209   -0.00082714    0.15003159
  446    4    -2.62711    -0.65170     3.48928     -0.00082390    0.63016198   -0.00130744    0.15526397
  447    2    -3.04324    -1.56923     3.48276     -0.00047807    0.63016198   -0.00075865    0.14923056
  448    9    -4.32641    -0.63920    -3.41103     -0.00067835    0.61407371   -0.00110468    0.15508269
  449    2    -4.54718    -1.27414    -3.48505     -0.00055214    0.64314588   -0.00085849    0.15077303
  450    9    -4.34335    -0.78015     3.41040     -0.00071527    0.59531539   -0.00120149    0.15553143
  451    2    -4.09059    -1.40076     3.48069     -0.00057074    0.62350242   -0.00091537    0.15050610
  452    2    -7.33237    -2.81097     2.01258     -0.00093279    0.24494584   -0.00380814    0.16650784
  453   10    -7.74713    -1.91779     2.17768     -0.00102724    0.24494584   -0.00419376    0.16415850
  454   13    -7.43156    -3.01937     1.83430     -0.00093698    0.24494584   -0.00382525    0.16839958
  455   10    -7.90263    -1.42920     2.80933     -0.00241523    0.90031223   -0.00268266    0.16117309
  456   10    -6.84652    -0.79527     3.48903     -0.00572101    1.81650289   -0.00314946    0.16427496
  457    2    -6.68782    -2.41042     2.85902     -0.00417033    2.54076968   -0.00164137    0.15728004
  458    2    -5.45849    -1.60215     3.51234     -0.00103056    1.28988983   -0.00079895    0.15147984
  459    2    -7.46238    -2.74880    -1.88094     -0.00085980    0.24659446   -0.00348671    0.16669781
  460   11    -7.89057    -1.85501    -1.97861     -0.00100988    0.24659446   -0.00409532    0.16419453
  461   13    -7.55050    -2.96318    -1.70383     -0.00102403    0.24659446   -0.00415270    0.16832472
  462   11    -6.68835    -0.37366    -3.48872     -0.00216392    0.89179176   -0.00242649    0.16139376
  463   11    -7.71312    -1.11022    -2.88759     -0.00563486    1.79915349   -0.00313195    0.16440040
  464    2    -6.16261    -1.81438    -3.21726     -0.00347416    2.51604691   -0.00138080    0.15409556
  465    2    -7.30718    -2.58095    -2.40475     -0.00179981    1.27722268   -0.00140916    0.15835086
  466   13    -7.42692    -3.69617    -1.83407     -0.00110084    0.22761242   -0.00483648    0.16618066
  467   13    -6.84512    -4.56084    -2.08513     -0.00181589    0.50335653   -0.00360756    0.16130224
  468   13    -6.13874    -5.58965    -1.72485     -0.00204839    0.50335653   -0.00406946    0.15968135
  469   13    -5.67580    -6.23895    -0.69952     -0.00179671    0.50335653   -0.00356946    0.16277404
  470   13    -5.63345    -6.26031     0.59854     -0.00228526    0.50335653   -0.00454005    0.16280788
  471   13    -6.02788    -5.64555     1.67264     -0.00170268    0.50335653   -0.00338265    0.15951249
  472   13    -6.70817    -4.62990     2.11181     -0.00196466    0.50335653   -0.00390311    0.16135901
  473   13    -7.30418    -3.75807     1.92775     -0.00088008    0.22761242   -0.00386658    0.16613805
  474    2    -6.99170    -3.77733    -2.20033     -0.00179847    0.49707499   -0.00361810    0.16198812
  475    2    -6.17661    -4.97913    -2.24877     -0.00158933    0.49707499   -0.00319736    0.15505636
  476    2    -5.48891    -5.96607    -1.43386     -0.00176080    0.49707499   -0.00354233    0.15790306
  477    2    -5.19173    -6.36050    -0.06742     -0.00209219    0.49707499   -0.00420901    0.16208173
  478    2    -5.39880    -6.01150     1.32770     -0.00174433    0.49707499   -0.00350919    0.15778512
  479    2    -6.03087    -5.05263     2.21769     -0.00157681    0.49707499   -0.00317217    0.15509221
  480    2    -6.84609    -3.85076     2.26201     -0.00166318    0.49707499   -0.00334594    0.16207310
  481    3    -1.11235    -1.74794     3.30392     -0.00027098    0.17968709   -0.00150807    0.15188828
  482    4    -1.14698    -1.05171     3.31961     -0.00041162    0.17968709   -0.00229074    0.15567168
  483    5    -0.87259    -1.37782     3.28059     -0.00034334    0.17968709   -0.00191077    0.15441324
  484    3    -1.31764    -1.61588    -3.52082     -0.00039892    0.17968709   -0.00222007    0.15404895
  485    4    -1.35233    -0.91961    -3.50749     -0.00036394    0.17968709   -0.00202543    0.15716119
  486    5    -1.07648    -1.24666    -3.49766     -0.00036070    0.17968709   -0.00200739    0.15634497
  487    4    -1.79078    -0.79470    -3.61002     -0.00086229    0.63652565   -0.00135468    0.15582654
  488    3    -1.89512    -1.79538    -3.62518     -0.00045078    0.63652565   -0.00070819    0.14943595
  489    4    -1.73428    -0.93921     3.45629     -0.00079905    0.63932541   -0.00124983    0.15460845
  490    3    -1.53018    -1.92433     3.43223     -0.00052292    0.63932541   -0.00081793    0.14873911
  491    3     0.28671    -2.55729     3.14244     -0.00037583    0.17368160   -0.00216389    0.15428483
  492    5     0.51756    -2.18139     3.13193     -0.00040762    0.17368160   -0.00234695    0.15645687
  493    6     0.99107    -2.16637     3.11607     -0.00057976    0.17368160   -0.00333804    0.15911402
  494    3    -0.04878    -2.32086    -3.53724     -0.00061741    0.30683982   -0.00201214    0.15540544
  495    5     0.18254    -1.94337    -3.52885     -0.00071757    0.30683982   -0.00233857    0.15829296
  496   16     0.90102    -2.03285    -3.66967     -0.00100275    0.30683982   -0.00326799    0.16092429
  497    5    -0.47291    -1.70352    -3.56150     -0.00053169    0.48909209   -0.00108709    0.15478864
  498    3    -0.97119    -2.13168    -3.63787     -0.00046534    0.51226436   -0.00090840    0.14997930
  499    5    -0.32798    -1.79733     3.27173     -0.00067358    0.64958140   -0.00103694    0.15280322
  500    3    -0.44634    -2.46633     3.32704     -0.00063253    0.68033157   -0.00092973    0.14915620
  501    3     0.76515    -2.89383     3.04369     -0.00074470    0.23213297   -0.00320808    0.15715132
  502    6     1.47136    -2.51161     3.10188     -0.00062908    0.23213297   -0.00271000    0.16050158
  503   17     1.69317    -2.71151     3.11626     -0.00075827    0.23213297   -0.00326655    0.16180031
  504    6     1.26713    -2.28456     3.23442     -0.00022273    0.27496991   -0.00081001    0.15695889
  505    3     0.29040    -2.89190     3.26100     -0.00012635    0.27496991   -0.00045952    0.15048607
  506    3     1.19851    -5.03512    -2.19135     -0.00086856    0.22857812   -0.00379983    0.16505696
  507   14     1.17430    -5.26690    -2.01673     -0.00085083    0.22857812   -0.00372228    0.16657528
  508   16     1.97408    -4.43839    -2.38557     -0.00092920    0.22857812   -0.00406513    0.16156665
  509    3     1.12476    -5.28999     1.82531     -0.00075045    0.26604029   -0.00282082    0.16418437
  510   14     1.11987    -5.51485     1.63820     -0.00108686    0.26604029   -0.00408531    0.16651647
  511   17     1.96124    -4.84763     1.86540     -0.00108397    0.26604029   -0.00407447    0.16327422
  512   14     0.59196    -6.03257     1.75611     -0.00109831    0.23946928   -0.00458644    0.16426508
  513   14    -0.41520    -6.52262     1.85447     -0.00193788    0.53534802   -0.00361986    0.16013359
  514   14    -1.52028    -7.03880     1.25458     -0.00217329    0.53534802   -0.00405958    0.16049924
  515   14    -2.06869    -7.26688     0.03199     -0.00231719    0.53534802   -0.00432839    0.16350189
  516   14    -1.82871    -7.11046    -1.29671     -0.00216438    0.53534802   -0.00404294    0.16120114
  517   14    -0.90174    -6.63565    -2.17009     -0.00203869    0.53534802   -0.00380817    0.15913952
  518   14     0.32053    -6.04307    -2.21911     -0.00209631    0.53534802   -0.00391579    0.16460057
  519    3     0.11277    -5.91752     2.07806     -0.00174066    0.51758767   -0.00336302    0.15986194
  520    3    -1.24688    -6.56923     1.88676     -0.00171704    0.51758767   -0.00331738    0.15516661
  521    3    -2.22439    -7.00923     0.80934     -0.00188420    0.51758767   -0.00364035    0.16009283
  522    3    -2.40674    -7.05159    -0.69895     -0.00217907    0.51758767   -0.00421004    0.16146312
  523    3    -1.71685    -6.67842    -2.00079     -0.00166962    0.51758767   -0.00322578    0.15574020
  524    3    -0.44625    -6.04739    -2.54610     -0.00172872    0.51758767   -0.00333996    0.15670782
  525    3     0.65377    -5.52162    -2.34227     -0.00093021    0.29026580   -0.00320470    0.16256852
  526   16     2.37177    -4.13814    -2.98575     -0.00177199    0.72988943   -0.00242775    0.15723997
  527   16     1.81989    -3.36314    -3.65267     -0.00387885    1.46701888   -0.00264403    0.15903080
  528   16     1.34491    -2.34259    -3.94050     -0.00164764    0.72988943   -0.00225738    0.15846543
  529    3     0.89785    -4.56416    -2.96364     -0.00310385    2.06902164   -0.00150016    0.15518448
  530    3     0.15886    -3.27197    -3.65074     -0.00220993    2.06902164   -0.00106810    0.15021371
  531   17     1.90229    -3.11180     3.18273     -0.00183260    0.73893919   -0.00248005    0.15928287
  532   17     2.24583    -4.16123     2.64874     -0.00466454    1.48840058   -0.00313393    0.16220772
  533    3     0.68767    -3.91733     3.00213     -0.00279858    2.07635233   -0.00134783    0.15236851
  534    3     1.09286    -5.05837     2.29797     -0.00139291    1.05197841   -0.00132409    0.15656621
  535    4    -0.15959    -0.03353    -3.47296     -0.00044241    0.16348650   -0.00270607    0.16097973
  536    5     0.10754    -0.36727    -3.47564     -0.00042655    0.16348650   -0.00260911    0.16124616
  537    6     0.57979    -0.34258    -3.50668     -0.00033030    0.16348650   -0.00202037    0.16104789
  538    4     0.20381     0.23378     3.23617     -0.00082742    0.45586202   -0.00181506    0.15936911
  539    5     0.46601    -0.10459     3.17359     -0.00093590    0.45586202   -0.00205304    0.15973507
  540   18     1.15570     0.61093     3.34951     -0.00107070    0.45586202   -0.00234874    0.15809403
  541    5    -0.20658    -0.74811     3.28644     -0.00075165    0.60309488   -0.00124633    0.15611816
  542    4    -0.77336    -0.43024     3.39991     -0.00084040    0.63155837   -0.00133068    0.15603802
  543    5    -0.62782    -0.79344    -3.53406     -0.00071705    0.55793143   -0.00128519    0.15761582
  544    4    -0.84156    -0.17847    -3.58877     -0.00073349    0.58427035   -0.00125539    0.15816558
  545    4     0.60357     1.36040    -3.14233     -0.00184099    0.61500545   -0.00299345    0.16597780
  546    6     1.34796     1.05995    -3.22610     -0.00161127    0.61500545   -0.00261993    0.16309233
  547   19     1.51416     1.77113    -3.15464     -0.00160614    0.61500545   -0.00261159    0.16215996
  548    6     0.96949     0.12174    -3.57063     -0.00174413    1.12494569   -0.00155041    0.16050043
  549    4     0.00721     0.77617    -3.47288     -0.00160463    1.12494569   -0.00142640    0.16114630
  550    9    -3.92673     0.31714    -3.39820     -0.00078244    0.59522863   -0.00131451    0.15873398
  551    4    -3.27647     0.31376    -3.50712     -0.00080293    0.62332636   -0.00128814    0.15799128
  552    9    -3.63421    -0.05453     3.41726     -0.00075583    0.57702399   -0.00130987    0.15784199
  553    4    -3.14308     0.37659     3.48264     -0.00077330    0.60426527   -0.00127973    0.15812576
  554    4    -2.91415     3.93064     1.74851     -0.00120895    0.26330866   -0.00459139    0.18770414
  555   12    -3.75522     4.19559     1.56586     -0.00143063    0.26330866   -0.00543328    0.18272729
  556   15    -2.74202     4.10420     1.58926     -0.00140121    0.26330866   -0.00532156    0.18989650
  557    4    -3.01038     3.99652    -1.64536     -0.00126209    0.26330866   -0.00479320    0.18795797
  558   12    -3.83947     4.25327    -1.40522     -0.00142284    0.26330866   -0.00540371    0.18291411
  559   15    -2.82932     4.16397    -1.48950     -0.00123686    0.26330866   -0.00469738    0.19013581
  560   12    -4.33508     4.26839     1.89228     -0.00084178    0.36748538   -0.00229066    0.17495455
  561    4    -3.07843     3.84726     2.06423     -0.00091442    0.52094005   -0.00175532    0.17916732
  562   12    -4.40930     4.37816    -1.64681     -0.00110759    0.40817563   -0.00271351    0.17570995
  563    4    -3.23928     3.85635    -2.02923     -0.00100635    0.57859669   -0.00173929    0.17850552
  564    4    -0.41328     3.37058     2.39446     -0.00119607    0.31867555   -0.00375324    0.17604233
  565   15    -0.37149     3.59120     2.20616     -0.00127711    0.31867555   -0.00400754    0.17918145
  566   18     0.59647     3.41201     2.58363     -0.00089273    0.31867555   -0.00280139    0.16263324
  567    4    -0.38525     3.49839    -2.32807     -0.00133539    0.29122415   -0.00458543    0.18042664
  568   15    -0.34640     3.72335    -2.14517     -0.00147466    0.29122415   -0.00506366    0.18292996
  569   19     0.58841     3.69827    -2.32692     -0.00115035    0.29122415   -0.00395004    0.17042616
  570   15    -1.10346     3.90458    -2.13738     -0.00146553    0.29806412   -0.00491682    0.18557824
  571   15    -2.10140     4.16388    -1.80309     -0.00166716    0.29806412   -0.00559329    0.18915705
  572    4    -1.74525     3.74415    -2.17159     -0.00310740    0.60918987   -0.00510088    0.18755166
  573   15    -2.02807     4.10091     1.85217     -0.00133892    0.27033690   -0.00495278    0.18846937
  574   15    -1.11416     3.85646     2.13247     -0.00150797    0.27033690   -0.00557812    0.18420634
  575    4    -1.71309     3.68352     2.19781     -0.00286938    0.56702881   -0.00506037    0.18578882
  576   18     1.03120     3.22037     3.21549     -0.00156030    0.98045421   -0.00159141    0.15514893
  577   18     1.24538     1.82481     3.67983     -0.00447910    1.97956624   -0.00226267    0.15669577
  578    4    -0.36974     2.42759     3.15494     -0.00430641    2.77570448   -0.00155147    0.16257691
  579    4    -0.05006     0.79906     3.53525     -0.00106900    1.41010570   -0.00075810    0.15521688
  580   19     1.46905     2.50919    -3.24763     -0.00184569    0.96184807   -0.00191890    0.15921024
  581   19     1.11935     3.53615    -2.82310     -0.00211439    0.96184807   -0.00219825    0.16198995
  582    4    -0.07624     2.54286    -3.00360     -0.00544995    2.70667075   -0.00201353    0.16764752
  583    5     0.59841    -1.19923    -3.60648     -0.00023091    0.07753092   -0.00297827    0.16034398
  584    6     1.05594    -1.17603    -3.72562     -0.00029642    0.07753092   -0.00382322    0.16191369
  585   16     1.28740    -1.32585    -3.83658     -0.00034946    0.07753092   -0.00450737    0.16219257
  586    5     0.91446    -0.33583     3.17573     -0.00080762    0.32820397   -0.00246071    0.15954519
  587    6     1.38322    -0.30631     3.25177     -0.00081135    0.32820397   -0.00247208    0.15833089
  588   18     1.59672     0.36968     3.41048     -0.00078063    0.32820397   -0.00237848    0.15663488
  589    6     0.91726    -0.84861    -3.69453     -0.00071962    0.36319684   -0.00198136    0.16071511
  590    5     0.24301    -0.76162    -3.56621     -0.00054108    0.34659114   -0.00156116    0.15963814
  591    6     1.27911    -1.17833     3.26737     -0.00141946    0.79389848   -0.00178796    0.15787850
  592    5     0.61201    -1.47679     3.21058     -0.00121139    0.75765956   -0.00159886    0.15700314
  593   16     1.34322    -1.70214    -3.95040     -0.00088591    0.39925838   -0.00221890    0.15999380
  594    5     0.32961    -1.43775    -3.66970     -0.00043656    0.51467182   -0.00084823    0.15729621
  595   18     1.62312     0.71771     3.69587     -0.00008880    0.08946425   -0.00099254    0.15230689
  596    5     0.63990    -0.32124     3.35396      0.00019629    0.11825501    0.00165990    0.15505550
  597    6     3.12711     0.36905    -3.71220     -0.00022555    0.08700658   -0.00259239    0.15123656
  598    7     3.30931     0.79132    -3.59117     -0.00022498    0.08700658   -0.00258581    0.14776756
  599   16     3.20892     0.10653    -3.82525     -0.00023248    0.08700658   -0.00267197    0.15246077
  600    6     3.49346    -1.08672     3.40870     -0.00022854    0.08690268   -0.00262984    0.14905286
  601    7     3.67132    -0.64719     3.44536     -0.00018399    0.08690268   -0.00211716    0.14482732
  602   17     3.58058    -1.37055     3.40127     -0.00033238    0.08690268   -0.00382477    0.15087222
  603    6     2.97403    -0.40522     3.52881     -0.00020355    0.09231523   -0.00220495    0.14818183
  604    7     3.15618     0.01732     3.64917     -0.00016595    0.09231523   -0.00179764    0.14531678
  605   18     3.06090     0.27752     3.75981     -0.00021351    0.09231523   -0.00231281    0.14546236
  606    6     2.70878     0.99740    -3.52592     -0.00022544    0.09080913   -0.00248255    0.15152720
  607    7     2.88772     1.43650    -3.48899     -0.00019900    0.09080913   -0.00219146    0.14929560
  608   19     2.79235     1.71931    -3.48515     -0.00018672    0.09080913   -0.00205621    0.14988073
  609    7     3.18213     1.20071    -3.57468     -0.00023526    0.26367110   -0.00089226    0.14614125
  610    6     2.83505     0.61573    -3.67757     -0.00028903    0.26367110   -0.00109618    0.15065388
  611    7     3.40748    -0.20900     3.61920     -0.00016298    0.32337742   -0.00050399    0.14305488
  612    6     3.25114    -0.87010     3.49234     -0.00050139    0.32337742   -0.00155048    0.14813434
  613    6     5.72096    -2.58796    -1.89889     -0.00043279    0.21757383   -0.00198916    0.13812551
  614    8     6.34210    -2.10319    -1.80434     -0.00020194    0.21757383   -0.00092813    0.12782472
  615   16     5.59478    -2.58911    -2.16981     -0.00058639    0.21757383   -0.00269514    0.14045676
  616    6     5.82844    -3.05906     0.33596     -0.00052195    0.21961945   -0.00237660    0.13844799
  617    8     6.44825    -2.56638     0.39002     -0.00026945    0.21961945   -0.00122690    0.12797830
  618   17     5.73085    -3.16789     0.59636     -0.00060775    0.21961945   -0.00276730    0.14104560
  619    8     6.87366    -2.31261    -0.51492     -0.00036759    1.95819816   -0.00018772    0.11969923
  620    6     5.90093    -2.83302    -1.00090     -0.00229480    1.95819816   -0.00117189    0.13430113
  621    6     2.45566    -4.52062    -2.00320     -0.00067947    0.21523352   -0.00315690    0.16056839
  622   14     1.67197    -5.06319    -1.77051     -0.00105616    0.21523352   -0.00490704    0.16602700
  623   16     2.54660    -4.37882    -2.24892     -0.00070911    0.21523352   -0.00329460    0.16010234
  624    6     2.93396    -4.93349     0.02244     -0.00084342    0.30140557   -0.00279830    0.16105652
  625   14     2.10146    -5.45590     0.03193     -0.00135265    0.30140557   -0.00448780    0.16744094
  626   17     3.02198    -4.92621     0.30930     -0.00083683    0.30140557   -0.00277642    0.16144990
  627   14     1.49203    -5.75830    -1.42167     -0.00287202    0.83300245   -0.00344779    0.16760381
  628   14     1.75732    -5.94945    -0.45030     -0.00282798    0.83300245   -0.00339492    0.16872764
  629    6     2.73620    -4.94524    -1.06074     -0.00379123    2.34800283   -0.00161466    0.15793263
  630   16     5.20184    -3.12958    -2.34125     -0.00073436    0.25102466   -0.00292544    0.14393360
  631   16     4.33555    -3.88453    -2.30989     -0.00147428    0.56124972   -0.00262677    0.14942134
  632   16     3.25753    -4.24301    -2.48520     -0.00074537    0.25102466   -0.00296932    0.15491451
  633    6     4.97227    -3.48262    -1.91029     -0.00132194    0.54306431   -0.00243422    0.14488322
  634    6     3.62767    -4.25262    -2.00984     -0.00122710    0.54306431   -0.00225959    0.15271648
  635   16     1.72381    -1.16430    -4.05851     -0.00067816    0.23514232   -0.00288406    0.16028918
  636   16     2.55903    -0.47783    -4.07347     -0.00146941    0.51855363   -0.00283366    0.15793230
  637    6     1.77735    -0.61010    -3.88148     -0.00145055    0.51532175   -0.00281485    0.16131418
  638    6     2.74800     0.07595    -3.85764     -0.00069030    0.28502099   -0.00242192    0.15475386
  639   17     3.23892    -1.84475     3.48539     -0.00086347    0.30391910   -0.00284113    0.15404977
  640   17     2.34005    -2.42645     3.37133     -0.00088271    0.30391910   -0.00290444    0.15912718
  641    6     2.58503    -1.80637     3.36051     -0.00212199    0.62815130   -0.00337815    0.15913630
  642   17     3.80929    -4.75122     0.36058     -0.00090761    0.28783014   -0.00315327    0.15502545
  643   17     4.92459    -4.07952     0.45323     -0.00184331    0.66707453   -0.00276328    0.14944907
  644    6     4.21604    -4.44546    -0.03870     -0.00160610    0.60319766   -0.00266265    0.15172004
  645    6     5.37978    -3.63262     0.16727     -0.00087053    0.34888502   -0.00249519    0.14257485
  646   18     2.32296     0.58826     3.77860     -0.00184922    0.87178142   -0.00212119    0.15120032
  647    6     2.34296    -0.48846     3.52268     -0.00148485    1.22899069   -0.00120818    0.15133884
  648   19     2.41991     1.94009    -3.46282     -0.00123895    0.62564463   -0.00198028    0.15287507
  649    6     2.05974     0.90544    -3.53995     -0.00100605    0.88280137   -0.00113962    0.15519135
  650    7     4.87804     4.08896     2.70869     -0.00007467    0.09194025   -0.00081217    0.11981236
  651    8     5.35174     4.04359     2.65945     -0.00003048    0.09194025   -0.00033148    0.11494946
  652   18     4.66467     4.01503     2.90368     -0.00014720    0.09194025   -0.00160107    0.12272721
  653    7     4.84657     1.10343     3.79647     -0.00009330    0.09194025   -0.00101478    0.12679069
  654    8     5.32068     1.09767     3.73280      0.00000294    0.09194025    0.00003196    0.12098692
  655   18     4.63594     1.28941     3.89676     -0.00011131    0.09194025   -0.00121072    0.12883515
  656    7     4.56613     2.47706    -3.34788     -0.00005255    0.09491564   -0.00055366    0.12896505
  657    8     5.04363     2.45528    -3.32767     -0.00006640    0.09491564   -0.00069960    0.12377391
  658   19     4.35655     2.68956    -3.35398     -0.00017693    0.09491564   -0.00186410    0.13178974
  659    7     4.72939     4.88477    -1.14438     -0.00002852    0.09491564   -0.00030046    0.12146037
  660    8     5.20475     4.83140    -1.15307      0.00001979    0.09491564    0.00020846    0.11629988
  661   19     4.50562     4.88805    -1.34195     -0.00014765    0.09491564   -0.00155558    0.12528218
  662    7     4.98623     1.79024    -3.44942     -0.00005496    0.08399751   -0.00065436    0.12708045
  663    8     5.46011     1.78403    -3.51423     -0.00003823    0.08399751   -0.00045516    0.12305391
  664   20     5.68259     1.61334    -3.61245     -0.00009213    0.08399751   -0.00109680    0.12294073
  665    7     5.26393     0.39405     3.59167     -0.00006854    0.08381183   -0.00081781    0.12545302
  666    8     5.74121     0.37072     3.61312     -0.00006533    0.08381183   -0.00077949    0.12189471
  667   21     5.96806     0.17921     3.62182     -0.00011649    0.08381183   -0.00138988    0.12210551
  668    7     5.18969     4.96730    -0.71907     -0.00004537    0.08854708   -0.00051243    0.11689277
  669    8     5.66598     4.99583    -0.75325     -0.00002580    0.08854708   -0.00029135    0.11352978
  670   22     5.89874     5.10277    -0.60443     -0.00007469    0.08854708   -0.00084352    0.11304486
  671    7     5.30739     4.37999     2.26322     -0.00001121    0.08854708   -0.00012663    0.11495584
  672    8     5.78528     4.40057     2.26941     -0.00004478    0.08854708   -0.00050569    0.11241150
  673   22     6.00765     4.55936     2.15495     -0.00010994    0.08854708   -0.00124156    0.11214636
  674    8     5.34859     2.07138    -3.48281     -0.00004762    0.28861888   -0.00016498    0.12199816
  675    7     4.66740     2.18910    -3.43382     -0.00006787    0.28861888   -0.00023516    0.12810887
  676    8     5.53717     4.94740    -0.99432      0.00000142    0.15551974    0.00000915    0.11349169
  677    7     4.85526     4.98200    -0.91173     -0.00001631    0.15551974   -0.00010488    0.11926135
  678    8     5.67391     4.27806     2.46238      0.00001839    0.19622213    0.00009370    0.11200989
  679    7     4.99039     4.25213     2.54557     -0.00002565    0.19622213   -0.00013073    0.11754373
  680    8     5.63636     0.77254     3.72634      0.00003350    0.31468109    0.00010645    0.11923392
  681    7     4.94781     0.68300     3.73510     -0.00009985    0.31468109   -0.00031732    0.12631504
  682    7     1.48569     4.30421     1.60010     -0.00027867    0.29023588   -0.00096016    0.15274362
  683   15     0.56470     4.24306     1.40149     -0.00118353    0.29023588   -0.00407783    0.17079974
  684   18     1.50094     4.20945     1.88571     -0.00045540    0.29023588   -0.00156907    0.15328475
  685    7     1.61142     4.72890     0.01299     -0.00040909    0.29425686   -0.00139026    0.15499795
  686   15     0.67152     4.64911    -0.04162     -0.00133106    0.29425686   -0.00452345    0.17323038
  687   19     1.58571     4.76207    -0.28590     -0.00066537    0.29425686   -0.00226118    0.15705935
  688   15     0.10575     4.63349     0.80931     -0.00501809    1.15349431   -0.00435034    0.18185003
  689    7     1.51707     4.72662     0.73366     -0.00091146    1.63998425   -0.00055577    0.15122183
  690    7     4.52014     0.76306    -3.48785     -0.00067671    0.57350588   -0.00117995    0.13793075
  691   16     4.35269     0.06771    -3.65858     -0.00131985    0.57350588   -0.00230137    0.14421798
  692   20     5.24394     0.63051    -3.57851     -0.00071404    0.57350588   -0.00124505    0.13226934
  693   16     3.51642    -0.08687    -3.93022     -0.00139505    0.51616965   -0.00270270    0.15114560
  694    7     3.85837     0.91520    -3.63862     -0.00048998    0.72846635   -0.00067262    0.14112259
  695    7     4.78800    -0.59479     3.25947     -0.00070251    0.57324577   -0.00122549    0.13667217
  696   17     4.63222    -1.30600     3.15822     -0.00125931    0.57324577   -0.00219681    0.14334448
  697   21     5.51501    -0.73914     3.23951     -0.00071510    0.57324577   -0.00124747    0.13125582
  698   17     3.99427    -1.59751     3.37353     -0.00114511    0.45967847   -0.00249111    0.14907605
  699    7     4.05681    -0.51393     3.52682     -0.00039126    0.64884823   -0.00060301    0.13966571
  700   18     4.17411     4.21712     2.94821     -0.00033302    0.24457651   -0.00136164    0.12673470
  701   18     3.19976     4.54847     2.51023     -0.00094509    0.54297924   -0.00174056    0.13444903
  702   18     2.12981     4.44185     2.20231     -0.00036043    0.24457651   -0.00147371    0.14378501
  703    7     4.02978     4.47905     2.43366     -0.00075123    0.53268324   -0.00141027    0.12715935
  704    7     2.61569     4.63449     1.91771     -0.00068388    0.53268324   -0.00128384    0.13789593
  705   18     3.36173     0.66978     3.98925     -0.00048380    0.25802625   -0.00187502    0.14179363
  706   18     4.12924     1.16413     4.05645     -0.00028077    0.25802625   -0.00108816    0.13358648
  707    7     3.94800     0.62973     3.82279     -0.00094242    0.55582966   -0.00169553    0.13824780
  708   19     2.28424     5.05340    -0.43159     -0.00036638    0.29857422   -0.00122708    0.14530800
  709   19     3.51382     5.14023    -0.96639     -0.00146174    0.69775497   -0.00209492    0.13566686
  710    7     2.90939     5.08723    -0.22371     -0.00099699    0.62167768   -0.00160370    0.13834362
  711    7     4.22115     5.06738    -0.90103     -0.00032676    0.36190815   -0.00090289    0.12620978
  712   19     3.83992     2.63623    -3.50695     -0.00041001    0.25248583   -0.00162390    0.13722520
  713   19     3.07917     2.16730    -3.57018     -0.00039341    0.25248583   -0.00155816    0.14556591
  714    7     3.66648     2.05804    -3.47914     -0.00096394    0.54648991   -0.00176388    0.14141903
  715   20     5.72397     1.16278    -3.74209     -0.00048236    0.46355778   -0.00104056    0.12545000
  716    7     4.69319     1.51977    -3.56468     -0.00009548    0.65409912   -0.00014597    0.13017355
  717   21     6.04223    -0.16876     3.60516     -0.00045994    0.47666057   -0.00096492    0.12316217
  718    7     4.94595    -0.02913     3.57326     -0.00012701    0.67256445   -0.00018884    0.12942754
  719   22     5.98394     5.27196    -0.17682     -0.00070363    0.70286431   -0.00100109    0.11343858
  720   22     6.00677     5.05583     1.27773     -0.00244578    1.43943600   -0.00169912    0.11625374
  721    7     4.90221     5.08948     0.33953     -0.00059014    1.92494324   -0.00030658    0.11809477
  722    7     4.99817     4.70516     1.96079      0.00009419    0.99131888    0.00009501    0.11589639
  723    8     6.75055    -1.85006    -1.93286     -0.00020254    0.30006256   -0.00067498    0.12298257
  724   16     5.91439    -2.21257    -2.24304     -0.00055954    0.30006256   -0.00186475    0.13511618
  725   20     6.84587    -1.72481    -2.18878     -0.00029925    0.30006256   -0.00099731    0.12262926
  726   16     5.57840    -2.68472    -2.36290     -0.00002283    0.00581958   -0.00392358    0.13926801
  727    8     6.76683    -2.06961    -1.87475      0.00003432    0.00830473    0.00413249    0.12062766
  728    8     6.88416    -2.36608     0.66127     -0.00022519    0.29820905   -0.00075516    0.12294361
  729   17     6.07451    -2.83593     0.86475     -0.00057865    0.29820905   -0.00194041    0.13514542
  730   21     6.99829    -2.34646     0.93834     -0.00031857    0.29820905   -0.00106828    0.12282469
  731   17     5.73663    -3.32711     0.76687     -0.00015171    0.08333330   -0.00182057    0.14000251
  732    8     6.88744    -2.54886     0.48490      0.00011607    0.11885126    0.00097656    0.12082417
  733   18     4.59869     1.75700     4.00715     -0.00100884    0.72619864   -0.00138921    0.12849182
  734   18     4.65659     3.20327     3.55484     -0.00304321    1.49057517   -0.00204163    0.12825661
  735    8     5.69376     2.17169     3.66904     -0.00033118    1.98561317   -0.00016679    0.11428530
  736    8     5.67111     3.76493     3.01950      0.00022519    1.02420094    0.00021987    0.11113849
  737   19     4.43397     4.76848    -1.81717     -0.00099460    0.74629033   -0.00133273    0.12718371
  738   19     4.39708     3.67156    -2.92579     -0.00326516    1.53564275   -0.00212625    0.13316389
  739    8     5.50156     4.26601    -2.13637     -0.00040316    2.03725153   -0.00019790    0.11453497
  740    8     5.37539     2.91650    -3.27458      0.00021272    1.05264286    0.00020208    0.11734046
  741   20     6.16637     1.74651    -3.77152     -0.00020458    0.24118281   -0.00084824    0.11853773
  742   20     7.10256     2.32276    -3.63488     -0.00066481    0.53471031   -0.00124331    0.10942052
  743   20     8.37146     2.38224    -3.20586     -0.00055225    0.53471031   -0.00103281    0.09967163
  744   20     9.33918     1.66242    -2.62014     -0.00056365    0.53471031   -0.00105412    0.09568206
  745   20     9.61675     0.45263    -2.11313     -0.00057238    0.53471031   -0.00107045    0.09629851
  746   20     9.09259    -0.76086    -1.88863     -0.00057950    0.53471031   -0.00108377    0.10110791
  747   20     7.97740    -1.49029    -2.03688     -0.00064349    0.53471031   -0.00120344    0.11158143
  748    8     6.27900     2.27975    -3.54257     -0.00054204    0.52589345   -0.00103070    0.11481000
  749    8     7.65215     2.79527    -3.23075     -0.00018109    0.52589345   -0.00034435    0.10056340
  750    8     8.97086     2.40593    -2.63247     -0.00004581    0.52589345   -0.00008710    0.09286555
  751    8     9.70508     1.26823    -1.98819     -0.00025773    0.52589345   -0.00049008    0.09162229
  752    8     9.55969    -0.16053    -1.55689     -0.00026820    0.52589345   -0.00050999    0.09441832
  753    8     8.59313    -1.30608    -1.51193     -0.00011374    0.52589345   -0.00021628    0.10216534
  754    8     7.49131    -1.76982    -1.74522     -0.00010505    0.29234280   -0.00035934    0.11350630
  755   21     7.72308    -2.21296     0.87736     -0.00026137    0.24042780   -0.00108710    0.11479753
  756   21     8.70994    -1.72869     0.76564     -0.00055551    0.53277619   -0.00104267    0.10521586
  757   21     9.57926    -0.78143     1.13424     -0.00055136    0.53277619   -0.00103489    0.09801612
  758   21     9.74703     0.25117     1.96759     -0.00060371    0.53277619   -0.00113314    0.09536468
  759   21     9.14617     0.95614     2.93241     -0.00050876    0.53277619   -0.00095493    0.09647191
  760   21     8.01697     1.05154     3.64284     -0.00056347    0.53277619   -0.00105760    0.10304522
  761   21     6.81104     0.49921     3.81474     -0.00074510    0.53277619   -0.00139852    0.11471528
  762    8     8.02096    -2.01642     0.40722     -0.00028201    0.52448087   -0.00053769    0.10902856
  763    8     9.25438    -1.17331     0.48092     -0.00013421    0.52448087   -0.00025589    0.09710574
  764    8     9.86569    -0.00628     1.18941     -0.00029674    0.52448087   -0.00056577    0.09234476
  765    8     9.61041     1.01792     2.24933     -0.00020609    0.52448087   -0.00039294    0.09130102
  766    8     8.59064     1.48969     3.23679     -0.00016257    0.52448087   -0.00030997    0.09530996
  767    8     7.21421     1.22036     3.75688     -0.00031876    0.52448087   -0.00060776    0.10616171
  768    8     6.18833     0.56980     3.74104     -0.00011711    0.29142763   -0.00040185    0.11689148
  769   22     6.51103     4.59468     2.32047     -0.00027422    0.24319465   -0.00112759    0.10924613
  770   22     7.46659     4.13117     2.67506     -0.00054506    0.54081251   -0.00100786    0.10312569
  771   22     8.70641     3.66326     2.39530     -0.00048159    0.54081251   -0.00089050    0.09573110
  772   22     9.58276     3.48022     1.37901     -0.00057710    0.54081251   -0.00106710    0.09272451
  773   22     9.73457     3.65747     0.04488     -0.00064120    0.54081251   -0.00118562    0.09232328
  774   22     9.09930     4.12197    -1.05740     -0.00054173    0.54081251   -0.00100169    0.09410570
  775   22     7.93868     4.68234    -1.47369     -0.00058031    0.54081251   -0.00107303    0.09979085
  776   22     6.73090     5.10772    -1.03247     -0.00072530    0.54081251   -0.00134113    0.10859446
  777    8     6.63133     4.12086     2.65679     -0.00044997    0.52870108   -0.00085108    0.10718962
  778    8     8.00826     3.51401     2.82936     -0.00030604    0.52870108   -0.00057886    0.09688474
  779    8     9.25758     3.12971     2.06421     -0.00018246    0.52870108   -0.00034512    0.09056426
  780    8     9.86458     3.12629     0.67658     -0.00032789    0.52870108   -0.00062018    0.08907546
  781    8     9.57916     3.50516    -0.76180     -0.00023009    0.52870108   -0.00043520    0.08961729
  782    8     8.51892     4.11021    -1.65833     -0.00020975    0.52870108   -0.00039673    0.09352557
  783    8     7.12068     4.69218    -1.64361     -0.00028672    0.52870108   -0.00054232    0.10256615
  784    8     6.10425     5.00532    -1.02375     -0.00018271    0.29478139   -0.00061980    0.11057402
  785   13    -7.82637    -3.17004     1.65187     -0.00155786    0.98977153   -0.00157396    0.16369080
  786   10    -8.46202    -1.62689     2.12149     -0.00108092    0.98977153   -0.00109209    0.15779114
  787   13    -8.02329    -3.10814    -1.34340     -0.00177335    1.07564797   -0.00164863    0.16428930
  788   11    -8.53355    -1.57629    -1.95661     -0.00150899    1.07564797   -0.00140287    0.15816431
  789   15    -2.72731     4.55215    -1.31023     -0.00210426    0.82481006   -0.00255120    0.18523345
  790   15    -2.64050     4.93438    -0.28009     -0.00572053    1.64888056   -0.00346934    0.18804450
  791   15    -2.63490     4.68594     1.04231     -0.00581590    1.64888056   -0.00352718    0.18764584
  792   12    -4.13115     4.93045    -0.88250     -0.00437386    1.64888056   -0.00265262    0.17757332
  793   12    -4.06156     5.12741     0.44673     -0.00468654    1.64888056   -0.00284226    0.17756098
  794   12    -4.09030     4.70542     1.46453     -0.00177850    0.82481006   -0.00215626    0.17502797
  795   16     2.59131    -4.48028    -2.57368     -0.00004919    0.37434191   -0.00013140    0.15388090
  796   14     1.34545    -5.56291    -1.99462     -0.00019831    0.37434191   -0.00052975    0.16112453
  797   17     2.63368    -4.99492     1.78518     -0.00207302    1.15201272   -0.00179948    0.15813357
  798   17     3.05432    -5.13197     0.79180     -0.00172850    1.15201272   -0.00150041    0.15720653
  799   14     1.57573    -5.89887     0.86670     -0.00700982    2.30418071   -0.00304222    0.16813359
  800   18     1.27033     4.06804     2.41942     -0.00139457    1.40131592   -0.00099519    0.15300674
  801   15    -0.17671     4.09639     1.93110     -0.00355372    1.40131592   -0.00253599    0.17600240
  802   19     1.03247     4.21904    -2.32314     -0.00158454    0.93283654   -0.00169863    0.16152767
  803   19     1.32652     4.79385    -1.19725     -0.00376477    1.86709988   -0.00201637    0.16065742
  804   15    -0.17077     4.43181    -1.54212     -0.00693505    1.86709988   -0.00371434    0.18255571
  805   15     0.14053     4.88946    -0.36817     -0.00301498    0.93283654   -0.00323205    0.17817918
  806   20     6.92263    -1.73117    -2.63860     -0.00018178    0.85994329   -0.00021138    0.12058301
  807   20     6.59706    -1.09543    -3.49528     -0.00157954    1.71881089   -0.00091897    0.12435765
  808   20     5.93449     0.01324    -3.92165     -0.00162779    1.71881089   -0.00094704    0.12716541
  809   16     5.54015    -2.31011    -3.09711     -0.00266343    1.71881089   -0.00154957    0.13855511
  810   16     5.02133    -1.37134    -3.93345     -0.00285985    1.71881089   -0.00166385    0.14049004
  811   16     4.43627    -0.42891    -4.05006     -0.00091184    0.85994329   -0.00106035    0.14168865
  812   21     6.00157    -1.10479     3.43579     -0.00042149    0.85683935   -0.00049192    0.12602963
  813   21     6.57049    -1.91673     2.92420     -0.00169045    1.71265580   -0.00098704    0.12565685
  814   21     7.02177    -2.45022     1.75685     -0.00135038    1.71265580   -0.00078847    0.12295648
  815   17     4.96508    -2.23545     3.14906     -0.00283149    1.71265580   -0.00165327    0.14226294
  816   17     5.58795    -3.08000     2.28318     -0.00303575    1.71265580   -0.00177254    0.14003705
  817   17     5.84710    -3.33039     1.22735     -0.00108498    0.85683935   -0.00126626    0.13726786
