COSMO Results from DMol3

Note: COSMO for ideal conductor limit (fepsi= 1.0000)
  Basic Grid Size                  =   1082
  Number of Segments on an Atom    =     92
  Number of Segments on Hydrogen   =     32
  Solvent Radius    [au]           =   2.46
  A - Matrix Cutoff [au]           =  13.23
  factor for Outlying Charge corr  =   0.85
  maximum segment or cutoff radius =   1.46
  total number of segments         =    890
  number of charge corr segments   =    357




$coordinates xyz [au]                         and cosmo atom analysis:   radius   charge    area  charge density  (srad)
C            -7.73025146706676   -0.89214484744398    0.11470730356390   3.7795  -0.0252    57.08    -0.00044    6.2361
C            -4.90845786839201   -0.78172905513942    0.05991113621542   3.7795  -0.0155    17.93    -0.00086    6.2361
C            -3.60164800793987    1.52607356386180   -0.04854015539111   3.7795  -0.0329    44.23    -0.00074    6.2361
C            -0.98804392640901    1.58773099228861   -0.16463520209035   3.7795  -0.0704    45.75    -0.00154    6.2361
C            -0.82233478170220   -2.84444967069621   -0.03821434413453   3.7795  -0.0765    48.13    -0.00159    6.2361
C            -3.42496092827775   -2.99034517304274    0.07676050693288   3.7795  -0.0329    43.09    -0.00076    6.2361
N             0.38606170996319   -0.57618209321421   -0.15957011624520   3.4582  -0.0143     6.70    -0.00213    5.9148
C             3.22804001950985   -0.57861664438857   -0.31385048269668   3.7795  -0.0387    21.47    -0.00180    6.2361
C             4.51205885503904    1.94622069881472    0.18759219016303   3.7795  -0.0125    21.32    -0.00058    6.2361
C             7.39408528186566    1.63016109423131    0.14048715523094   3.7795   0.0199    57.78     0.00034    6.2361
H            -8.41713165310217   -2.59084206012448    1.08736292911867   2.4566  -0.0442    23.54    -0.00188    4.9133
H            -8.46588331034190   -0.96350895804676   -1.83725011621696   2.4566  -0.0497    25.35    -0.00196    4.9133
H            -8.55244185266982    0.78854569600449    1.01239964424850   2.4566  -0.0442    23.66    -0.00187    4.9133
H            -4.62056346574061    3.31856822659681   -0.04633186301541   2.4566  -0.0671    24.38    -0.00275    4.9133
H             0.06857861626380    3.34607469456808   -0.25009986322273   2.4566  -0.0559    15.76    -0.00355    4.9133
H             0.38978253534988   -4.50867046483930   -0.02925808921034   2.4566  -0.0787    22.62    -0.00348    4.9133
H            -4.30324070207484   -4.85341253852801    0.18042781701425   2.4566  -0.0672    24.43    -0.00275    4.9133
H             3.70574969377536   -1.28722449511803   -2.20957893533246   2.4566  -0.0643    26.28    -0.00245    4.9133
H             3.86187712578457   -1.99820978760864    1.06375114322730   2.4566  -0.0595    23.24    -0.00256    4.9133
H             3.91458030617633    2.69171133021135    2.03826826239875   2.4566  -0.0418    23.95    -0.00175    4.9133
H             3.95879605568797    3.34317289727096   -1.25354939423568   2.4566  -0.0422    22.40    -0.00188    4.9133
H             8.05592189699602    0.93795784449908   -1.70422597692422   2.4566  -0.0285    25.08    -0.00113    4.9133
H             8.03988331516222    0.29680317631698    1.59804342420548   2.4566  -0.0283    24.68    -0.00114    4.9133
H             8.31954255214310    3.45231557352621    0.49539302639662   2.4566  -0.0291    24.16    -0.00120    4.9133
$end


$cosmo_energy               [Hartree atomic units]       [eV]     [kcal/mol]
  Total energy                 =       -406.081775
  Total energy + OC corr.      =       -406.078043
  Dielectric energy            =         -0.079315      -2.158      -49.77
  Diel. energy + OC corr.      =         -0.075582      -2.057      -47.43

  Surface area of cavity [au]  =           692.990
  Total Volume of cavity [au]  =          1304.497


$screening_charge
  cosmo           =   -1.02778
  corrected total =   -0.99959


$segment information
    n  atom        position (X, Y, Z) [au]            charge       area [au]   charge/area    potential [au]

    1    1    -9.69646    -0.47615     3.31551      0.00046061    0.99538612    0.00046275    0.11309413
    2    1   -11.44009    -1.51001    -0.25874     -0.00000979    1.32718149   -0.00000738    0.10732905
    3    1    -8.99975    -3.84446    -1.87435      0.00029548    1.16128380    0.00025444    0.12195855
    4    1    -9.13017     2.27398    -1.40193      0.00025426    0.99538612    0.00025544    0.12356559
    5    1    -7.84582     1.72849    -2.60619      0.00004042    0.49769306    0.00008122    0.13285413
    6    1    -8.48724     1.73267    -2.49712     -0.00008522    0.49769306   -0.00017124    0.12808450
    7    1    -9.16685    -4.17798    -1.07845      0.00038434    0.99538612    0.00038613    0.12245286
    8    1   -11.17742    -2.42139     0.36479     -0.00022897    1.49307918   -0.00015335    0.11079684
    9    1    -9.62494    -1.37703     3.34878      0.00044560    1.16128380    0.00038372    0.11358619
   10    1    -7.19560    -2.29215     3.58434     -0.00039378    0.66359074   -0.00059341    0.13007107
   11    1   -10.29347     1.59349    -1.12457      0.00034874    1.16128380    0.00030030    0.11604952
   12    1   -10.03539     1.38964    -1.82540      0.00014435    0.82948843    0.00017402    0.11757065
   13    1    -7.29333    -1.29313     3.84734      0.00036007    1.32718149    0.00027130    0.12429789
   14    1    -8.50393    -0.89289     3.81412      0.00058198    1.49307918    0.00038979    0.11651996
   15    1   -10.66330    -0.85021     2.49790      0.00056082    1.82487455    0.00030732    0.10967661
   16    1   -11.37774    -1.20468     1.05400      0.00012819    1.49307918    0.00008586    0.10708609
   17    1   -11.00296    -2.33836    -1.10266      0.00003939    1.49307918    0.00002638    0.11115668
   18    1   -10.01778    -3.43599    -1.49158      0.00033888    0.99538612    0.00034045    0.11597030
   19    1    -8.14859    -4.07799    -1.87516     -0.00003146    0.99538612   -0.00003161    0.12811575
   20    1    -8.71878     0.02265     3.64602      0.00015245    0.82948843    0.00018379    0.11891471
   21    1   -11.10882     0.76211    -0.24985     -0.00011807    1.32718149   -0.00008896    0.11188604
   22    1   -11.46587    -0.33978    -0.04076      0.00002003    1.65897686    0.00001207    0.10750152
   23    1   -11.27637    -0.96384    -1.19068     -0.00016514    1.16128380   -0.00014220    0.11090074
   24    1    -7.60426    -3.45263    -2.66239      0.00015338    0.49769306    0.00030819    0.13375857
   25    1    -8.86915     2.03303    -1.99018      0.00033459    1.16128380    0.00028812    0.12400753
   26    1   -10.61595    -3.18101    -0.73261      0.00026840    1.16128380    0.00023113    0.11312527
   27    1   -11.01189    -1.63070     1.83793      0.00001823    0.99538612    0.00001832    0.10984487
   28    1    -8.27878    -1.76334     3.75123     -0.00000489    0.66359074   -0.00000737    0.12065873
   29    1   -11.02540     0.34240    -1.26444      0.00009506    1.49307918    0.00006366    0.11187178
   30    1    -7.45236     0.09932     3.75120     -0.00017950    1.99077223   -0.00009017    0.12500615
   31    1   -11.24833    -0.09739     1.24414     -0.00028130    1.32718149   -0.00021195    0.11014244
   32    2    -5.32102    -1.57265     3.73259     -0.00032276    0.49769306   -0.00064851    0.13477740
   33    2    -5.29643    -0.01728     3.74088     -0.00032254    0.82948843   -0.00038884    0.13398586
   34    2    -5.22388    -0.85621     3.82546     -0.00041627    0.66359074   -0.00062729    0.13366329
   35    2    -4.57692    -1.32483     3.78543      0.00062410    0.49769306    0.00125400    0.13483748
   36    2    -4.32594    -0.84673    -3.67380      0.00005953    1.32718149    0.00004485    0.13898066
   37    2    -5.17933    -0.27292    -3.67531     -0.00013867    0.99538612   -0.00013931    0.13822445
   38    2    -5.24046    -1.57505    -3.62038     -0.00045468    0.82948843   -0.00054815    0.13867231
   39    2    -4.25886    -0.49853     3.77235      0.00009113    0.99538612    0.00009155    0.13509614
   40    3    -2.86605     0.80900     3.58863      0.00021197    0.66359074    0.00031942    0.13869413
   41    3    -5.15503     2.32580     3.30285     -0.00028201    0.49769306   -0.00056663    0.13514752
   42    3    -3.17906     4.17989     2.60908     -0.00029371    0.99538612   -0.00029507    0.14303379
   43    3    -4.64359     2.82403    -3.44175     -0.00027712    1.32718149   -0.00020881    0.13486663
   44    3    -5.10087     3.56956    -2.85224     -0.00068084    1.16128380   -0.00058628    0.14034501
   45    3    -3.12583     4.87049    -1.74343     -0.00004726    0.33179537   -0.00014243    0.15644159
   46    3    -3.24267     4.77271     1.85270     -0.00052088    0.99538612   -0.00052330    0.15181789
   47    3    -5.44142     3.26029     2.76075     -0.00058855    0.82948843   -0.00070954    0.14035312
   48    3    -4.74121     2.96774     3.25409     -0.00016229    0.82948843   -0.00019565    0.13485775
   49    3    -3.71605     3.61920     3.09630     -0.00014114    0.82948843   -0.00017016    0.13692507
   50    3    -3.34568     4.52090    -2.33975     -0.00051824    0.66359074   -0.00078097    0.14928218
   51    3    -3.67509     3.60756    -3.20229      0.00004335    1.49307918    0.00002903    0.13898184
   52    3    -5.67066     2.58408    -3.02915     -0.00023087    0.82948843   -0.00027833    0.13753153
   53    3    -4.45732     1.91832     3.61184     -0.00007227    1.16128380   -0.00006223    0.13284620
   54    3    -3.60366     1.18967     3.71592      0.00021847    0.82948843    0.00026338    0.13406847
   55    3    -3.09192     1.80800     3.68576      0.00022828    0.82948843    0.00027521    0.13467388
   56    3    -3.00516     3.01858     3.37212      0.00032037    0.99538612    0.00032186    0.13651242
   57    3    -3.57323     2.29849    -3.74810      0.00025162    1.82487455    0.00013789    0.13539239
   58    3    -4.87918     1.71708    -3.60039     -0.00037220    1.49307918   -0.00024928    0.13489767
   59    3    -4.04941     4.18761    -2.69428     -0.00050285    0.82948843   -0.00060621    0.14370151
   60    3    -4.47423     3.86200     2.79160     -0.00068975    1.16128380   -0.00059396    0.14011565
   61    3    -6.04563     3.15171    -2.42941     -0.00044194    0.49769306   -0.00088798    0.14346239
   62    3    -3.54728     0.93718    -3.78142      0.00052493    1.65897686    0.00031642    0.13741803
   63    3    -3.79062     2.64132     3.55768     -0.00004274    0.99538612   -0.00004294    0.13318265
   64    4    -1.09340     0.67371     3.50111     -0.00061502    0.66359074   -0.00092681    0.15023676
   65    4    -1.41575     4.11202     2.61550     -0.00009363    0.82948843   -0.00011287    0.14944126
   66    4    -0.35692     3.06339    -3.58638     -0.00129344    1.32718149   -0.00097457    0.15231303
   67    4    -0.41188     3.95106    -3.05720     -0.00168523    1.16128380   -0.00145118    0.15701024
   68    4    -0.79937     4.53526     2.19345     -0.00109176    0.66359074   -0.00164524    0.15667460
   69    4    -1.76078     5.17609    -1.06504     -0.00195298    0.66359074   -0.00294305    0.16791838
   70    4    -1.24931     0.36006    -3.72960     -0.00067482    0.66359074   -0.00101693    0.15364697
   71    4    -1.39045     4.85636     1.68961     -0.00094919    0.66359074   -0.00143039    0.15931581
   72    4    -0.45373     3.80513     2.84896     -0.00153152    1.49307918   -0.00102574    0.15147665
   73    4     0.27660     2.27913    -3.65848     -0.00114502    0.82948843   -0.00138039    0.15700470
   74    4    -1.48325     3.77944    -3.20362     -0.00086271    1.16128380   -0.00074289    0.14918750
   75    4    -1.69170     4.54969    -2.40426      0.00007627    0.66359074    0.00011493    0.15620195
   76    4    -1.23528     3.05218     3.31077     -0.00058913    1.32718149   -0.00044390    0.14462153
   77    4    -1.19370     1.60788     3.60915     -0.00009879    0.99538612   -0.00009924    0.14533757
   78    4    -0.28297     1.14019     3.52139     -0.00114360    0.99538612   -0.00114890    0.15226396
   79    4    -0.25126     1.05753    -3.83347     -0.00124750    0.99538612   -0.00125328    0.15610596
   80    4    -0.48896     1.91405    -3.89676     -0.00091752    0.99538612   -0.00092178    0.15143764
   81    4    -1.48494     2.57732    -3.77824     -0.00047050    1.65897686   -0.00028361    0.14551011
   82    4    -1.58381     5.14048     0.97868     -0.00081073    0.33179537   -0.00244347    0.16564166
   83    4    -1.13227     4.67901    -2.33428     -0.00142961    0.82948843   -0.00172349    0.16056766
   84    4    -1.46803     1.19775    -3.89316     -0.00080913    1.32718149   -0.00060966    0.14786500
   85    4    -0.47252     2.32394     3.50638     -0.00109732    1.16128380   -0.00094492    0.14802421
   86    5    -1.29066    -1.98103    -3.68781     -0.00063381    0.66359074   -0.00095512    0.15267675
   87    5    -1.16138    -5.33558    -2.86021     -0.00031197    1.16128380   -0.00026865    0.15022706
   88    5     0.04058    -4.19520     3.38451     -0.00084836    0.99538612   -0.00085229    0.15192577
   89    5     0.56970    -4.95116     2.77394     -0.00201890    1.32718149   -0.00152120    0.16113980
   90    5    -0.40579    -5.67652    -2.50606     -0.00127266    0.99538612   -0.00127856    0.15788802
   91    5    -1.20833    -6.47660     0.93275     -0.00209642    0.66359074   -0.00315920    0.16915904
   92    5    -1.08194    -6.15469    -1.84355     -0.00110087    0.66359074   -0.00165896    0.16024421
   93    5    -0.35469    -4.84609    -3.20983     -0.00078408    0.99538612   -0.00078772    0.15209092
   94    5     0.39990    -4.11999    -3.37941     -0.00115023    1.16128380   -0.00099048    0.15745876
   95    5     0.91583    -3.91649     3.14199     -0.00050493    0.99538612   -0.00050727    0.16051616
   96    5    -0.73524    -5.06224     3.02087     -0.00125578    1.49307918   -0.00084106    0.15061878
   97    5    -1.09024    -5.83271     2.26020      0.00008373    0.66359074    0.00012618    0.15703225
   98    5    -1.22123    -4.17808    -3.55200     -0.00068036    1.49307918   -0.00045567    0.14613052
   99    5    -1.27065    -3.00170    -3.78770     -0.00024646    1.16128380   -0.00021223    0.14758819
  100    5    -0.51335    -2.18027    -3.74601     -0.00118343    0.99538612   -0.00118891    0.15619414
  101    5    -0.11265    -1.97386     3.57046     -0.00082835    0.82948843   -0.00099863    0.15483975
  102    5     0.21662    -2.96394     3.59365     -0.00195671    1.65897686   -0.00117947    0.15401347
  103    5    -0.89469    -3.85934     3.60169     -0.00028348    1.49307918   -0.00018986    0.14569076
  104    5     0.75591    -4.82505    -2.84371     -0.00169338    0.99538612   -0.00170123    0.16316606
  105    5    -1.19417    -6.44705    -1.11867     -0.00051073    0.33179537   -0.00153929    0.16644475
  106    5    -0.52881    -5.91400     2.14717     -0.00098350    0.82948843   -0.00118568    0.16165096
  107    5    -0.99359    -2.34663     3.70437     -0.00101831    1.49307918   -0.00068202    0.14778959
  108    5    -0.25465    -3.33030    -3.74309     -0.00161555    1.32718149   -0.00121728    0.15329720
  109    6    -3.06698    -2.27330    -3.61675      0.00007144    0.33179537    0.00021530    0.14085959
  110    6    -5.20139    -3.95388    -3.11699     -0.00030158    0.49769306   -0.00060595    0.13678692
  111    6    -3.03902    -5.64619    -2.58439     -0.00025425    0.99538612   -0.00025543    0.14371990
  112    6    -4.06577    -4.30943     3.56009     -0.00029823    1.32718149   -0.00022471    0.13480083
  113    6    -4.76524    -4.94171     3.02294     -0.00085826    0.99538612   -0.00086223    0.14088586
  114    6    -2.55351    -6.26410     1.75226     -0.00013659    0.33179537   -0.00041167    0.15742117
  115    6    -2.99162    -6.23041    -1.82017     -0.00049240    0.99538612   -0.00049468    0.15222050
  116    6    -5.51484    -4.84457    -2.46851     -0.00054228    0.82948843   -0.00065375    0.14146381
  117    6    -4.78738    -4.63062    -3.04373     -0.00029494    0.99538612   -0.00029630    0.13655600
  118    6    -3.65707    -5.13421    -3.02713     -0.00014637    0.82948843   -0.00017646    0.13789936
  119    6    -2.88102    -5.86552     2.46876     -0.00096880    0.99538612   -0.00097329    0.14863667
  120    6    -2.97490    -5.01116     3.23872      0.00008406    1.32718149    0.00006333    0.13945992
  121    6    -5.14008    -4.15232     3.23783     -0.00039739    0.82948843   -0.00047907    0.13801335
  122    6    -4.56588    -3.50079    -3.49002     -0.00025561    1.16128380   -0.00022011    0.13518597
  123    6    -3.78158    -2.71281    -3.67558      0.00016426    0.82948843    0.00019802    0.13644979
  124    6    -3.22431    -3.29113    -3.68536      0.00023945    0.82948843    0.00028867    0.13652373
  125    6    -3.02002    -4.48705    -3.36999      0.00036691    0.99538612    0.00036861    0.13771611
  126    6    -3.01508    -3.70168     3.76597      0.00025554    1.82487455    0.00014003    0.13487279
  127    6    -4.36879    -3.22059     3.72921     -0.00023928    1.49307918   -0.00016026    0.13378981
  128    6    -3.83500    -5.44359     2.92239     -0.00043159    0.99538612   -0.00043359    0.14255308
  129    6    -4.36536    -5.42760    -2.65447     -0.00071753    1.16128380   -0.00061788    0.14076350
  130    6    -3.08831    -2.34182     3.78491      0.00053524    1.65897686    0.00032263    0.13614217
  131    6    -3.84475    -4.17170    -3.48868     -0.00008102    0.99538612   -0.00008140    0.13479606
  132    7     0.43586    -0.76725    -3.61211     -0.00050115    0.27778738   -0.00180409    0.16577873
  133    7     0.38881    -0.56842     3.29864     -0.00009323    0.13889369   -0.00067125    0.16103652
  134    7     0.75239    -0.51001     3.27855     -0.00040026    0.27778738   -0.00144088    0.16234773
  135    7     0.06938    -0.82275    -3.59438     -0.00008082    0.13889369   -0.00058189    0.16362582
  136    8     4.30583    -4.16124    -0.85000     -0.00026593    0.49769306   -0.00053432    0.15936932
  137    8     3.08521    -0.74434     3.45928     -0.00039972    0.33179537   -0.00120471    0.15967160
  138    8     2.31831    -0.28972     3.34310     -0.00047587    0.33179537   -0.00143423    0.16217870
  139    8     4.40731    -3.94277    -1.56925     -0.00038649    0.66359074   -0.00058242    0.15664294
  140    8     6.02995    -2.61834    -1.82149     -0.00029836    0.16589769   -0.00179847    0.14615615
  141    8     2.17597     0.26436    -3.84468     -0.00023633    0.49769306   -0.00047486    0.16583179
  142    8     5.88382    -3.23131    -0.75463     -0.00064493    0.82948843   -0.00077751    0.14547776
  143    8     5.15981    -3.77587    -0.88833     -0.00054094    1.32718149   -0.00040759    0.15074667
  144    8     2.65240    -1.08236     3.38740     -0.00101026    0.49769306   -0.00202989    0.16360576
  145    8     5.60979    -3.22408    -1.58388     -0.00018597    0.49769306   -0.00037367    0.14765762
  146    8     2.76164     0.77306    -3.81237     -0.00099375    0.49769306   -0.00199671    0.16183757
  147    9     5.24963     5.55090     1.05152      0.00028214    0.99538612    0.00028345    0.11903639
  148    9     4.90352     2.04496    -3.57025     -0.00011879    0.33179537   -0.00035801    0.13998015
  149    9     4.84394     5.28401     1.92918     -0.00013213    0.99538612   -0.00013274    0.12345912
  150    9     4.46176     0.58745     3.71398     -0.00034072    0.49769306   -0.00068460    0.14297083
  151    9     4.29637     5.66736     0.81267      0.00040406    1.32718149    0.00030445    0.12521522
  152    9     3.44819     5.53642     0.70020      0.00017788    0.66359074    0.00026805    0.13416837
  153    9     5.05769     5.67359    -0.11752     -0.00005071    0.99538612   -0.00005094    0.12316428
  154    9     4.32902     2.01899    -3.58674     -0.00021476    0.33179537   -0.00064726    0.14586606
  155    9     3.56392     5.38798     1.42833      0.00020577    0.49769306    0.00041345    0.13250945
  156    9     4.95902     0.84097     3.77407     -0.00000753    0.16589769   -0.00004542    0.13688201
  157   10     9.50496     3.86302    -2.06017      0.00095750    0.82948843    0.00115433    0.09099637
  158   10    11.06460     0.73526     0.03630      0.00074688    1.32718149    0.00056276    0.08548115
  159   10     8.52566    -1.96647    -0.12041      0.00115338    1.16128380    0.00099319    0.10988722
  160   10     7.56884     3.50050     3.42004      0.00104875    1.65897686    0.00063216    0.10283697
  161   10     8.68473     3.27829     3.28724      0.00064708    0.66359074    0.00097512    0.09521327
  162   10     7.26399     2.27936     3.86147      0.00078969    0.99538612    0.00079335    0.10674027
  163   10     7.95174     2.18484     3.83718      0.00050226    0.66359074    0.00075687    0.10127899
  164   10     8.92851    -1.64110    -0.96799      0.00069796    0.66359074    0.00105180    0.10530190
  165   10    10.79214     0.46188    -1.03114      0.00070823    1.49307918    0.00047434    0.08955739
  166   10     9.30365     3.30426    -2.65868      0.00127208    1.32718149    0.00095848    0.09307561
  167   10     7.00573     2.87142    -3.40815      0.00035728    0.82948843    0.00043072    0.11469647
  168   10     9.92124     2.59723     2.77914      0.00138170    1.32718149    0.00104108    0.08878052
  169   10     9.70843     1.98689     3.10710      0.00094328    0.82948843    0.00113718    0.09067265
  170   10     7.44138     3.97685    -2.82180      0.00086874    1.16128380    0.00074809    0.10499448
  171   10     8.43278     4.21342    -2.41534      0.00105377    1.16128380    0.00090742    0.09677800
  172   10    10.40864     3.06498    -1.63100      0.00174716    1.82487455    0.00095742    0.08709720
  173   10    11.05910     1.82275    -0.76228      0.00098638    1.49307918    0.00066064    0.08463054
  174   10    10.56933    -0.41976     0.13668      0.00114108    1.49307918    0.00076425    0.09051316
  175   10     9.57988    -1.43470    -0.19610      0.00129946    1.16128380    0.00111899    0.09875043
  176   10     8.07987    -1.87552    -1.09412      0.00059005    0.66359074    0.00088918    0.11535575
  177   10     6.95828     5.13597    -1.20250      0.00007659    0.33179537    0.00023084    0.11168509
  178   10    10.81379     2.48118     1.50639      0.00084747    1.32718149    0.00063855    0.08619262
  179   10    11.13907     1.76339     0.63214      0.00095637    1.65897686    0.00057648    0.08405444
  180   10    10.88755     0.55232     1.09875      0.00064358    1.16128380    0.00055420    0.08795409
  181   10     7.05670     4.33281     2.76079      0.00009030    0.33179537    0.00027216    0.10956992
  182   10     8.68667     2.50434     3.58275      0.00129811    1.32718149    0.00097810    0.09492408
  183   10     6.85233     1.26653     3.86317      0.00009756    0.66359074    0.00014702    0.11660584
  184   10    10.16621    -0.79951    -0.69402      0.00102898    1.16128380    0.00088607    0.09393515
  185   10    10.70625     2.02689    -1.63619      0.00074405    0.99538612    0.00074750    0.08746789
  186   10     8.09079     3.38550    -3.13331      0.00053300    0.82948843    0.00064256    0.10192363
  187   10    10.68015     1.50781     2.00358      0.00121355    1.49307918    0.00081279    0.08692898
  188   10     7.51134     4.78952    -1.93050      0.00070729    1.16128380    0.00060906    0.10507569
  189   10    10.98085     2.76014    -0.23713      0.00054181    1.16128380    0.00046656    0.08597358
  190   11    -9.31809    -4.60861     2.16062     -0.00239917    1.12146836   -0.00213931    0.13070741
  191   11    -9.59359    -2.92768     3.21751     -0.00148005    1.05137659   -0.00140773    0.12320340
  192   11    -7.98824    -3.73650     3.21776     -0.00172515    0.91119304   -0.00189329    0.13477714
  193   11    -9.24124    -4.74765     0.24832     -0.00176472    1.19156013   -0.00148102    0.13007111
  194   11   -10.62661    -3.56296     1.54366     -0.00206442    1.26165190   -0.00163629    0.12121253
  195   11    -9.06149    -3.84694     3.09785     -0.00220908    1.12146836   -0.00196981    0.12907264
  196   11    -8.32773    -4.57635     2.53125     -0.00297873    1.26165190   -0.00236097    0.13672036
  197   11    -8.87370    -5.00183     1.20437     -0.00319369    1.40183545   -0.00227822    0.13474546
  198   11    -9.96955    -4.48070     1.31846     -0.00234690    1.19156013   -0.00196960    0.12653190
  199   11    -9.97261    -3.81038     2.54622     -0.00243820    1.19156013   -0.00204622    0.12500150
  200   11    -8.52912    -3.05967     3.49625     -0.00099586    0.84110127   -0.00118400    0.12850723
  201   11   -10.31050    -4.05327     0.52927     -0.00141187    1.05137659   -0.00134288    0.12277181
  202   11   -10.46535    -2.94591     2.39647     -0.00141193    1.05137659   -0.00134293    0.12016424
  203   12    -8.97402    -0.87174    -4.23900     -0.00339702    1.47192722   -0.00230787    0.13153408
  204   12    -7.72238    -0.68952    -4.16258     -0.00240378    1.19156013   -0.00201734    0.13711467
  205   12    -8.77615     0.74287    -3.57710     -0.00188232    1.12146836   -0.00167844    0.13136218
  206   12   -10.58401    -0.30855    -2.89540     -0.00227643    1.33174368   -0.00170936    0.12264814
  207   12   -10.18395    -2.31750    -2.95528     -0.00245167    1.47192722   -0.00166562    0.12390871
  208   12    -8.12850    -2.54659    -3.68523     -0.00242108    1.26165190   -0.00191898    0.13444536
  209   12    -8.13010     0.18632    -3.98206     -0.00276511    1.33174368   -0.00207631    0.13511535
  210   12    -9.69398    -0.09863    -3.78117     -0.00269612    1.26165190   -0.00213697    0.12781412
  211   12   -10.07934    -1.23151    -3.67027     -0.00296947    1.33174368   -0.00222976    0.12625957
  212   12    -9.24740    -2.02125    -3.91220     -0.00290450    1.33174368   -0.00218098    0.12958786
  213   12    -7.89639    -1.67355    -4.11903     -0.00257230    1.33174368   -0.00193153    0.13599292
  214   12    -9.81838     0.63825    -3.11795     -0.00179153    1.19156013   -0.00150352    0.12574664
  215   12   -10.72841    -1.35108    -2.71238     -0.00174408    1.12146836   -0.00155518    0.12165677
  216   12    -9.17884    -2.85270    -3.23641     -0.00162204    1.12146836   -0.00144636    0.12827789
  217   13    -9.70907     2.64686     2.12775     -0.00276650    1.26165190   -0.00219276    0.12959623
  218   13    -8.99960     1.43194     3.34075     -0.00198523    1.26165190   -0.00157352    0.12729169
  219   13   -10.64964     1.25753     2.20278     -0.00179898    1.12146836   -0.00160413    0.12073796
  220   13   -10.43732     2.24234     0.40506     -0.00139464    0.91119304   -0.00153056    0.12366063
  221   13    -9.16761     3.08618     0.39797     -0.00181619    0.91119304   -0.00199320    0.13403148
  222   13    -8.61990     2.57794     2.69424     -0.00318424    1.40183545   -0.00227148    0.13466981
  223   13    -9.87544     1.91754     2.74739     -0.00234606    1.19156013   -0.00196890    0.12588912
  224   13   -10.48085     2.21412     1.54544     -0.00208160    1.05137659   -0.00197988    0.12448385
  225   13    -9.82346     2.89080     1.00066     -0.00196137    0.98128481   -0.00199878    0.12946107
  226   13    -8.90981     3.12818     1.67079     -0.00265686    1.12146836   -0.00236909    0.13622603
  227   13    -8.07901     1.89655     3.15326     -0.00137532    0.91119304   -0.00150936    0.13445531
  228   13    -9.95041     0.96801     3.02453     -0.00115327    0.91119304   -0.00126567    0.12178345
  229   13   -10.89500     1.51707     1.14223     -0.00159780    1.05137659   -0.00151972    0.12047723
  230   13    -9.69307     2.68706    -0.05047     -0.00080846    0.70091772   -0.00115343    0.12818267
  231   14    -5.74050     5.50447    -0.09735     -0.00399837    1.33174368   -0.00300236    0.15296099
  232   14    -5.83706     4.62841     1.63874     -0.00433703    1.47192722   -0.00294649    0.15170741
  233   14    -5.43897     4.81365    -1.81552     -0.00266553    1.26165190   -0.00211273    0.15076505
  234   14    -4.04424     5.68344    -0.37839     -0.00327227    1.26165190   -0.00259364    0.15752397
  235   14    -4.61257     5.20597     1.52614     -0.00250690    1.19156013   -0.00210388    0.15290393
  236   14    -6.48834     4.88767     0.24418     -0.00439856    1.33174368   -0.00330285    0.15319819
  237   14    -6.40280     4.54525    -1.20995     -0.00593255    1.96256963   -0.00302285    0.15203921
  238   14    -5.25568     5.53526    -0.89366     -0.00374633    1.33174368   -0.00281310    0.15298316
  239   14    -4.29688     5.67070     0.58432     -0.00403768    1.54201899   -0.00261844    0.15583943
  240   14    -5.52134     5.36436     0.97266     -0.00347009    1.26165190   -0.00275043    0.15253223
  241   14    -4.38656     5.34731    -1.41180     -0.00255431    1.12146836   -0.00227765    0.15465839
  242   15     0.62864     5.73803    -0.24914     -0.00517333    1.26165190   -0.00410044    0.17061072
  243   15    -0.21062     5.42527     1.02820     -0.00267701    0.91119304   -0.00293792    0.16858640
  244   15    -0.54908     5.62234    -0.93729     -0.00381834    1.26165190   -0.00302646    0.17013967
  245   15     0.11391     5.08186    -1.98796     -0.00264936    0.91119304   -0.00290758    0.16952337
  246   15    -0.39000     5.72900     0.13257     -0.00346130    1.12146836   -0.00308640    0.16968405
  247   15     0.37802     5.54356    -1.30387     -0.00333274    0.98128481   -0.00339630    0.17042070
  248   15     0.54318     5.38020     1.04302     -0.00402191    1.05137659   -0.00382538    0.16904064
  249   16     1.34399    -6.76607    -0.19863     -0.00565845    1.61211077   -0.00350997    0.17173856
  250   16     0.27633    -6.71988    -1.09354     -0.00384975    1.33174368   -0.00289076    0.16974163
  251   16     0.07680    -6.78289     0.84538     -0.00335491    1.19156013   -0.00281556    0.17056584
  252   16     1.41161    -5.91937     1.70304     -0.00466330    1.47192722   -0.00316816    0.17270889
  253   16     1.79140    -5.62610    -1.70911     -0.00372228    1.12146836   -0.00331911    0.17498314
  254   16     0.12661    -6.94933    -0.12361     -0.00362864    1.19156013   -0.00304529    0.17041609
  255   16     0.89676    -6.57900     1.19212     -0.00412756    1.33174368   -0.00309937    0.17067122
  256   16     2.08112    -6.14734     0.67021     -0.00573015    1.47192722   -0.00389296    0.17528081
  257   16     2.22027    -6.01856    -0.66537     -0.00537153    1.47192722   -0.00364932    0.17588467
  258   16     1.09341    -6.28551    -1.57289     -0.00435286    1.47192722   -0.00295725    0.17078911
  259   17    -5.05721    -7.18903     0.07334     -0.00466872    1.54201899   -0.00302767    0.15358364
  260   17    -5.77891    -6.05432    -1.37368     -0.00289962    1.12146836   -0.00258555    0.15155169
  261   17    -5.16346    -6.26321     1.99912     -0.00428893    1.61211077   -0.00266044    0.15197773
  262   17    -3.49573    -7.15813     0.44733     -0.00350128    1.33174368   -0.00262910    0.15819495
  263   17    -4.26402    -6.75242    -1.37753     -0.00232645    1.12146836   -0.00207447    0.15307670
  264   17    -6.10852    -6.47535    -0.20087     -0.00536283    1.61211077   -0.00332659    0.15339343
  265   17    -5.79564    -6.59343     1.06372     -0.00457895    1.47192722   -0.00311085    0.15330022
  266   17    -4.57988    -7.12285     1.07942     -0.00357532    1.26165190   -0.00283384    0.15392132
  267   17    -3.80778    -7.16064    -0.50238     -0.00342551    1.40183545   -0.00244359    0.15624158
  268   17    -5.16042    -6.76448    -1.10335     -0.00356675    1.40183545   -0.00254435    0.15201273
  269   17    -3.89007    -6.79068     1.63350     -0.00280365    1.26165190   -0.00222221    0.15484336
  270   18     4.08716    -2.26065    -4.43265     -0.00287196    1.12146836   -0.00256089    0.15656572
  271   18     4.56204    -0.54581    -4.38951     -0.00303812    1.05137659   -0.00288966    0.15448232
  272   18     2.70042    -0.92544    -4.42171     -0.00248608    0.98128481   -0.00253350    0.16324117
  273   18     3.07948    -2.61329    -4.18048     -0.00253446    1.05137659   -0.00241061    0.16264061
  274   18     4.31260    -3.53310    -2.99880     -0.00193833    1.05137659   -0.00184362    0.15876826
  275   18     5.52113    -2.52466    -3.30875     -0.00211766    0.84110127   -0.00251773    0.15160419
  276   18     3.96391    -1.26042    -4.65247     -0.00272856    1.12146836   -0.00243303    0.15637481
  277   18     2.86928    -1.77592    -4.46715     -0.00281852    1.19156013   -0.00236541    0.16223644
  278   18     3.60827    -3.28398    -3.63738     -0.00315477    1.19156013   -0.00264760    0.16167774
  279   18     4.70655    -2.81913    -3.84871     -0.00275672    1.12146836   -0.00245813    0.15473078
  280   18     5.06301    -1.71366    -4.21233     -0.00357162    1.26165190   -0.00283091    0.15283483
  281   18     3.53306    -0.24070    -4.42544     -0.00231624    1.12146836   -0.00206537    0.15902179
  282   18     5.19875    -3.11459    -2.89279     -0.00163484    0.84110127   -0.00194369    0.15341467
  283   19     4.83625    -3.67152     2.57561     -0.00311167    1.19156013   -0.00261142    0.15905478
  284   19     4.35574    -1.98950     3.47021     -0.00288487    1.12146836   -0.00257240    0.15834662
  285   19     5.24572    -4.00403     0.75253     -0.00268342    1.33174368   -0.00201497    0.15733861
  286   19     3.67075    -3.02070     3.28929     -0.00302408    1.12146836   -0.00269653    0.16401496
  287   19     4.91805    -2.85524     3.10949     -0.00340345    1.19156013   -0.00285630    0.15703460
  288   19     5.54889    -3.63956     1.76738     -0.00390220    1.33174368   -0.00293014    0.15541872
  289   19     4.51699    -4.31657     1.54456     -0.00340273    1.33174368   -0.00255510    0.16353514
  290   19     3.87796    -3.80907     2.72377     -0.00343819    1.12146836   -0.00306579    0.16574047
  291   19     3.38499    -2.20502     3.46476     -0.00197965    0.84110127   -0.00235364    0.16432658
  292   20     3.32966     3.54507     4.26642     -0.00252376    1.33174368   -0.00189508    0.13947862
  293   20     4.80559     3.06621     4.29679     -0.00157674    1.05137659   -0.00149969    0.13126981
  294   20     3.44957     1.65258     4.21519     -0.00177869    1.12146836   -0.00158603    0.14528494
  295   20     2.86369     4.76209     2.84088     -0.00155951    0.91119304   -0.00171150    0.14250817
  296   20     4.58989     4.68362     3.30767     -0.00158513    1.12146836   -0.00141344    0.12967114
  297   20     3.88197     2.70420     4.49465     -0.00169538    1.05137659   -0.00161254    0.13764950
  298   20     2.76767     2.49391     4.20171     -0.00265837    1.33174368   -0.00199616    0.14674057
  299   20     2.52642     3.91887     3.65136     -0.00231304    1.12146836   -0.00206251    0.14573236
  300   20     3.52229     4.47082     3.68628     -0.00206993    1.19156013   -0.00173716    0.13664729
  301   20     4.67345     3.96201     3.99927     -0.00198727    1.40183545   -0.00141762    0.13038251
  302   20     4.51361     1.97241     4.30957     -0.00121867    0.91119304   -0.00133744    0.13641769
  303   20     3.71327     5.01278     2.81750     -0.00088351    0.84110127   -0.00105042    0.13473637
  304   21     3.21565     4.97347    -2.93432     -0.00258836    1.19156013   -0.00217225    0.14670618
  305   21     3.23728     3.35392    -3.60182     -0.00161011    0.84110127   -0.00191429    0.15081571
  306   21     4.71422     3.80485    -3.54512     -0.00120470    0.98128481   -0.00122768    0.13675051
  307   21     4.99611     5.38074    -2.15215     -0.00148992    0.98128481   -0.00151833    0.13092652
  308   21     3.46432     5.74358    -1.08407     -0.00140694    1.05137659   -0.00133819    0.14208783
  309   21     3.86691     4.32172    -3.50502     -0.00170255    0.98128481   -0.00173502    0.14198976
  310   21     4.79981     4.79335    -3.04933     -0.00204325    1.40183545   -0.00145755    0.13389738
  311   21     4.04621     5.50459    -2.41794     -0.00208391    1.12146836   -0.00185820    0.13807482
  312   21     3.14524     5.52296    -2.04210     -0.00179069    0.98128481   -0.00182485    0.14665955
  313   21     2.90610     4.21117    -3.29646     -0.00178127    0.84110127   -0.00211778    0.15157550
  314   21     4.02839     3.23262    -3.70671     -0.00106361    0.77100950   -0.00137951    0.14413431
  315   21     4.41692     5.75274    -1.39249     -0.00078713    0.98128481   -0.00080215    0.13366921
  316   22     8.93307     0.19639    -3.87579     -0.00177260    1.12146836   -0.00158060    0.11416287
  317   22     8.35481    -1.25334    -2.77376     -0.00148114    1.12146836   -0.00132071    0.11982977
  318   22     9.99619    -0.36308    -2.46427     -0.00111834    1.12146836   -0.00099721    0.10445832
  319   22     9.87100     1.63617    -3.20523     -0.00111318    1.26165190   -0.00088232    0.10156521
  320   22     8.07161     1.81227    -3.99995     -0.00122757    1.19156013   -0.00103022    0.11422870
  321   22     8.14244    -0.49638    -3.69676     -0.00199789    1.19156013   -0.00167670    0.12195414
  322   22     9.19830    -0.67059    -3.16796     -0.00154891    1.12146836   -0.00138114    0.11275901
  323   22     9.82591     0.39375    -3.31853     -0.00170410    1.19156013   -0.00143014    0.10655182
  324   22     9.04600     1.17747    -3.93971     -0.00172614    1.19156013   -0.00144864    0.11021103
  325   22     7.81576     0.56484    -4.12044     -0.00207911    1.33174368   -0.00156119    0.12157858
  326   22     9.22439    -1.14732    -2.27108     -0.00055547    0.91119304   -0.00060961    0.11026990
  327   22    10.34348     0.69582    -2.56647     -0.00087211    1.05137659   -0.00082950    0.10015460
  328   22     8.97250     2.17131    -3.62093     -0.00069613    0.98128481   -0.00070941    0.10561333
  329   22     7.22979     1.40048    -3.97108     -0.00111185    0.91119304   -0.00122021    0.12306230
  330   23     8.90922    -1.26099     3.28703     -0.00189667    1.19156013   -0.00159175    0.11500481
  331   23     8.80846    -2.03311     1.47190     -0.00114451    1.33174368   -0.00085941    0.11522372
  332   23     7.29910    -0.31363     3.85941     -0.00174049    1.26165190   -0.00137953    0.12345407
  333   23     9.27501     0.58062     3.70256     -0.00108555    1.26165190   -0.00086042    0.10437297
  334   23    10.22405    -0.54504     2.34353     -0.00132928    1.26165190   -0.00105361    0.10222444
  335   23     8.33460    -1.95380     2.53776     -0.00224911    1.40183545   -0.00160440    0.12151521
  336   23     7.82264    -1.22875     3.51132     -0.00192768    1.19156013   -0.00161778    0.12338769
  337   23     8.49477    -0.33635     3.92770     -0.00165834    1.19156013   -0.00139174    0.11408492
  338   23     9.57286    -0.48277     3.35227     -0.00160824    1.12146836   -0.00143405    0.10751006
  339   23     9.46509    -1.53979     2.39228     -0.00176374    1.26165190   -0.00139796    0.11085623
  340   23     8.09238     0.54002     4.04206     -0.00079402    1.05137659   -0.00075522    0.11240222
  341   23    10.08133     0.31301     2.96452     -0.00070484    0.98128481   -0.00071829    0.10013972
  342   23     9.94848    -1.24991     1.59437     -0.00076723    1.05137659   -0.00072974    0.10445417
  343   24     9.32740     5.65015     0.92987     -0.00183107    1.12146836   -0.00163274    0.10367413
  344   24     9.58255     4.35841     2.39771     -0.00098754    1.12146836   -0.00088058    0.09883137
  345   24     7.85086     5.37129     1.95582     -0.00108818    1.12146836   -0.00097032    0.10902943
  346   24     7.89922     5.78558    -0.14824     -0.00137576    1.19156013   -0.00115459    0.10922704
  347   24     9.62390     4.99728    -0.89990     -0.00107815    1.19156013   -0.00090482    0.09898688
  348   24    10.64707     4.22746     0.62507     -0.00141691    1.26165190   -0.00112306    0.09551347
  349   24     9.01254     5.39391     1.83141     -0.00194126    1.26165190   -0.00153866    0.10418137
  350   24     7.99914     5.84721     0.93904     -0.00216675    1.61211077   -0.00134405    0.10932467
  351   24     9.08771     5.71377    -0.07974     -0.00192934    1.26165190   -0.00152922    0.10394993
  352   24    10.07238     5.15040     0.21412     -0.00182100    1.19156013   -0.00152825    0.09960924
  353   24    10.04052     4.88904     1.49992     -0.00192706    1.26165190   -0.00152741    0.09956331
  354   24     8.56220     4.77413     2.55182     -0.00100138    1.12146836   -0.00089292    0.10401565
  355   24     8.54576     5.43906    -0.93176     -0.00082563    1.05137659   -0.00078529    0.10442225
  356   24    10.41306     4.36626    -0.40847     -0.00078901    0.98128481   -0.00080406    0.09538418
  357   24    10.43743     3.95675     1.63344     -0.00078684    1.05137659   -0.00074839    0.09524905
  358    1    -6.32893     0.89013     3.27723     -0.00029210    0.16740891   -0.00174484    0.13642335
  359    2    -5.86450     0.92445     3.30872     -0.00035141    0.16740891   -0.00209911    0.13757692
  360    3    -5.63820     1.29567     3.25236     -0.00028264    0.16740891   -0.00168830    0.13767529
  361    1    -6.19943    -2.37857     3.36877     -0.00032776    0.16815583   -0.00194913    0.13689712
  362    2    -5.73380    -2.37418     3.40107     -0.00037327    0.16815583   -0.00221977    0.13820645
  363    6    -5.47904    -2.73042     3.36482     -0.00032335    0.16815583   -0.00192293    0.13863030
  364    2    -5.95749     0.17702     3.54108     -0.00102157    0.86015042   -0.00118767    0.13541309
  365    2    -5.88603    -1.62392     3.59165     -0.00098817    0.86015042   -0.00114883    0.13558643
  366    1    -6.59064    -0.75143     3.51506     -0.00284363    1.78804178   -0.00159036    0.13470187
  367    1    -7.10372     1.14123    -3.03345     -0.00022826    0.10797638   -0.00211398    0.13827395
  368    3    -6.39322     1.50031    -2.96609     -0.00029652    0.10797638   -0.00274618    0.13969667
  369   12    -7.28961     0.95126    -3.16957     -0.00025909    0.10797638   -0.00239953    0.13897624
  370    1    -6.92156     1.39757     3.06338     -0.00041834    0.23192394   -0.00180378    0.13823832
  371    3    -6.22182     1.77308     2.96202     -0.00048839    0.23192394   -0.00210580    0.13952915
  372   13    -7.14145     1.58975     3.00245     -0.00046064    0.23192394   -0.00198617    0.13926675
  373    1    -7.23116     2.58633    -1.80848     -0.00051042    0.21826950   -0.00233849    0.14113385
  374    3    -6.57963     3.04397    -1.88950     -0.00064516    0.21826950   -0.00295579    0.14788179
  375   14    -6.57531     3.28698    -1.72279     -0.00057898    0.21826950   -0.00265257    0.15002900
  376    3    -6.28344     2.31872    -2.68322     -0.00183459    1.57147931   -0.00116743    0.14058500
  377    1    -7.39041     1.96379    -2.43286     -0.00151666    1.57147931   -0.00096511    0.13657948
  378    3    -5.72293     1.76151     3.23864     -0.00034707    0.50496355   -0.00068732    0.13635180
  379    1    -6.65647     1.09876     3.31534     -0.00030686    0.50496355   -0.00060769    0.13444584
  380    1    -6.76169    -2.96667     3.17278     -0.00039419    0.23249179   -0.00169551    0.13853447
  381    6    -6.03425    -3.29181     3.09132     -0.00051149    0.23249179   -0.00220004    0.14039061
  382   11    -6.96405    -3.17926     3.12025     -0.00058806    0.23249179   -0.00252937    0.13949686
  383    1    -6.91234    -2.98023    -2.95233     -0.00022693    0.10312983   -0.00220044    0.13911621
  384    6    -6.17701    -3.28100    -2.86497     -0.00021665    0.10312983   -0.00210070    0.13950160
  385   12    -7.11515    -2.81370    -3.09472     -0.00027815    0.10312983   -0.00269711    0.13939254
  386    1    -6.95857    -4.42238    -1.61462     -0.00048848    0.21854270   -0.00223517    0.14145261
  387    6    -6.27314    -4.83227    -1.67164     -0.00048616    0.21854270   -0.00222455    0.14775993
  388   17    -6.25061    -5.06473    -1.49165     -0.00082978    0.21854270   -0.00379687    0.15092876
  389    6    -5.48745    -3.12064     3.40582     -0.00032775    0.53338862   -0.00061447    0.13678348
  390    1    -6.56214    -2.71631     3.37989     -0.00036643    0.53338862   -0.00068698    0.13526573
  391    6    -6.12440    -4.32448    -2.29640     -0.00221722    1.64692525   -0.00134628    0.14263500
  392    1    -7.04103    -3.59229    -2.51838     -0.00176816    1.64692525   -0.00107361    0.13766440
  393    1    -7.84898    -4.69339    -0.46602     -0.00057977    0.30207585   -0.00191929    0.13981602
  394   11    -7.95500    -4.77038    -0.19659     -0.00060181    0.30207585   -0.00199224    0.14029018
  395   17    -7.02861    -5.18666    -0.35801     -0.00091367    0.30207585   -0.00302464    0.14810463
  396   11    -7.59615    -3.02460     3.35952     -0.00063218    0.25292222   -0.00249950    0.13518117
  397   11    -8.64426    -2.53649     3.47181     -0.00114175    0.56742104   -0.00201217    0.12812161
  398   11    -9.92218    -2.32833     2.93290     -0.00115776    0.56742104   -0.00204040    0.12205568
  399   11   -10.69969    -2.65548     1.81249     -0.00116241    0.56742104   -0.00204858    0.12039317
  400   11   -10.63084    -3.37238     0.60909     -0.00122757    0.56742104   -0.00216343    0.12194366
  401   11    -9.74626    -4.16006    -0.14187     -0.00117774    0.56742104   -0.00207560    0.12680115
  402   11    -8.69252    -4.63986    -0.23568     -0.00049916    0.25292222   -0.00197359    0.13355289
  403    1    -7.78918    -2.46716     3.49266     -0.00098077    0.54535892   -0.00179840    0.13131335
  404    1    -9.26419    -1.95783     3.34055     -0.00075965    0.54535892   -0.00139293    0.12123757
  405    1   -10.48291    -2.02838     2.35669     -0.00078399    0.54535892   -0.00143757    0.11745987
  406    1   -10.90309    -2.64742     0.97884     -0.00094673    0.54535892   -0.00173598    0.11770410
  407    1   -10.33778    -3.53952    -0.17995     -0.00079409    0.54535892   -0.00145608    0.12056483
  408    1    -9.03850    -4.30777    -0.60410     -0.00089491    0.54535892   -0.00164096    0.12895502
  409   12    -7.74227    -2.83826    -3.25304     -0.00051248    0.23994233   -0.00213586    0.13715181
  410   12    -8.72923    -3.12067    -2.87075     -0.00110323    0.52994304   -0.00208178    0.13179229
  411   12    -9.93243    -2.77705    -2.42984     -0.00104947    0.52994304   -0.00198034    0.12513915
  412   12   -10.71886    -1.74028    -2.17136     -0.00115225    0.52994304   -0.00217428    0.12215924
  413   12   -10.78137    -0.41528    -2.19624     -0.00118043    0.52994304   -0.00222747    0.12216945
  414   12   -10.09556     0.68049    -2.49477     -0.00102855    0.52994304   -0.00194087    0.12483647
  415   12    -8.92927     1.11908    -2.95037     -0.00112484    0.52994304   -0.00212257    0.13153401
  416   12    -7.91944     0.91669    -3.32356     -0.00059694    0.23994233   -0.00248784    0.13685780
  417    1    -7.90997    -3.20036    -2.81849     -0.00106137    0.52520100   -0.00202088    0.13553692
  418    1    -9.29540    -3.28284    -2.29332     -0.00077639    0.52520100   -0.00147828    0.12565891
  419    1   -10.46675    -2.47017    -1.88157     -0.00083174    0.52520100   -0.00158367    0.12010483
  420    1   -10.96654    -1.07973    -1.74404     -0.00092353    0.52520100   -0.00175843    0.11845659
  421    1   -10.59959     0.34544    -1.93445     -0.00085067    0.52520100   -0.00161971    0.11999758
  422    1    -9.50921     1.24875    -2.37842     -0.00075947    0.52520100   -0.00144605    0.12550236
  423    1    -8.12124     1.27742    -2.90258     -0.00104023    0.52520100   -0.00198064    0.13521083
  424    1    -8.15002     2.85638    -0.63993     -0.00052937    0.30195079   -0.00175317    0.13947747
  425   13    -8.26215     2.93620    -0.37363     -0.00057940    0.30195079   -0.00191884    0.13990721
  426   14    -7.36924     3.41510    -0.56507     -0.00100425    0.30195079   -0.00332586    0.14778984
  427   13    -8.96893     2.75674    -0.40054     -0.00050895    0.23434480   -0.00217181    0.13359947
  428   13    -9.92103     2.25051    -0.32482     -0.00097562    0.51708433   -0.00188677    0.12671775
  429   13   -10.75542     1.48853     0.33751     -0.00102923    0.51708433   -0.00199045    0.12165807
  430   13   -10.92055     0.81444     1.44829     -0.00109808    0.51708433   -0.00212361    0.12016226
  431   13   -10.35320     0.48629     2.58228     -0.00104440    0.51708433   -0.00201979    0.12065157
  432   13    -9.27057     0.62973     3.30535     -0.00098073    0.51708433   -0.00189665    0.12456939
  433   13    -8.08712     1.18982     3.34070     -0.00113027    0.51708433   -0.00218586    0.13294820
  434    1    -9.25471     2.40504    -0.76765     -0.00077046    0.51324400   -0.00150117    0.12892538
  435    1   -10.44193     1.62862    -0.40145     -0.00074111    0.51324400   -0.00144397    0.12068911
  436    1   -11.02979     0.78401     0.64138     -0.00078701    0.51324400   -0.00153340    0.11743633
  437    1   -10.79323     0.19456     1.96161     -0.00075825    0.51324400   -0.00147736    0.11674453
  438    1    -9.82281     0.08593     3.05382     -0.00065452    0.51324400   -0.00127526    0.11882562
  439    1    -8.49005     0.49970     3.49988     -0.00073926    0.51324400   -0.00144037    0.12571095
  440    1    -7.47272     1.08958     3.32731     -0.00047625    0.28405430   -0.00167662    0.13346626
  441   14    -6.78682     3.64305    -1.33526     -0.00272494    1.06835131   -0.00255060    0.15106619
  442    1    -7.95013     2.79551    -1.29045     -0.00100247    1.52262916   -0.00065838    0.13561780
  443   17    -6.51932    -5.48413    -0.90018     -0.00290804    1.03779155   -0.00280214    0.15181362
  444    1    -7.57325    -4.58543    -1.29249     -0.00096217    1.47923322   -0.00065045    0.13573084
  445    2    -3.07866    -0.62085     3.37937     -0.00021489    0.16789767   -0.00127991    0.14366452
  446    3    -2.87358    -0.23683     3.32669     -0.00022040    0.16789767   -0.00131271    0.14512687
  447    6    -2.84409    -0.99125     3.34753     -0.00023164    0.16789767   -0.00137966    0.14519058
  448    2    -3.29342    -0.81656    -3.37274     -0.00025809    0.16789767   -0.00153718    0.14656869
  449    3    -3.08612    -0.43051    -3.35549     -0.00018050    0.16789767   -0.00107507    0.14755174
  450    6    -3.05662    -1.18493    -3.33448     -0.00024902    0.16789767   -0.00148314    0.14797759
  451    2    -5.97379     0.54430    -3.33442     -0.00040057    0.22196498   -0.00180464    0.14030972
  452    3    -5.74395     0.91508    -3.29324     -0.00042006    0.22196498   -0.00189247    0.14012387
  453   12    -6.66718     0.37992    -3.39020     -0.00059512    0.22196498   -0.00268112    0.14116560
  454    3    -3.53602     0.15838    -3.56349     -0.00032091    0.70043239   -0.00045816    0.14170394
  455    3    -4.90491     0.93469    -3.53875     -0.00039328    0.70043239   -0.00056149    0.13764910
  456    2    -4.52798     0.00193    -3.47725     -0.00162918    1.43623586   -0.00113434    0.14173426
  457    3    -4.85084     1.23424     3.48687     -0.00050127    0.76799884   -0.00065270    0.13566599
  458    3    -3.35550     0.38943     3.52808     -0.00025662    0.76799884   -0.00033414    0.13885075
  459    2    -4.41227     0.26315     3.47531     -0.00197948    1.59188027   -0.00124349    0.13939258
  460    2    -5.86915    -2.37734    -3.24827     -0.00040424    0.22079345   -0.00183087    0.14104352
  461    6    -5.61079    -2.72715    -3.18671     -0.00042299    0.22079345   -0.00191576    0.14061272
  462   12    -6.57225    -2.26563    -3.31185     -0.00055568    0.22079345   -0.00251674    0.14127988
  463    6    -3.27574    -1.63990     3.58420     -0.00027455    0.76854498   -0.00035723    0.13920021
  464    6    -4.69961    -2.59624     3.59357     -0.00051098    0.76854498   -0.00066487    0.13632423
  465    2    -4.33869    -1.59606     3.52720     -0.00244773    1.59238115   -0.00153715    0.13984524
  466    6    -4.77138    -2.69801    -3.43462     -0.00046599    0.70496100   -0.00066102    0.13826147
  467    6    -3.46096    -1.81837    -3.50840     -0.00028082    0.70496100   -0.00039834    0.14199859
  468    2    -4.46541    -1.73417    -3.42689     -0.00170616    1.44592827   -0.00117997    0.14220029
  469   12    -7.07146    -0.10893    -3.71971     -0.00135135    0.57330695   -0.00235712    0.14101273
  470   12    -7.00220    -1.35208    -3.73045     -0.00317537    1.16488990   -0.00272590    0.14346328
  471    2    -5.98419    -0.48671    -3.59356     -0.00204658    1.58246588   -0.00129329    0.14064718
  472    2    -5.95784    -1.89709    -3.50783     -0.00078014    0.80971625   -0.00096348    0.13956638
  473    3    -2.21291    -0.01509     3.22624     -0.00054919    0.32900088   -0.00166926    0.15052992
  474    4    -1.77814    -0.00893     3.22681     -0.00073794    0.32900088   -0.00224298    0.15350061
  475    5    -1.74494    -0.74878     3.19110     -0.00091385    0.32900088   -0.00277766    0.15518458
  476    3    -2.49967    -0.21290    -3.33327     -0.00061936    0.32900088   -0.00188255    0.15274985
  477    4    -2.06662    -0.20793    -3.37211     -0.00081416    0.32900088   -0.00247465    0.15551242
  478    5    -2.02849    -0.94438    -3.29500     -0.00096539    0.32900088   -0.00293432    0.15739485
  479    3    -2.86461     5.11747    -0.97587     -0.00019755    0.03876691   -0.00509582    0.16342146
  480    4    -2.43431     5.08825    -0.98390     -0.00020023    0.03876691   -0.00516509    0.16553689
  481   14    -3.13351     5.20069    -0.89529     -0.00029653    0.03876691   -0.00764900    0.16385021
  482    3    -2.79374     5.15579     0.63976     -0.00022657    0.03876691   -0.00584430    0.16375872
  483    4    -2.36432     5.12609     0.61148     -0.00029926    0.03876691   -0.00771957    0.16549829
  484   14    -3.06883     5.23567     0.57917     -0.00021055    0.03876691   -0.00543117    0.16385399
  485    4    -2.01162     4.99078     1.11601     -0.00150780    0.64937117   -0.00232194    0.16340134
  486    4    -1.91606     3.77608     2.62200     -0.00205199    1.32513241   -0.00154851    0.15048929
  487    4    -1.82900     1.55059     3.40004     -0.00143594    1.32513241   -0.00108362    0.14601578
  488    3    -2.59282     4.55174     1.75232     -0.00293003    1.32513241   -0.00221112    0.15774657
  489    3    -2.48387     2.71605     3.23019     -0.00108403    1.32513241   -0.00081806    0.14191629
  490    3    -2.42804     0.79416     3.46652     -0.00042212    0.64937117   -0.00065004    0.14298202
  491    4    -2.11889     0.59937    -3.62981     -0.00063446    0.65426309   -0.00096973    0.14884017
  492    4    -2.15892     2.54504    -3.49783     -0.00135744    1.33592677   -0.00101610    0.14632399
  493    4    -2.14242     4.46840    -2.10542     -0.00328053    1.33592677   -0.00245562    0.16077404
  494    3    -2.75489     1.33309    -3.60426     -0.00096295    1.33592677   -0.00072081    0.14346854
  495    3    -2.77919     3.61296    -2.94093     -0.00172071    1.33592677   -0.00128803    0.14799750
  496    3    -2.74519     4.91176    -1.48607     -0.00144485    0.65426309   -0.00220836    0.16131882
  497    3    -2.43707    -0.40820     3.20737     -0.00069512    0.33515475   -0.00207402    0.15033308
  498    5    -1.96611    -1.13973     3.24804     -0.00070272    0.33515475   -0.00209671    0.15254563
  499    6    -2.39780    -1.15930     3.28468     -0.00053049    0.33515475   -0.00158281    0.14884263
  500    3    -2.71269    -0.59873    -3.27242     -0.00061660    0.33515475   -0.00183976    0.15202527
  501    5    -2.24506    -1.33257    -3.30993     -0.00065520    0.33515475   -0.00195493    0.15429834
  502    6    -2.67824    -1.35318    -3.30860     -0.00053374    0.33515475   -0.00159252    0.15076133
  503    5    -1.75071    -1.09285     3.37867     -0.00000162    0.01354862   -0.00011968    0.15119593
  504    3    -2.41863    -0.04748     3.37632      0.00001998    0.01354862    0.00147493    0.14636575
  505    6    -2.90112    -1.34288    -3.43438      0.00005390    0.03914783    0.00137687    0.14663028
  506    3    -2.93455    -0.26689    -3.46274      0.00000252    0.03914783    0.00006437    0.14672633
  507    6    -2.63005    -1.14177     3.43303      0.00003597    0.10564090    0.00034047    0.14470136
  508    3    -2.69513    -0.06690     3.40896     -0.00000873    0.10564090   -0.00008262    0.14428314
  509   12    -7.27788     0.68281    -3.47282     -0.00094716    0.75291147   -0.00125800    0.13781433
  510    3    -5.86685     1.40717    -3.37562     -0.00034497    1.09042028   -0.00031637    0.13613043
  511    3    -6.25183     3.30060     2.08937     -0.00069144    0.28608634   -0.00241689    0.14886023
  512   13    -7.11446     2.93309     2.07089     -0.00086504    0.28608634   -0.00302369    0.14483927
  513   14    -6.28965     3.52931     1.90505     -0.00083370    0.28608634   -0.00291414    0.15110978
  514   13    -7.41304     2.14662     2.78448     -0.00273360    1.26587271   -0.00215946    0.14103245
  515    3    -6.15362     2.76948     2.65247     -0.00186342    1.79786535   -0.00103646    0.14128491
  516   14    -3.58159     5.24980    -1.13846     -0.00088856    0.26908807   -0.00330212    0.16050268
  517   14    -4.41994     4.77421    -1.92127     -0.00207010    0.61625670   -0.00335915    0.15613013
  518   14    -5.71395     4.03880    -2.03641     -0.00214984    0.61625670   -0.00348855    0.15323922
  519    3    -3.57134     4.88201    -1.64305     -0.00191447    0.56920729   -0.00336339    0.16001241
  520    3    -4.88073     4.13858    -2.36035     -0.00157923    0.56920729   -0.00277444    0.15045842
  521    3    -6.05431     3.47124    -2.16058     -0.00082495    0.32616736   -0.00252923    0.14843212
  522   14    -5.73990     4.01910     2.02228     -0.00079398    0.24982466   -0.00317816    0.15166056
  523   14    -4.73279     4.59163     1.97997     -0.00184574    0.56148970   -0.00328722    0.15369420
  524   14    -3.72735     5.16411     1.19274     -0.00198666    0.56148970   -0.00353820    0.16045951
  525    3    -5.20482     3.94870     2.28689     -0.00151808    0.53751689   -0.00282425    0.14973108
  526    3    -3.88950     4.69685     1.88969     -0.00149608    0.53751689   -0.00278331    0.15418045
  527    3    -3.12224     5.13411     0.97088     -0.00096116    0.30281777   -0.00317404    0.16158805
  528    4    -0.80858    -0.35084    -3.51296     -0.00044172    0.16361544   -0.00269972    0.16091507
  529    5    -0.78091    -1.09070    -3.49172     -0.00054474    0.16361544   -0.00332939    0.16165203
  530    7    -0.57231    -0.71127    -3.49488     -0.00049278    0.16361544   -0.00301185    0.16276053
  531    4    -0.51177    -0.14640     3.26572     -0.00047019    0.16361544   -0.00287378    0.15862236
  532    5    -0.48411    -0.88627     3.28668     -0.00047647    0.16361544   -0.00291212    0.15940065
  533    7    -0.27703    -0.50789     3.24879     -0.00049325    0.16361544   -0.00301467    0.16048982
  534    5    -0.96500    -1.05926     3.40420     -0.00124384    0.83979928   -0.00148112    0.15485373
  535    4    -1.19560    -0.01173     3.36471     -0.00115413    0.83979928   -0.00137429    0.15384852
  536    5    -1.45907    -1.27551    -3.52976     -0.00120330    0.83937609   -0.00143357    0.15607641
  537    4    -1.30903    -0.21422    -3.58632     -0.00113016    0.83937609   -0.00134643    0.15653328
  538    4     0.52277     0.46963    -3.56099     -0.00064975    0.17668427   -0.00367746    0.16602078
  539    7     0.74960     0.10301    -3.54623     -0.00063067    0.17668427   -0.00356950    0.16825578
  540    8     1.22842     0.10710    -3.58148     -0.00058423    0.17668427   -0.00330663    0.16896617
  541    4     0.88657     0.97271     3.17510     -0.00117629    0.45919541   -0.00256163    0.16218544
  542    7     1.10850     0.60053     3.12365     -0.00136184    0.45919541   -0.00296572    0.16469284
  543   20     1.84912     1.27682     3.30079     -0.00125233    0.45919541   -0.00272722    0.16043615
  544    7     0.39438     0.03750     3.24256     -0.00121615    0.57804577   -0.00210390    0.16161173
  545    4    -0.12380     0.43611     3.33580     -0.00104032    0.60535312   -0.00171853    0.15781435
  546    7    -0.08082    -0.28030    -3.56731     -0.00123498    0.60807443   -0.00203097    0.16381601
  547    4    -0.20869     0.36574    -3.65624     -0.00113885    0.63679534   -0.00178840    0.16104029
  548    4     1.50920     2.03768    -3.22927     -0.00212362    0.60860009   -0.00348935    0.16765591
  549    8     2.22110     1.68281    -3.29885     -0.00184746    0.60860009   -0.00303558    0.16627468
  550   21     2.44294     2.37918    -3.22466     -0.00175171    0.60860009   -0.00287826    0.16374618
  551    8     1.70205     0.63364    -3.64539     -0.00294587    1.36179179   -0.00216323    0.16688600
  552    4     0.82821     1.40405    -3.56536     -0.00282489    1.36179179   -0.00207439    0.16397977
  553   14    -3.24892     5.31747    -0.00142     -0.00385518    1.03199193   -0.00373567    0.16684310
  554    4    -2.20703     5.20711    -0.33799     -0.00359351    1.45463208   -0.00247039    0.16855880
  555    4     0.61523     4.26440     2.12532     -0.00109445    0.29917104   -0.00365829    0.16515554
  556   15     0.75838     4.44055     1.93771     -0.00114143    0.29917104   -0.00381531    0.16724010
  557   20     1.60163     4.22760     2.36451     -0.00086337    0.29917104   -0.00288588    0.15627956
  558    4     0.73938     4.06370    -2.59959     -0.00109060    0.24470922   -0.00445670    0.17050293
  559   15     0.87386     4.27092    -2.44169     -0.00121870    0.24470922   -0.00498018    0.17221131
  560   21     1.71596     4.22104    -2.57998     -0.00107269    0.24470922   -0.00438355    0.16580824
  561   15     0.27002     4.49202    -2.41417     -0.00106154    0.23265667   -0.00456271    0.17062095
  562   15    -0.53719     5.00279    -1.88560     -0.00203413    0.51630323   -0.00393980    0.17155803
  563   15    -1.09310     5.39198    -0.75134     -0.00194776    0.51630323   -0.00377251    0.17434079
  564   15    -0.94851     5.36894     0.56228     -0.00229843    0.51630323   -0.00445171    0.17339538
  565   15    -0.16076     4.94281     1.53435     -0.00220537    0.51630323   -0.00427146    0.17050676
  566    4    -0.30850     4.46171    -2.45279     -0.00182968    0.50644485   -0.00361279    0.16811581
  567    4    -1.24640     5.07227    -1.48690     -0.00193333    0.50644485   -0.00381745    0.17083975
  568    4    -1.48874     5.28800    -0.04465     -0.00228078    0.50644485   -0.00450352    0.17398787
  569    4    -0.93942     5.02336     1.30205     -0.00188969    0.50644485   -0.00373128    0.16889813
  570    4    -0.09409     4.54982     2.01058     -0.00107826    0.28200808   -0.00382351    0.16431013
  571   20     1.95393     4.10462     2.96179     -0.00131134    0.77741857   -0.00168679    0.15057664
  572   20     1.92794     3.04084     3.55276     -0.00346282    1.56309675   -0.00221536    0.15311086
  573   20     2.12643     1.85000     3.70781     -0.00135836    0.77741857   -0.00174727    0.15405013
  574    4     0.47348     3.61329     2.88381     -0.00295779    2.20691802   -0.00134024    0.15427782
  575    4     0.59765     1.99033     3.42082     -0.00282512    2.20691802   -0.00128012    0.15393734
  576   21     2.46672     3.07891    -3.33169     -0.00174852    0.85426728   -0.00204681    0.15903563
  577   21     2.20105     4.03357    -2.99955     -0.00183824    0.85426728   -0.00215183    0.15922873
  578    4     0.93751     3.17096    -3.17514     -0.00495507    2.40881949   -0.00205705    0.16304475
  579    5    -1.96906    -6.50105    -0.61212     -0.00030238    0.03629195   -0.00833175    0.16646978
  580    6    -2.39424    -6.56496    -0.60145     -0.00023142    0.03629195   -0.00637650    0.16464802
  581   17    -2.65780    -6.66354    -0.52015     -0.00018034    0.03629195   -0.00496919    0.16412886
  582    5    -1.90573    -6.44735     0.88938     -0.00018865    0.03629195   -0.00519806    0.16652554
  583    6    -2.33010    -6.51057     0.91909     -0.00024485    0.03629195   -0.00674681    0.16521852
  584   17    -2.59927    -6.61390     0.86749     -0.00023829    0.03629195   -0.00656580    0.16406059
  585    6    -2.63073    -2.18417    -3.52515     -0.00030722    0.65784622   -0.00046700    0.14479441
  586    6    -2.51064    -4.13021    -3.27582     -0.00112168    1.34435533   -0.00083436    0.14346321
  587    6    -2.34043    -5.96594    -1.75206     -0.00303206    1.34435533   -0.00225540    0.15893942
  588    5    -1.97104    -2.90177    -3.50986     -0.00141162    1.34435533   -0.00105003    0.14795706
  589    5    -1.80950    -5.14732    -2.70232     -0.00207032    1.34435533   -0.00154001    0.15187027
  590    5    -1.67367    -6.34965    -1.15325     -0.00163019    0.65784622   -0.00247808    0.16454102
  591    6    -2.18201    -6.29525     1.41567     -0.00142606    0.65301815   -0.00218379    0.16233320
  592    6    -2.19016    -4.99897     2.87562     -0.00176532    1.33366230   -0.00132366    0.14867299
  593    6    -2.28828    -2.72061     3.54494     -0.00088851    1.33366230   -0.00066622    0.14249135
  594    5    -1.56572    -5.80383     1.98228     -0.00342734    1.33366230   -0.00256987    0.16200244
  595    5    -1.61158    -3.88293     3.38107     -0.00130714    1.33366230   -0.00098012    0.14621124
  596    5    -1.71457    -1.93802     3.51738     -0.00058743    0.65301815   -0.00089957    0.14741530
  597    5     0.92918    -1.63650     3.20432     -0.00063727    0.18529044   -0.00343932    0.16610239
  598    7     1.12618    -1.25240     3.16809     -0.00064286    0.18529044   -0.00346949    0.16715806
  599    8     1.60622    -1.25762     3.15391     -0.00069333    0.18529044   -0.00374186    0.16862036
  600    5     0.54478    -1.78188    -3.53557     -0.00093177    0.31409680   -0.00296651    0.16771038
  601    7     0.74323    -1.39498    -3.54097     -0.00097911    0.31409680   -0.00311721    0.16921842
  602   18     1.45986    -1.50573    -3.69402     -0.00130960    0.31409680   -0.00416940    0.17119418
  603    7     0.05584    -1.16307    -3.56182     -0.00096457    0.50404069   -0.00191367    0.16460272
  604    5    -0.41365    -1.61460    -3.60599     -0.00083100    0.52787033   -0.00157426    0.16065354
  605    7     0.25935    -0.90596     3.27248     -0.00115840    0.62561312   -0.00185163    0.16188055
  606    5     0.19262    -1.56453     3.36887     -0.00111091    0.65517066   -0.00169560    0.16032255
  607    5     1.51477    -2.20798     3.11968     -0.00102845    0.23110343   -0.00445019    0.16946984
  608    8     2.19482    -1.83332     3.14436     -0.00086596    0.23110343   -0.00374708    0.17127146
  609   19     2.39218    -2.05758     3.15457     -0.00081925    0.23110343   -0.00354496    0.17202046
  610    8     1.93199    -1.45872     3.27038     -0.00089527    0.49137858   -0.00182196    0.16664625
  611    5     1.01844    -2.09240     3.33028     -0.00082105    0.49137858   -0.00167091    0.16313714
  612    5     1.80616    -4.40594    -2.35401     -0.00113614    0.28124675   -0.00403967    0.17603498
  613   16     1.87940    -4.61069    -2.15461     -0.00118548    0.28124675   -0.00421509    0.17814497
  614   18     2.56986    -3.85233    -2.56498     -0.00126544    0.28124675   -0.00449940    0.17233976
  615    5     1.79119    -4.51682     2.22420     -0.00123173    0.27204503   -0.00452768    0.17690208
  616   16     1.87652    -4.72982     2.03825     -0.00125337    0.27204503   -0.00460720    0.17871022
  617   19     2.60204    -4.14883     2.21619     -0.00121751    0.27204503   -0.00447541    0.17566327
  618   16     1.36835    -5.22950     2.10246     -0.00111680    0.25006983   -0.00446593    0.17519829
  619   16     0.44109    -5.90588     1.91523     -0.00250437    0.56280686   -0.00444978    0.17310414
  620   16    -0.40555    -6.52756     0.98432     -0.00212860    0.56280686   -0.00378211    0.17494145
  621   16    -0.58391    -6.66494    -0.40103     -0.00270302    0.56280686   -0.00480275    0.17564608
  622   16    -0.01361    -6.25612    -1.61655     -0.00231056    0.56280686   -0.00410541    0.17248025
  623   16     1.04836    -5.48532    -2.11452     -0.00239722    0.56280686   -0.00425940    0.17533370
  624    5     0.80391    -5.23839     2.30979     -0.00191169    0.53730370   -0.00355794    0.17174554
  625    5    -0.37100    -6.09730     1.72361     -0.00206846    0.53730370   -0.00384970    0.17037194
  626    5    -0.97921    -6.54771     0.34921     -0.00218904    0.53730370   -0.00407411    0.17539161
  627    5    -0.74664    -6.38664    -1.19408     -0.00216732    0.53730370   -0.00403369    0.17168443
  628    5     0.22190    -5.68669    -2.21081     -0.00202540    0.53730370   -0.00376956    0.16918699
  629    5     1.24354    -4.94363    -2.40691     -0.00113286    0.30311494   -0.00373739    0.17277069
  630   17    -2.78158    -6.75065     0.04052     -0.00355152    0.96980585   -0.00366209    0.16702644
  631    5    -1.72610    -6.55681     0.26542     -0.00335742    1.36748010   -0.00245519    0.16905326
  632   18     2.82709    -3.47822    -3.20364     -0.00236820    0.88538686   -0.00267476    0.16793313
  633   18     2.16013    -2.37314    -3.80198     -0.00599477    1.78901427   -0.00335088    0.17153322
  634    5     1.32758    -3.71477    -3.15854     -0.00514548    2.48496375   -0.00207065    0.16707461
  635    5     0.59898    -2.37261    -3.71539     -0.00181082    1.26304041   -0.00143370    0.16204930
  636   19     2.60801    -2.56485     3.18198     -0.00287337    0.93665587   -0.00306769    0.17070826
  637   19     2.92064    -3.67281     2.70387     -0.00308947    0.93665587   -0.00329840    0.17264041
  638    5     1.51295    -3.46385     2.92419     -0.00641112    2.59073288   -0.00247464    0.16948401
  639    6    -5.93570    -4.84351     2.31397     -0.00079460    0.28588802   -0.00277940    0.14964716
  640   11    -6.82334    -4.54841     2.27336     -0.00081957    0.28588802   -0.00286676    0.14556764
  641   17    -5.95555    -5.08458     2.14288     -0.00085382    0.28588802   -0.00298657    0.15181669
  642   11    -7.23473    -3.99692     2.79587     -0.00285031    1.24362196   -0.00229194    0.14235423
  643    6    -5.83922    -4.06084     2.97378     -0.00175694    1.76606811   -0.00099483    0.14065493
  644   12    -7.07493    -2.47641    -3.45019     -0.00084746    0.67557050   -0.00125444    0.13816558
  645    6    -5.73946    -3.30765    -3.20942     -0.00040719    0.97886926   -0.00041598    0.13664650
  646   17    -3.00351    -6.70106     1.13794     -0.00099450    0.25281536   -0.00393369    0.16197315
  647   17    -3.71904    -6.31674     1.98247     -0.00181126    0.56971120   -0.00317926    0.15721066
  648   17    -4.95426    -5.71584     2.31641     -0.00171418    0.56971120   -0.00300885    0.15377353
  649    6    -2.93705    -6.34509     1.62218     -0.00173048    0.54264176   -0.00318900    0.16080484
  650    6    -4.11125    -5.74315     2.49166     -0.00156537    0.54264176   -0.00288471    0.15139587
  651    6    -5.27507    -5.19244     2.52848     -0.00089501    0.30644286   -0.00292066    0.14909705
  652   17    -5.75612    -5.55915    -1.66060     -0.00079111    0.27240502   -0.00290418    0.15202594
  653   17    -4.63351    -6.09733    -1.82131     -0.00212379    0.62582291   -0.00339359    0.15412045
  654   17    -3.41079    -6.63477    -1.12097     -0.00222299    0.62582291   -0.00355211    0.16123285
  655    6    -5.24731    -5.45842    -2.01565     -0.00182716    0.57464479   -0.00317963    0.15107458
  656    6    -3.72893    -6.16378    -1.82785     -0.00165173    0.57464479   -0.00287435    0.15461840
  657    6    -2.76360    -6.56886    -0.92928     -0.00105356    0.33018790   -0.00319080    0.16231872
  658    7     1.19448    -0.50578    -3.63579     -0.00033716    0.08154567   -0.00413461    0.16963753
  659    8     1.65813    -0.50037    -3.75764     -0.00036824    0.08154567   -0.00451575    0.17052806
  660   18     1.87829    -0.66420    -3.87200     -0.00039958    0.08154567   -0.00490004    0.17033494
  661    7     1.58305     0.28503     3.13384     -0.00104034    0.33079845   -0.00314493    0.16537050
  662    8     2.05883     0.29461     3.20922     -0.00100200    0.33079845   -0.00302904    0.16405613
  663   20     2.31096     0.95766     3.36733     -0.00090322    0.33079845   -0.00273042    0.16003369
  664    8     1.53458    -0.27172    -3.74077     -0.00053082    0.21209870   -0.00250270    0.16873275
  665    7     0.85624    -0.20682    -3.61598     -0.00045349    0.20237676   -0.00224083    0.16756041
  666    8     1.91406    -0.44567     3.25201     -0.00140944    0.62253692   -0.00226402    0.16508292
  667    7     1.22645    -0.65782     3.21051     -0.00133816    0.59403268   -0.00225266    0.16545476
  668   18     1.90143    -1.12957    -3.98191     -0.00147839    0.51492945   -0.00287106    0.16901049
  669    7     0.90196    -0.79625    -3.69454     -0.00095361    0.66375354   -0.00143669    0.16669187
  670   20     2.33066     1.33456     3.65366     -0.00014606    0.15944735   -0.00091604    0.15480018
  671    7     1.28618     0.33572     3.31502      0.00010366    0.21102049    0.00049123    0.16053732
  672    8     3.83787     0.90859    -3.74176     -0.00022744    0.08688509   -0.00261772    0.15648506
  673    9     4.04927     1.31521    -3.61709     -0.00021878    0.08688509   -0.00251800    0.15233102
  674   18     3.90064     0.64234    -3.85838     -0.00026934    0.08688509   -0.00309995    0.15816415
  675    8     4.12988    -0.64894     3.36282     -0.00024062    0.08864160   -0.00271457    0.15524632
  676    9     4.33792    -0.22394     3.40379     -0.00021567    0.08864160   -0.00243306    0.15037878
  677   19     4.20179    -0.93673     3.35151     -0.00036418    0.08864160   -0.00410848    0.15779511
  678    8     3.53995     0.12526     3.49254     -0.00019206    0.09122950   -0.00210523    0.15344521
  679    9     3.74974     0.53289     3.61679     -0.00019985    0.09122950   -0.00219065    0.15036038
  680   20     3.67372     0.80064     3.72384     -0.00025201    0.09122950   -0.00276239    0.15000774
  681    8     3.57529     1.51180    -3.56883     -0.00024619    0.08881800   -0.00277188    0.15540514
  682    9     3.78538     1.93582    -3.52830     -0.00018559    0.08881800   -0.00208959    0.15214062
  683   21     3.71607     2.22565    -3.52744     -0.00019531    0.08881800   -0.00219901    0.15232788
  684    9     3.99483     1.71114    -3.60311     -0.00022564    0.19343935   -0.00116644    0.15024786
  685    8     3.62990     1.14330    -3.71466     -0.00029693    0.19343935   -0.00153498    0.15568650
  686    9     4.03079     0.26528     3.58521     -0.00037050    0.39936328   -0.00092772    0.14836044
  687    8     3.85285    -0.39321     3.45128     -0.00068034    0.39936328   -0.00170357    0.15425939
  688    8     6.30092    -2.78005     0.21585     -0.00055478    0.22412749   -0.00247531    0.14616209
  689   10     6.95568    -2.34123     0.29056     -0.00035285    0.22412749   -0.00157431    0.13469360
  690   19     6.20431    -2.88229     0.47925     -0.00066456    0.22412749   -0.00296510    0.14935271
  691    8     6.67980    -1.99577    -1.76678     -0.00033525    0.21446472   -0.00156318    0.13774937
  692   10     7.41105    -1.69541    -1.72682     -0.00013295    0.21446472   -0.00061991    0.12735744
  693   22     7.52122    -1.56928    -1.97406     -0.00023603    0.21446472   -0.00110053    0.12707699
  694   10     7.40603    -2.11967    -0.54466     -0.00033589    1.78804003   -0.00018785    0.12563588
  695    8     6.40665    -2.56022    -1.02122     -0.00223392    1.78804003   -0.00124937    0.14137899
  696    8     3.30168    -4.01275    -1.97148     -0.00062128    0.20031464   -0.00310153    0.16914597
  697   16     2.62033    -4.51507    -1.72148     -0.00108539    0.20031464   -0.00541842    0.17639268
  698   18     3.36528    -3.87671    -2.22899     -0.00067590    0.20031464   -0.00337418    0.16916583
  699    8     3.83644    -4.36536    -0.14799     -0.00080982    0.27393323   -0.00295627    0.17049440
  700   16     3.10999    -4.86478    -0.07800     -0.00142858    0.27393323   -0.00521507    0.17808881
  701   19     3.89462    -4.38508     0.14544     -0.00089371    0.27393323   -0.00326251    0.17092943
  702   16     2.54275    -5.13939    -1.05842     -0.00590890    1.34281947   -0.00440036    0.18195821
  703    8     3.64255    -4.37752    -0.97400     -0.00320958    1.89645577   -0.00169241    0.16734056
  704    8     6.24496    -2.18199    -2.07341     -0.00062267    0.30060437   -0.00207141    0.14541438
  705   18     6.12597    -2.17505    -2.34943     -0.00076735    0.30060437   -0.00255268    0.14762780
  706   22     7.01879    -1.62278    -2.21440     -0.00043898    0.30060437   -0.00146031    0.13347055
  707   18     5.62562    -2.79036    -2.41724     -0.00089947    0.28780315   -0.00312529    0.15279863
  708   18     4.53198    -3.49988    -2.42761     -0.00198789    0.66651161   -0.00298253    0.16186255
  709    8     5.29093    -3.15505    -2.00108     -0.00172945    0.60358031   -0.00286532    0.15556643
  710    8     4.02506    -3.82230    -2.07066     -0.00082897    0.34885231   -0.00237627    0.16290707
  711   18     2.32647    -0.52357    -4.09591     -0.00076140    0.23590524   -0.00322759    0.16781770
  712   18     3.20888     0.10641    -4.10903     -0.00152585    0.52052315   -0.00293137    0.16417543
  713    8     2.41955     0.02442    -3.91311     -0.00167553    0.51672623   -0.00324259    0.16822793
  714    8     3.43780     0.64406    -3.88814     -0.00073676    0.28594575   -0.00257657    0.16034125
  715   19     3.86526    -1.37297     3.43357     -0.00082390    0.27061057   -0.00304460    0.16127464
  716   19     3.01777    -1.82454     3.35816     -0.00079577    0.27061057   -0.00294066    0.16754693
  717    8     3.25895    -1.24725     3.34276     -0.00190384    0.57540737   -0.00330869    0.16579699
  718   19     4.66973    -4.13092     0.22132     -0.00102881    0.34693320   -0.00296545    0.16349661
  719   19     5.68247    -3.47857     0.42759     -0.00111468    0.34693320   -0.00321295    0.15544315
  720    8     5.16639    -3.67536    -0.03708     -0.00232501    0.69196552   -0.00336001    0.16083789
  721   20     3.01323     1.14416     3.73892     -0.00177062    0.80153385   -0.00220904    0.15408442
  722    8     2.94476     0.07261     3.48302     -0.00150554    1.13030329   -0.00133197    0.15678993
  723   21     3.36313     2.47604    -3.51367     -0.00131370    0.62765874   -0.00209302    0.15473985
  724    8     2.92180     1.47235    -3.59668     -0.00116921    0.88559204   -0.00132026    0.15889031
  725   22     7.63156    -1.58166    -2.18643     -0.00002123    0.10141482   -0.00020934    0.12520431
  726    8     6.43337    -2.32507    -1.96008      0.00006988    0.14476296    0.00048273    0.13992104
  727    9     5.82548     4.44711     2.70942     -0.00004973    0.09225135   -0.00053909    0.12016984
  728   10     6.29546     4.36263     2.67382     -0.00002878    0.09225135   -0.00031193    0.11586651
  729   20     5.60192     4.39181     2.89888     -0.00012442    0.09225135   -0.00134871    0.12295069
  730    9     5.51738     1.47374     3.80772     -0.00012660    0.09225135   -0.00137233    0.13036630
  731   10     5.99145     1.42872     3.75755     -0.00002202    0.09225135   -0.00023865    0.12454168
  732   20     5.32064     1.67725     3.90158     -0.00014421    0.09225135   -0.00156327    0.13221388
  733    9     5.55215     2.83190    -3.34458     -0.00010881    0.09534348   -0.00114121    0.13161147
  734   10     6.02593     2.77103    -3.31082     -0.00006032    0.09534348   -0.00063267    0.12588903
  735   21     5.36230     3.06136    -3.35682     -0.00014947    0.09534348   -0.00156766    0.13335494
  736    9     5.85172     5.23383    -1.13121      0.00000472    0.09534348    0.00004955    0.12125697
  737   10     6.32158     5.14150    -1.12644     -0.00005195    0.09534348   -0.00054484    0.11743500
  738   21     5.63585     5.25468    -1.33569     -0.00012714    0.09534348   -0.00133349    0.12493125
  739    9     5.91606     2.10408    -3.43300     -0.00007562    0.08356918   -0.00090483    0.13017906
  740   10     6.38987     2.05849    -3.48446     -0.00010106    0.08356918   -0.00120926    0.12649669
  741   22     6.60102     1.87037    -3.57547     -0.00013569    0.08356918   -0.00162366    0.12639917
  742    9     5.88109     0.73396     3.61702     -0.00008237    0.08350256   -0.00098643    0.12967236
  743   10     6.35446     0.67153     3.65219     -0.00008656    0.08350256   -0.00103658    0.12619093
  744   23     6.56516     0.46275     3.66817     -0.00010346    0.08350256   -0.00123904    0.12625459
  745    9     6.30245     5.27081    -0.72589     -0.00004229    0.08944355   -0.00047277    0.11726402
  746   10     6.78068     5.25974    -0.74685     -0.00003221    0.08944355   -0.00036011    0.11408989
  747   24     7.01586     5.34928    -0.59072     -0.00006192    0.08944355   -0.00069225    0.11353589
  748    9     6.28815     4.69151     2.28561     -0.00004079    0.08944355   -0.00045606    0.11603053
  749   10     6.76619     4.67261     2.30535     -0.00008025    0.08944355   -0.00089726    0.11368856
  750   24     7.00263     4.81327     2.19574     -0.00011380    0.08944355   -0.00127231    0.11315005
  751   10     6.30150     2.35715    -3.45690      0.00002710    0.29384911    0.00009223    0.12424784
  752    9     5.63077     2.53247    -3.42741     -0.00013692    0.29384911   -0.00046595    0.13088103
  753   10     6.65676     5.22641    -0.97165      0.00005075    0.13523516    0.00037528    0.11380167
  754    9     5.97700     5.31532    -0.91537     -0.00005464    0.13523516   -0.00040402    0.11968679
  755   10     6.64069     4.56362     2.49166      0.00003839    0.18825444    0.00020394    0.11293938
  756    9     5.95484     4.59623     2.55329     -0.00005675    0.18825444   -0.00030147    0.11829565
  757   10     6.27937     1.07940     3.76105     -0.00001885    0.31359203   -0.00006010    0.12310075
  758    9     5.58524     1.04732     3.75056     -0.00003959    0.31359203   -0.00012625    0.12974601
  759    9     2.52102     4.93312     1.51324     -0.00029867    0.25379660   -0.00117682    0.14821522
  760   15     1.70503     4.91965     1.28437     -0.00094456    0.25379660   -0.00372173    0.16123734
  761   20     2.52263     4.83982     1.79892     -0.00042081    0.25379660   -0.00165808    0.14875087
  762    9     2.75407     5.35251    -0.07794     -0.00036189    0.25826471   -0.00140125    0.15023991
  763   15     1.91150     5.32339    -0.17116     -0.00115950    0.25826471   -0.00448959    0.16429340
  764   21     2.73983     5.38637    -0.37642     -0.00066950    0.25826471   -0.00259231    0.15260698
  765   15     1.34991     5.28306     0.65461     -0.00444351    1.05479425   -0.00421268    0.16972334
  766    9     2.62822     5.32510     0.63591     -0.00116736    1.48727285   -0.00078490    0.14693233
  767    9     5.37216     1.14940    -3.48443     -0.00076910    0.57382276   -0.00134031    0.14194330
  768   18     5.14417     0.47411    -3.66308     -0.00143752    0.57382276   -0.00250517    0.14908740
  769   22     6.08529     0.95520    -3.55261     -0.00074180    0.57382276   -0.00129274    0.13599149
  770   18     4.23555     0.41282    -3.95926     -0.00175501    0.60081904   -0.00292103    0.15678466
  771    9     4.67735     1.37280    -3.65240     -0.00073181    0.84773658   -0.00086325    0.14538437
  772    9     5.34518    -0.22174     3.26867     -0.00075954    0.57101846   -0.00133014    0.14241860
  773   19     5.15668    -0.92094     3.15948     -0.00139230    0.57101846   -0.00243827    0.15023986
  774   23     6.05918    -0.42501     3.27334     -0.00084928    0.57101846   -0.00148730    0.13715715
  775   19     4.53974    -1.17409     3.34104     -0.00100855    0.37784308   -0.00266922    0.15615039
  776    9     4.68355    -0.10556     3.50201     -0.00038012    0.53352379   -0.00071246    0.14492678
  777   20     5.12722     4.63398     2.92866     -0.00036964    0.24551108   -0.00150561    0.12698250
  778   20     4.18979     5.04006     2.46245     -0.00097916    0.54560010   -0.00179465    0.13334285
  779   20     3.11841     5.01419     2.12699     -0.00038610    0.24551108   -0.00157262    0.14100431
  780    9     5.01567     4.90391     2.40890     -0.00078111    0.53420775   -0.00146218    0.12707315
  781    9     3.62618     5.16691     1.85438     -0.00072864    0.53420775   -0.00136396    0.13598805
  782   20     3.99786     1.16786     3.96033     -0.00050413    0.25754532   -0.00195744    0.14534942
  783   20     4.80106     1.59565     4.04730     -0.00035004    0.25754532   -0.00135914    0.13694159
  784    9     4.58242     1.07756     3.81041     -0.00099272    0.55489331   -0.00178903    0.14206562
  785   21     3.42025     5.60614    -0.49939     -0.00044778    0.29620676   -0.00151172    0.14277533
  786   21     4.66111     5.58761    -0.99372     -0.00149105    0.69114839   -0.00215736    0.13455783
  787    9     4.03634     5.58831    -0.27221     -0.00104271    0.61744681   -0.00168874    0.13645159
  788    9     5.35429     5.45742    -0.90504     -0.00033465    0.35903850   -0.00093208    0.12574541
  789   21     4.84533     3.05028    -3.52406     -0.00047408    0.25382285   -0.00186775    0.13915887
  790   21     4.04264     2.64747    -3.60640     -0.00042550    0.25382285   -0.00167636    0.14754516
  791    9     4.61762     2.48942    -3.49935     -0.00101265    0.54840169   -0.00184655    0.14388920
  792   22     6.61384     1.43335    -3.70262     -0.00046908    0.44402487   -0.00105642    0.12851821
  793    9     5.60855     1.87020    -3.55602     -0.00014309    0.62654033   -0.00022838    0.13333086
  794   23     6.61097     0.10785     3.65375     -0.00053701    0.48186005   -0.00111446    0.12794906
  795    9     5.52938     0.33438     3.58894     -0.00021653    0.67986383   -0.00031850    0.13429611
  796   24     7.10100     5.51591    -0.15814     -0.00076190    0.70876336   -0.00107497    0.11410726
  797   24     7.06478     5.30753     1.30955     -0.00257908    1.45239074   -0.00177575    0.11709554
  798    9     5.99450     5.42546     0.33247     -0.00073712    1.94024542   -0.00037991    0.11836024
  799    9     6.01378     5.04192     1.97076      0.00002501    0.99964738    0.00002502    0.11639495
  800   10     7.42311    -2.16730     0.72055     -0.00024839    0.29365726   -0.00084585    0.12867433
  801   19     6.58919    -2.57478     0.89432     -0.00067993    0.29365726   -0.00231540    0.14247335
  802   23     7.52610    -2.15622     1.00241     -0.00033726    0.29365726   -0.00114850    0.12861713
  803   19     6.20942    -3.03551     0.70069     -0.00039600    0.21149475   -0.00187241    0.14829021
  804   10     7.40716    -2.34959     0.47817      0.00018438    0.30114932    0.00061224    0.12654005
  805   20     5.31965     2.14788     4.00980     -0.00105644    0.72801970   -0.00145111    0.13103427
  806   20     5.50953     3.58526     3.55390     -0.00319268    1.49456495   -0.00213619    0.12958991
  807   10     6.45436     2.47052     3.70121     -0.00046290    1.99035575   -0.00023257    0.11674052
  808   10     6.58122     4.06015     3.04463      0.00016974    1.02676269    0.00016531    0.11245229
  809   21     5.56923     5.13943    -1.81451     -0.00105951    0.74883631   -0.00141488    0.12726309
  810   21     5.47343     4.04187    -2.92718     -0.00339038    1.54143827   -0.00219949    0.13413612
  811   10     6.59963     4.54857    -2.10446     -0.00052492    2.04375015   -0.00025684    0.11556892
  812   10     6.39408     3.20526    -3.24867      0.00014109    1.05625764    0.00013358    0.11922753
  813   22     7.09815     1.96352    -3.72143     -0.00021981    0.24123952   -0.00091118    0.12136797
  814   22     8.07264     2.46592    -3.56033     -0.00067726    0.53488692   -0.00126617    0.11174880
  815   22     9.33004     2.42856    -3.09519     -0.00052619    0.53488692   -0.00098374    0.10186829
  816   22    10.22142     1.63836    -2.47888     -0.00056489    0.53488692   -0.00105609    0.09828881
  817   22    10.38822     0.41319    -1.95931     -0.00064842    0.53488692   -0.00121226    0.09969393
  818   22     9.76333    -0.75411    -1.74549     -0.00055139    0.53488692   -0.00103085    0.10476296
  819   22     8.59813    -1.39400    -1.92341     -0.00065602    0.53488692   -0.00122647    0.11620478
  820   10     7.24579     2.48780    -3.49154     -0.00053310    0.52596766   -0.00101357    0.11713226
  821   10     8.64616     2.89649    -3.14249     -0.00021123    0.52596766   -0.00040161    0.10277192
  822   10     9.91313     2.40854    -2.50484     -0.00012897    0.52596766   -0.00024520    0.09548618
  823   10    10.53705     1.22024    -1.83510     -0.00029190    0.52596766   -0.00055498    0.09453728
  824   10    10.26695    -0.19042    -1.40267     -0.00028278    0.52596766   -0.00053763    0.09789183
  825   10     9.21147    -1.25598    -1.38151     -0.00018408    0.52596766   -0.00034998    0.10666972
  826   10     8.08308    -1.63243    -1.64508     -0.00012104    0.29241153   -0.00041393    0.11869315
  827   23     8.25174    -2.06992     0.97032     -0.00023962    0.23915509   -0.00100195    0.11976726
  828   23     9.26634    -1.65228     0.90287     -0.00057153    0.52933988   -0.00107970    0.10958038
  829   23    10.17648    -0.76937     1.30731     -0.00057154    0.52933988   -0.00107972    0.10170540
  830   23    10.38196     0.24497     2.14417     -0.00062625    0.52933988   -0.00118307    0.09861726
  831   23     9.80149     0.98945     3.08239     -0.00051932    0.52933988   -0.00098107    0.09947580
  832   23     8.66470     1.16955     3.75078     -0.00058319    0.52933988   -0.00110173    0.10617527
  833   23     7.42135     0.71400     3.88491     -0.00074992    0.52933988   -0.00141671    0.11832419
  834   10     8.57937    -1.89305     0.51419     -0.00030870    0.52228182   -0.00059107    0.11381927
  835   10     9.85473    -1.13599     0.64169     -0.00019549    0.52228182   -0.00037430    0.10120887
  836   10    10.51197    -0.01830     1.37296     -0.00031009    0.52228182   -0.00059372    0.09564480
  837   10    10.29105     1.01785     2.41869     -0.00020150    0.52228182   -0.00038580    0.09419200
  838   10     9.27939     1.56253     3.36516     -0.00018260    0.52228182   -0.00034961    0.09817774
  839   10     7.87721     1.40026     3.83794     -0.00032511    0.52228182   -0.00062249    0.10924070
  840   10     6.81058     0.83366     3.79218     -0.00012384    0.28988496   -0.00042719    0.12065633
  841   24     7.50288     4.80921     2.37349     -0.00029499    0.24239662   -0.00121697    0.11038773
  842   24     8.40837     4.27583     2.75084     -0.00057401    0.53874069   -0.00106547    0.10463490
  843   24     9.61133     3.71284     2.50451     -0.00053116    0.53874069   -0.00098594    0.09769408
  844   24    10.49501     3.45668     1.51544     -0.00058816    0.53874069   -0.00109173    0.09473174
  845   24    10.69729     3.61231     0.18893     -0.00068336    0.53874069   -0.00126844    0.09438232
  846   24    10.13529     4.11597    -0.93145     -0.00057554    0.53874069   -0.00106830    0.09592415
  847   24     9.03929     4.76126    -1.38659     -0.00062138    0.53874069   -0.00115340    0.10125078
  848   24     7.85841     5.28376    -0.98999     -0.00075781    0.53874069   -0.00140663    0.10957943
  849   10     7.57717     4.32959     2.71324     -0.00047436    0.52723179   -0.00089973    0.10860249
  850   10     8.89465     3.62011     2.92041     -0.00031126    0.52723179   -0.00059037    0.09865496
  851   10    10.12619     3.13664     2.19127     -0.00024991    0.52723179   -0.00047400    0.09288525
  852   10    10.76713     3.07731     0.82461     -0.00035476    0.52723179   -0.00067288    0.09127080
  853   10    10.55482     3.46642    -0.61954     -0.00027249    0.52723179   -0.00051683    0.09173468
  854   10     9.57626     4.14453    -1.54941     -0.00026795    0.52723179   -0.00050823    0.09532614
  855   10     8.23245     4.83377    -1.58396     -0.00035786    0.52723179   -0.00067876    0.10396962
  856   10     7.22679     5.23134    -1.00283     -0.00019147    0.29381408   -0.00065166    0.11143558
  857   17    -6.16350    -5.46641     1.99778     -0.00148371    0.87148118   -0.00170252    0.14826384
  858   17    -6.58647    -5.83291     0.99349     -0.00417997    1.74224468   -0.00239919    0.15091826
  859   17    -6.79612    -5.76187    -0.13471     -0.00141244    0.87148118   -0.00162073    0.14846842
  860   11    -7.60226    -4.93557     1.90698     -0.00310868    1.74224468   -0.00178430    0.14217993
  861   11    -7.99692    -5.11989     0.57663     -0.00283496    1.74224468   -0.00162719    0.14034691
  862   14    -7.18050     4.01580    -0.37511     -0.00169190    0.86304548   -0.00196039    0.14789558
  863   14    -6.97333     4.15795     0.73394     -0.00403950    1.72530222   -0.00234133    0.15026653
  864   14    -6.52531     3.88375     1.74251     -0.00123323    0.86304548   -0.00142893    0.14757057
  865   13    -8.32829     3.31667     0.37429     -0.00273370    1.72530222   -0.00158448    0.13990420
  866   13    -7.91951     3.23428     1.69550     -0.00314151    1.72530222   -0.00182085    0.14167486
  867   20     2.28712     4.74855     2.26039     -0.00113109    1.09234711   -0.00103547    0.14812443
  868   15     1.01378     4.84976     1.69260     -0.00245129    1.09234711   -0.00224406    0.16354819
  869   21     2.18077     4.72010    -2.55103     -0.00186977    0.91851269   -0.00203565    0.15831914
  870   21     2.48967     5.37234    -1.35530     -0.00461757    1.84185639   -0.00250702    0.15776960
  871   15     1.11317     5.01264    -1.80497     -0.00701873    1.84185639   -0.00381068    0.17269928
  872   15     1.43736     5.53183    -0.54960     -0.00288309    0.91851269   -0.00313887    0.16733325
  873   18     3.28194    -3.92740    -2.62276     -0.00086815    0.78394222   -0.00110741    0.16429515
  874   16     2.16921    -4.89770    -2.03003     -0.00110251    0.78394222   -0.00140637    0.17246970
  875   19     3.22177    -4.30098     2.17516     -0.00204930    0.91134516   -0.00224865    0.17028334
  876   19     3.76375    -4.55919     1.04656     -0.00492436    1.82396386   -0.00269981    0.17149137
  877   16     2.38613    -5.19772     1.42274     -0.00627414    1.82396386   -0.00343984    0.17841744
  878   16     2.86992    -5.35632     0.25016     -0.00283460    0.91134516   -0.00311035    0.17596356
  879   22     7.50321    -1.51676    -2.64220     -0.00027818    0.84186577   -0.00033043    0.12625798
  880   22     7.25734    -0.84879    -3.46691     -0.00163059    1.68256507   -0.00096911    0.12918981
  881   22     6.72024     0.29536    -3.88144     -0.00165866    1.68256507   -0.00098579    0.13109634
  882   18     6.07780    -1.96710    -3.13065     -0.00266186    1.68256507   -0.00158203    0.14537510
  883   18     5.67176    -0.99017    -3.93694     -0.00292577    1.68256507   -0.00173887    0.14632750
  884   18     5.18945    -0.02051    -4.05483     -0.00098907    0.84186577   -0.00117486    0.14682285
  885   23     6.51127    -0.82838     3.48188     -0.00046242    0.85436262   -0.00054124    0.13159856
  886   23     7.04640    -1.68773     2.98858     -0.00189133    1.70789924   -0.00110740    0.13169346
  887   23     7.50769    -2.25721     1.82772     -0.00153982    1.70789924   -0.00090159    0.12908463
  888   19     5.43296    -1.87599     3.15553     -0.00308642    1.70789924   -0.00180714    0.14990663
  889   19     6.03366    -2.77182     2.30621     -0.00331422    1.70789924   -0.00194053    0.14815403
  890   19     6.31700    -3.04178     1.25026     -0.00115889    0.85436262   -0.00135643    0.14523218
