COSMO Results from DMol3

Note: COSMO for ideal conductor limit (fepsi= 1.0000)
  Basic Grid Size                  =   1082
  Number of Segments on an Atom    =     92
  Number of Segments on Hydrogen   =     32
  Solvent Radius    [au]           =   2.46
  A - Matrix Cutoff [au]           =  13.23
  factor for Outlying Charge corr  =   0.85
  maximum segment or cutoff radius =   1.46
  total number of segments         =    789
  number of charge corr segments   =    333




$coordinates xyz [au]                         and cosmo atom analysis:   radius   charge    area  charge density  (srad)
C            -6.15626284251238    0.51078237193196    0.01957656847901   3.7795  -0.0552    48.75    -0.00113    6.2361
C            -4.88113481691223    2.82678728481775    0.00883380427077   3.7795  -0.0486    48.26    -0.00101    6.2361
C            -2.26673561043755    2.85026479999875   -0.01574284743413   3.7795  -0.0816    47.55    -0.00172    6.2361
C            -4.75103610405208   -1.71822773078352    0.00623557824754   3.7795  -0.0490    48.70    -0.00101    6.2361
C            -2.12985563994431   -1.59775726134735   -0.02020090222532   3.7795  -0.0767    46.32    -0.00166    6.2361
N            -0.91978255302520    0.65927286698031   -0.02939256411236   3.4582  -0.0142     6.12    -0.00232    5.9148
C             1.92472801409539    0.86048388065762   -0.07582811065234   3.7795  -0.0420    21.72    -0.00193    6.2361
C             3.37236255195066   -1.61893627051719    0.04864390109666   3.7795  -0.0136    21.37    -0.00064    6.2361
C             6.22743199591999   -1.10587887035146    0.03156864763602   3.7795   0.0188    58.57     0.00032    6.2361
H            -8.21787999785190    0.45151934366853    0.04340720922209   2.4566  -0.0646    23.06    -0.00280    4.9133
H            -5.89590986209639    4.62052952584322    0.02043057728887   2.4566  -0.0673    23.51    -0.00286    4.9133
H            -1.15983632973255    4.58621627003889   -0.02475716797296   2.4566  -0.0813    22.82    -0.00356    4.9133
H            -5.65923185812366   -3.56798980674328    0.01509217279536   2.4566  -0.0670    23.53    -0.00285    4.9133
H            -0.94345023512562   -3.27245022414567   -0.03107481720609   2.4566  -0.0574    15.58    -0.00368    4.9133
H             2.42485597047487    2.07911730220103    1.53099437271678   2.4566  -0.0626    24.43    -0.00256    4.9133
H             2.38678749248893    1.89731831305983   -1.81733745986788   2.4566  -0.0649    25.47    -0.00255    4.9133
H             2.88355557817914   -2.82698295308986   -1.57533296045567   2.4566  -0.0427    22.96    -0.00186    4.9133
H             2.86841856200286   -2.66145133681414    1.77966049876001   2.4566  -0.0427    23.44    -0.00182    4.9133
H             6.82005651866900   -0.14043063756070   -1.71003398224049   2.4566  -0.0287    24.84    -0.00116    4.9133
H             7.26964855540907   -2.89601051182539    0.14606405439854   2.4566  -0.0297    24.10    -0.00123    4.9133
H             6.80327061062400    0.06382364398063    1.64919342725550   2.4566  -0.0286    24.77    -0.00116    4.9133
$end


$cosmo_energy               [Hartree atomic units]       [eV]     [kcal/mol]
  Total energy                 =       -366.754885
  Total energy + OC corr.      =       -366.751234
  Dielectric energy            =         -0.082739      -2.251      -51.92
  Diel. energy + OC corr.      =         -0.079089      -2.152      -49.63

  Surface area of cavity [au]  =           625.858
  Total Volume of cavity [au]  =          1157.963


$screening_charge
  cosmo           =   -1.02571
  corrected total =   -0.99956


$segment information
    n  atom        position (X, Y, Z) [au]            charge       area [au]   charge/area    potential [au]

    1    1    -5.20342     0.47118     3.67673      0.00012900    0.49769306    0.00025920    0.14023633
    2    1    -7.87742    -1.14163     2.95066     -0.00022100    1.16128380   -0.00019030    0.13910938
    3    1    -8.26896     1.98950     2.78257     -0.00064712    0.99538612   -0.00065012    0.14078140
    4    1    -7.83192     0.37469    -3.36537     -0.00077643    1.32718149   -0.00058502    0.13542895
    5    1    -8.69775     0.29015    -2.76903     -0.00117657    1.16128380   -0.00101316    0.14055243
    6    1    -8.90571     2.58433    -1.53771     -0.00008224    0.33179537   -0.00024786    0.15111824
    7    1    -8.83496     2.05049     2.19629     -0.00107592    0.66359074   -0.00162136    0.14658312
    8    1    -8.61461    -0.77002     2.58866     -0.00102291    0.99538612   -0.00102765    0.14252615
    9    1    -8.86919    -1.98077    -0.82677     -0.00022072    0.33179537   -0.00066524    0.15554616
   10    1    -8.58843    -1.62867     1.96673     -0.00071223    0.66359074   -0.00107329    0.14763232
   11    1    -7.98232    -0.09796     3.27213     -0.00064551    1.16128380   -0.00055586    0.13644664
   12    1    -8.02025     1.22812     3.22818     -0.00042106    0.82948843   -0.00050761    0.13696751
   13    1    -8.70744     2.25743    -2.15412     -0.00085131    0.66359074   -0.00128289    0.14559833
   14    1    -8.18554     1.57155    -2.98726     -0.00059022    1.16128380   -0.00050824    0.13816912
   15    1    -7.94836    -0.95300    -2.96871     -0.00037852    1.32718149   -0.00028521    0.13821004
   16    1    -8.67460    -1.65549    -1.78301     -0.00064617    0.66359074   -0.00097374    0.14843663
   17    1    -6.98928    -0.34254     3.60596     -0.00043444    1.16128380   -0.00037410    0.13515838
   18    1    -6.04625     0.16335     3.78141      0.00000780    0.82948843    0.00000941    0.13604982
   19    1    -6.12115     0.89990     3.77878     -0.00000600    0.82948843   -0.00000723    0.13607416
   20    1    -7.33520     1.78856     3.37541     -0.00008647    0.82948843   -0.00010425    0.13695249
   21    1    -6.82353     0.96590    -3.67256     -0.00058194    1.49307918   -0.00038976    0.13510809
   22    1    -6.96716    -0.34339    -3.57167     -0.00051029    1.49307918   -0.00034177    0.13518512
   23    1    -8.74784     1.49889    -2.54783     -0.00072163    0.82948843   -0.00086997    0.14243601
   24    1    -8.80834     2.71662     1.56391      0.00020589    0.49769306    0.00041369    0.15146467
   25    1    -8.59422     0.68881     2.90208     -0.00108122    1.16128380   -0.00093106    0.14016700
   26    1    -8.76140    -1.93120     1.25815      0.00044435    0.33179537    0.00133923    0.15331395
   27    1    -8.65291    -0.93038    -2.42459     -0.00087624    0.99538612   -0.00088030    0.14285811
   28    1    -5.65546     0.47543    -3.72639      0.00029331    1.65897686    0.00017680    0.13811984
   29    1    -7.10922     0.83359     3.66264     -0.00069756    1.32718149   -0.00052559    0.13487105
   30    1    -7.31844     1.68995    -3.37795     -0.00016304    0.82948843   -0.00019655    0.13643066
   31    2    -4.27307     2.01454     3.64956      0.00011039    0.33179537    0.00033269    0.14422887
   32    2    -7.13004     3.60564     2.94486     -0.00048175    1.16128380   -0.00041484    0.14002487
   33    2    -4.54568     5.41298     2.74444     -0.00050788    0.99538612   -0.00051024    0.14783654
   34    2    -5.80322     4.21100    -3.38497     -0.00046122    1.32718149   -0.00034752    0.13780789
   35    2    -6.54253     4.70025    -2.82209     -0.00070027    1.16128380   -0.00060302    0.14222216
   36    2    -4.34127     6.21086    -1.58520     -0.00013309    0.33179537   -0.00040111    0.16085923
   37    2    -4.58214     6.02449     2.00125     -0.00075759    0.99538612   -0.00076110    0.15637399
   38    2    -7.14796     4.42740     2.57475     -0.00079113    0.99538612   -0.00079479    0.14417579
   39    2    -8.41561     4.01503    -0.60747     -0.00106622    0.49769306   -0.00214233    0.15770172
   40    2    -7.89831     3.99691     1.96123     -0.00041748    0.66359074   -0.00062912    0.14864215
   41    2    -6.25455     4.18918     3.25568     -0.00038257    1.16128380   -0.00032944    0.13817462
   42    2    -5.10013     4.84182     3.19884     -0.00028034    0.82948843   -0.00033797    0.14136180
   43    2    -4.67724     5.81335    -2.29836     -0.00104717    0.99538612   -0.00105203    0.15243990
   44    2    -4.75036     4.98076    -3.09399     -0.00009051    1.32718149   -0.00006820    0.14358842
   45    2    -7.07124     3.69942    -2.94517     -0.00058350    1.32718149   -0.00043966    0.13946928
   46    2    -7.83595     3.77465    -2.14867      0.00031983    0.66359074    0.00048197    0.14601790
   47    2    -6.16254     3.14201     3.55045      0.00003496    1.16128380    0.00003010    0.13643004
   48    2    -5.01345     2.39742     3.76150      0.00009780    0.82948843    0.00011790    0.13868005
   49    2    -4.39544     2.97061     3.75421      0.00007128    0.66359074    0.00010742    0.14064595
   50    2    -4.48930     4.23498     3.49422      0.00019280    1.16128380    0.00016602    0.14119528
   51    2    -4.72387     3.69040    -3.66725     -0.00008466    1.82487455   -0.00004639    0.13934718
   52    2    -6.03515     3.10894    -3.57903      0.00003480    1.49307918    0.00002331    0.13633107
   53    2    -5.62121     5.33709    -2.71787     -0.00068313    0.99538612   -0.00068630    0.14570600
   54    2    -5.84693     5.09405     2.87435     -0.00083774    1.16128380   -0.00072139    0.14363692
   55    2    -8.25053     4.00145     1.25451     -0.00061527    0.33179537   -0.00185435    0.15434676
   56    2    -7.67204     4.32147    -2.05539     -0.00111519    0.82948843   -0.00134443    0.14819441
   57    2    -4.69918     2.33027    -3.73342      0.00030421    1.65897686    0.00018338    0.14085245
   58    2    -5.24777     3.55531     3.69926     -0.00024092    1.32718149   -0.00018153    0.13713345
   59    3    -2.50179     1.84537     3.62009     -0.00070288    0.66359074   -0.00105920    0.15719015
   60    3    -2.61732     5.22575     2.90290     -0.00035669    1.16128380   -0.00030715    0.15511471
   61    3    -1.56510     4.28567    -3.44086     -0.00111813    1.16128380   -0.00096284    0.15775409
   62    3    -1.54608     5.27106    -2.82725     -0.00157410    1.16128380   -0.00135549    0.16257329
   63    3    -2.07011     5.73008     2.42399     -0.00094063    0.66359074   -0.00141749    0.16289575
   64    3    -2.91990     6.47993    -0.84225     -0.00194550    0.66359074   -0.00293177    0.17328761
   65    3    -2.45643     1.72214    -3.61790     -0.00075741    0.66359074   -0.00114138    0.15916323
   66    3    -2.63785     6.07968     1.91233     -0.00135696    0.66359074   -0.00204487    0.16513341
   67    3    -1.76476     4.86271     3.14375     -0.00109394    1.16128380   -0.00094201    0.15744979
   68    3    -0.96146     4.09413     3.30590     -0.00126755    1.16128380   -0.00109151    0.16266950
   69    3    -0.71750     4.56355    -3.00717     -0.00216181    1.16128380   -0.00186157    0.16734698
   70    3    -2.61686     5.13188    -3.00837     -0.00104384    1.16128380   -0.00089887    0.15459152
   71    3    -2.82833     5.88658    -2.19510     -0.00023515    0.66359074   -0.00035436    0.16156463
   72    3    -2.57268     4.04565     3.55662     -0.00088615    1.49307918   -0.00059351    0.15083536
   73    3    -2.53891     2.86167     3.75389     -0.00028716    1.16128380   -0.00024728    0.15209590
   74    3    -1.73609     2.09074     3.64839     -0.00119709    0.99538612   -0.00120263    0.16068193
   75    3    -1.83552     2.40029    -3.74344     -0.00119134    0.99538612   -0.00119686    0.15931304
   76    3    -1.57823     3.28309    -3.70665     -0.00125701    1.16128380   -0.00108243    0.15848722
   77    3    -2.57950     3.97225    -3.61123     -0.00050943    1.49307918   -0.00034119    0.15118394
   78    3    -0.87592     4.97234     2.78545     -0.00181109    0.99538612   -0.00181949    0.16706849
   79    3    -2.80313     6.38704     1.20400     -0.00029571    0.33179537   -0.00089125    0.17123769
   80    3    -2.26800     5.99911    -2.10594     -0.00074828    0.82948843   -0.00090209    0.16588110
   81    3    -2.79953     2.57829    -3.74755     -0.00057345    0.99538612   -0.00057611    0.15247263
   82    3    -1.54817     3.25418     3.67273     -0.00178210    1.32718149   -0.00134277    0.15797007
   83    4    -4.26230    -0.87740    -3.64595      0.00003679    0.33179537    0.00011087    0.14422300
   84    4    -7.00723    -2.63152    -2.88511     -0.00039532    1.16128380   -0.00034042    0.13927289
   85    4    -4.31832    -4.28458    -2.73438     -0.00052073    0.99538612   -0.00052315    0.14742753
   86    4    -5.52462    -3.14876     3.41789     -0.00040847    1.32718149   -0.00030778    0.13718097
   87    4    -5.96846    -3.90812     2.83582     -0.00089070    1.16128380   -0.00076699    0.14276190
   88    4    -3.98360    -5.06258     1.59075     -0.00016684    0.33179537   -0.00050283    0.16055182
   89    4    -4.30456    -4.89605    -1.99040     -0.00075532    0.99538612   -0.00075882    0.15591378
   90    4    -6.96993    -3.45236    -2.51442     -0.00074845    0.99538612   -0.00075192    0.14351106
   91    4    -8.19745    -3.10987     0.69174     -0.00105667    0.49769306   -0.00212314    0.15722238
   92    4    -7.73208    -3.06549    -1.88656     -0.00043131    0.66359074   -0.00064996    0.14805438
   93    4    -6.10536    -3.16342    -3.21271     -0.00034461    1.16128380   -0.00029675    0.13754826
   94    4    -4.91391    -3.74746    -3.17812     -0.00027636    0.82948843   -0.00033317    0.14092565
   95    4    -4.19064    -4.73973     2.20642     -0.00078737    0.66359074   -0.00118654    0.15344780
   96    4    -4.52580    -3.86661     3.10753     -0.00024747    1.49307918   -0.00016575    0.14278090
   97    4    -6.78623    -2.70844     3.03307     -0.00038458    1.32718149   -0.00028978    0.13842120
   98    4    -7.74232    -3.09104     1.86417     -0.00048367    0.66359074   -0.00072887    0.14895484
   99    4    -6.08040    -2.11311    -3.50962      0.00007586    1.16128380    0.00006532    0.13576235
  100    4    -4.98108    -1.30303    -3.74330      0.00013691    0.82948843    0.00016505    0.13823716
  101    4    -4.33062    -1.83915    -3.74782      0.00006185    0.66359074    0.00009320    0.14033103
  102    4    -4.34542    -3.10644    -3.48557      0.00015892    1.16128380    0.00013685    0.14087189
  103    4    -4.47223    -2.56560     3.67890     -0.00011155    1.82487455   -0.00006113    0.13884353
  104    4    -5.81670    -2.06182     3.61602      0.00009073    1.49307918    0.00006077    0.13563740
  105    4    -4.89234    -4.45749     2.60638     -0.00046207    0.82948843   -0.00055706    0.14735786
  106    4    -5.63826    -4.04237    -2.83904     -0.00081374    1.16128380   -0.00070072    0.14311007
  107    4    -8.06964    -3.08950    -1.17311     -0.00058632    0.33179537   -0.00176711    0.15371564
  108    4    -7.06501    -3.36491     2.49988     -0.00069547    0.99538612   -0.00069870    0.14378787
  109    4    -4.52574    -1.20625     3.74405      0.00035035    1.65897686    0.00021118    0.14030086
  110    4    -5.14612    -2.47253    -3.67606     -0.00021543    1.32718149   -0.00016232    0.13665306
  111    5    -2.47735    -0.60765    -3.65108     -0.00079711    0.66359074   -0.00120121    0.15704074
  112    5    -2.36999    -3.94521    -2.97252     -0.00055293    1.32718149   -0.00041662    0.15419735
  113    5    -1.38734    -3.07276     3.37939     -0.00113068    0.99538612   -0.00113592    0.15536240
  114    5    -1.31781    -4.00754     2.77582     -0.00167462    0.99538612   -0.00168238    0.16067401
  115    5    -1.83605    -4.46603    -2.46378     -0.00094171    0.66359074   -0.00141911    0.16196083
  116    5    -2.59082    -5.25445     0.81668     -0.00137855    0.66359074   -0.00207740    0.17235123
  117    5    -2.31096    -0.47810     3.58503     -0.00072662    0.66359074   -0.00109499    0.15809280
  118    5    -2.37701    -4.84256    -1.94232     -0.00139736    0.66359074   -0.00210575    0.16427675
  119    5    -1.38580    -3.72292    -3.05574     -0.00159925    1.16128380   -0.00137714    0.15857600
  120    5    -1.10493    -2.80777    -3.45092     -0.00101829    0.82948843   -0.00122761    0.15789492
  121    5    -2.31580    -3.89197     2.97750     -0.00103544    1.16128380   -0.00089163    0.15362243
  122    5    -2.50451    -4.65655     2.16787     -0.00014076    0.66359074   -0.00021212    0.16064387
  123    5    -2.49321    -2.84571    -3.56914     -0.00082206    1.32718149   -0.00061940    0.14993535
  124    5    -2.51322    -1.54390    -3.77979     -0.00023726    0.99538612   -0.00023836    0.15162890
  125    5    -1.75203    -0.87482    -3.71059     -0.00070003    0.66359074   -0.00105491    0.15896010
  126    5    -1.09228    -1.46321    -3.65197     -0.00164262    0.99538612   -0.00165024    0.16080496
  127    5    -1.26018    -1.10075     3.62408     -0.00135189    0.99538612   -0.00135815    0.16015545
  128    5    -1.35635    -1.99437     3.65791     -0.00119425    1.16128380   -0.00102838    0.15604974
  129    5    -2.32438    -2.73153     3.57992     -0.00051696    1.49307918   -0.00034624    0.15005072
  130    5    -2.51466    -5.15719    -1.23128     -0.00050942    0.33179537   -0.00153534    0.17024485
  131    5    -1.94102    -4.74171     2.06885     -0.00128483    0.82948843   -0.00154894    0.16485597
  132    5    -2.45898    -1.33353     3.73559     -0.00096725    1.32718149   -0.00072880    0.15221703
  133    5    -1.73690    -2.20588    -3.72967     -0.00110765    1.16128380   -0.00095382    0.15392309
  134    6    -0.60071     0.61885     3.41382     -0.00046996    0.41668107   -0.00112787    0.16980475
  135    6    -1.10582     0.74705    -3.48147     -0.00010724    0.13889369   -0.00077208    0.16886329
  136    6    -0.73840     0.71523    -3.48238     -0.00043696    0.27778738   -0.00157302    0.17069363
  137    6    -1.06495     0.78698     3.42340     -0.00011309    0.13889369   -0.00081421    0.16792643
  138    7     1.06472     0.35963     3.57025     -0.00087023    0.49769306   -0.00174852    0.16769503
  139    7     2.97733     4.43748    -0.69344     -0.00033228    0.49769306   -0.00066765    0.16207623
  140    7     1.54664     0.11477    -3.76162     -0.00046018    0.49769306   -0.00092462    0.16555498
  141    7     0.88679     0.01738    -3.61079     -0.00093777    0.49769306   -0.00188423    0.16913994
  142    7     2.99537     4.47513     0.19334     -0.00036646    0.49769306   -0.00073632    0.16243598
  143    7     4.61963     3.40500     0.66396     -0.00028644    0.16589769   -0.00172662    0.15135395
  144    7     0.97369     1.02074     3.57852     -0.00084882    0.49769306   -0.00170550    0.17103220
  145    7     4.38092     3.69912    -0.51578     -0.00065303    0.82948843   -0.00078726    0.14966427
  146    7     3.67815     4.18661    -0.45888     -0.00059598    1.16128380   -0.00051321    0.15477928
  147    7     0.84211     0.59882    -3.68742     -0.00060560    0.33179537   -0.00182522    0.17126395
  148    7     4.14364     3.89670     0.30121     -0.00027259    0.49769306   -0.00054770    0.15280228
  149    7     1.71411     0.46823     3.67733     -0.00055404    0.49769306   -0.00111321    0.16460811
  150    8     4.37135    -5.26372     0.09183      0.00022453    0.99538612    0.00022557    0.12264124
  151    8     3.78314    -0.75289     3.70453     -0.00015990    0.49769306   -0.00032127    0.14208389
  152    8     3.97680    -5.24477    -0.83016      0.00008738    0.99538612    0.00008779    0.12787618
  153    8     3.34382    -1.15308    -3.70187     -0.00032338    0.49769306   -0.00064976    0.14714134
  154    8     3.42075    -5.38701     0.33773      0.00032852    1.32718149    0.00024753    0.12904039
  155    8     2.52907    -5.27302     0.51866      0.00020416    0.82948843    0.00024613    0.13910790
  156    8     4.15127    -5.11569     1.25295     -0.00005664    0.99538612   -0.00005690    0.12606023
  157    8     3.26860    -0.88516     3.75474     -0.00010212    0.16589769   -0.00061558    0.14733164
  158    8     2.69125    -5.31637    -0.33785      0.00006553    0.49769306    0.00013167    0.13807460
  159    8     3.85827    -1.37756    -3.69165     -0.00005039    0.16589769   -0.00030374    0.14112046
  160    9     7.62749     2.40029     0.20693      0.00086941    0.82948843    0.00104813    0.10704100
  161    9     9.97194    -0.87302    -0.42523      0.00073421    1.32718149    0.00055321    0.08623498
  162    9     7.76448    -3.21094    -2.70533      0.00141775    1.49307918    0.00094955    0.09699124
  163    9     6.39829    -2.15885     3.65735      0.00095180    1.49307918    0.00063747    0.10839692
  164    9     7.48536    -1.93009     3.49891      0.00058651    0.66359074    0.00088384    0.10032605
  165    9     6.27757    -3.24933     3.14403      0.00063293    0.82948843    0.00076303    0.10823368
  166    9     6.97736    -3.29093     3.02279      0.00061145    0.82948843    0.00073714    0.10262528
  167    9     5.55508    -1.43735    -3.67281      0.00000230    0.33179537    0.00000693    0.12352965
  168    9     7.99996    -2.24447    -3.10628      0.00095174    0.99538612    0.00095615    0.09696553
  169    9     9.65084    -0.36479    -1.38804      0.00070666    1.49307918    0.00047329    0.09034344
  170    9     7.75644     2.29399    -0.59062      0.00086691    0.82948843    0.00104512    0.10574344
  171    9     8.77267    -1.77675     2.74374      0.00135159    1.32718149    0.00101839    0.09192810
  172    9     8.71740    -2.46655     2.52814      0.00095756    0.82948843    0.00115440    0.09193108
  173    9     6.78103     2.63260    -0.00605      0.00079874    0.82948843    0.00096293    0.11633913
  174    9     8.70827     1.74524     0.00566      0.00172932    1.82487455    0.00094764    0.09711995
  175    9     9.67334     0.42631    -0.21793      0.00097485    1.49307918    0.00065291    0.08910507
  176    9     9.72414    -1.83178    -1.20550      0.00110366    1.49307918    0.00073918    0.08757524
  177    9     8.85561    -2.53390    -2.27879      0.00144869    1.32718149    0.00109155    0.09104582
  178    9     6.72387    -2.89172    -3.26217      0.00137526    1.82487455    0.00075362    0.10459481
  179    9     5.74956    -2.18660    -3.55843      0.00020927    0.33179537    0.00063072    0.11677196
  180    9     9.53650    -0.77363     1.82707      0.00091301    1.32718149    0.00068793    0.08990477
  181    9     9.90479    -0.57820     0.72637      0.00093794    1.65897686    0.00056537    0.08689858
  182    9     9.94298    -1.78169     0.18065      0.00055755    1.16128380    0.00048011    0.08751466
  183    9     6.63448    -3.99963    -2.36529      0.00032011    0.66359074    0.00048239    0.10685369
  184    9     6.01279    -4.37553    -1.85197      0.00002114    0.33179537    0.00006372    0.11379628
  185    9     5.75053    -1.43201     3.76659      0.00023317    0.66359074    0.00035137    0.11854376
  186    9     7.66817    -2.66330     3.15934      0.00128989    1.32718149    0.00097191    0.09707988
  187    9     6.23923    -4.00056     2.46159      0.00018570    0.49769306    0.00037313    0.11125991
  188    9     6.32580    -2.04848    -3.62715      0.00019097    0.49769306    0.00038370    0.11217661
  189    9     9.32040    -1.58967    -2.08593      0.00105968    1.16128380    0.00091250    0.08969730
  190    9     9.20043     1.10596    -0.71221      0.00068819    0.99538612    0.00069138    0.09393706
  191    9     6.70998     2.54763    -0.80696      0.00061960    0.66359074    0.00093371    0.11807619
  192    9     9.64645    -1.81251     1.47903      0.00115816    1.49307918    0.00077568    0.08815143
  193    9     9.46114     0.66290     0.86742      0.00061040    1.32718149    0.00045993    0.09249899
  194    9     6.17521    -3.70319    -2.71355      0.00042150    0.66359074    0.00063519    0.10961152
  195   10   -10.62857     0.04558     0.28592     -0.00611454    1.96256963   -0.00311558    0.15023986
  196   10    -9.88310    -0.76683     1.37671     -0.00331816    1.40183545   -0.00236701    0.15070832
  197   10    -9.83712    -1.22761    -0.72709     -0.00280980    1.19156013   -0.00235809    0.15254573
  198   10    -9.96506     0.53583    -1.68152     -0.00316963    1.33174368   -0.00238006    0.14910872
  199   10    -9.99223     2.13873    -0.15670     -0.00335434    1.26165190   -0.00265869    0.15327700
  200   10    -9.90716     1.30688     1.60855     -0.00343592    1.47192722   -0.00233430    0.15014896
  201   10   -10.03205    -1.17849     0.33819     -0.00425117    1.61211077   -0.00263702    0.15223575
  202   10   -10.15288    -0.40496    -1.20451     -0.00448844    1.68220254   -0.00266819    0.15005201
  203   10   -10.56260     0.90784    -0.53026     -0.00457354    1.54201899   -0.00296594    0.15015332
  204   10   -10.24151     1.69321     0.67439     -0.00455129    1.68220254   -0.00270555    0.15131294
  205   10   -10.10913     0.26762     1.60044     -0.00424848    1.61211077   -0.00263535    0.14931902
  206   10    -9.96012     1.62483    -1.23058     -0.00306592    1.26165190   -0.00243009    0.15108101
  207   11    -7.37987     6.56460     0.25187     -0.00626429    1.96256963   -0.00319188    0.15457224
  208   11    -7.74374     5.53683     1.35498     -0.00332507    1.40183545   -0.00237194    0.15367315
  209   11    -8.14130     5.25998    -0.74400     -0.00286435    1.19156013   -0.00240386    0.15511450
  210   11    -6.64731     6.18747    -1.71601     -0.00315611    1.33174368   -0.00236991    0.15368376
  211   11    -5.23442     6.97553    -0.20677     -0.00344284    1.26165190   -0.00272884    0.16158314
  212   11    -5.92032     6.52924     1.56685     -0.00344903    1.47192722   -0.00234321    0.15615703
  213   11    -8.18305     5.46586     0.31952     -0.00434429    1.61211077   -0.00269478    0.15497236
  214   11    -7.56419     5.91873    -1.23121     -0.00457824    1.68220254   -0.00272158    0.15357679
  215   11    -6.59124     6.90101    -0.57208     -0.00465293    1.54201899   -0.00301743    0.15562681
  216   11    -5.74018     6.99604     0.62698     -0.00468814    1.68220254   -0.00278691    0.15830451
  217   11    -6.93355     6.22218     1.56740     -0.00429109    1.61211077   -0.00266178    0.15360593
  218   11    -5.67971     6.69636    -1.27547     -0.00306793    1.26165190   -0.00243167    0.15787480
  219   12    -0.29615     6.88566     0.01715     -0.00518543    1.47192722   -0.00352288    0.17572767
  220   12    -1.25085     6.62871     1.33727     -0.00379577    1.33174368   -0.00285023    0.17404853
  221   12    -1.65299     6.86283    -0.80510     -0.00343905    1.19156013   -0.00288617    0.17447177
  222   12    -0.16346     5.95204    -1.80712     -0.00396302    1.19156013   -0.00332591    0.17731501
  223   12    -0.05852     5.88910     1.74295     -0.00369865    1.19156013   -0.00310404    0.17810089
  224   12    -1.51269     6.99782     0.28320     -0.00498450    1.54201899   -0.00323245    0.17450083
  225   12    -0.80327     6.65821    -1.29550     -0.00535432    1.68220254   -0.00318292    0.17452774
  226   12     0.43725     6.23941    -0.89158     -0.00535288    1.40183545   -0.00381848    0.17923168
  227   12     0.63848     6.21561     0.35770     -0.00549062    1.47192722   -0.00373022    0.18030874
  228   12    -0.22239     6.52072     1.16440     -0.00378976    1.19156013   -0.00318050    0.17603840
  229   13    -7.03137    -5.59573    -0.18664     -0.00622525    1.96256963   -0.00317199    0.15415454
  230   13    -7.47600    -4.59264    -1.28284     -0.00331399    1.40183545   -0.00236404    0.15317497
  231   13    -7.84821    -4.33628     0.82338     -0.00286205    1.19156013   -0.00240194    0.15462891
  232   13    -6.28400    -5.17348     1.76645     -0.00315132    1.33174368   -0.00236631    0.15321156
  233   13    -4.85708    -5.87999     0.23028     -0.00339727    1.26165190   -0.00269271    0.16119089
  234   13    -5.60220    -5.47721    -1.52981     -0.00345142    1.47192722   -0.00234483    0.15576085
  235   13    -7.89851    -4.54586    -0.23905     -0.00433294    1.61211077   -0.00268775    0.15451568
  236   13    -7.22425    -4.95947     1.29950     -0.00454704    1.68220254   -0.00270303    0.15309400
  237   13    -6.20858    -5.88427     0.62193     -0.00464249    1.54201899   -0.00301066    0.15526110
  238   13    -5.37688    -5.93127    -0.59345     -0.00470925    1.68220254   -0.00279946    0.15798768
  239   13    -6.63145    -5.22984    -1.51075     -0.00426638    1.61211077   -0.00264646    0.15315083
  240   13    -5.29707    -5.62568     1.30734     -0.00307790    1.26165190   -0.00243958    0.15745336
  241   14    -0.24988    -5.62361    -0.19284     -0.00460269    1.19156013   -0.00386274    0.17416543
  242   14    -1.12855    -5.33589    -1.35136     -0.00253854    0.91119304   -0.00278596    0.17336458
  243   14    -1.37337    -5.62138     0.54589     -0.00338020    1.12146836   -0.00301409    0.17389582
  244   14    -0.82234    -5.18160     1.51022     -0.00331871    1.05137659   -0.00315653    0.17291521
  245   14    -1.27566    -5.66680    -0.46919     -0.00339325    1.05137659   -0.00322744    0.17383167
  246   14    -0.27129    -5.49350     0.77533     -0.00407759    1.05137659   -0.00387834    0.17385340
  247   14    -0.38173    -5.23388    -1.39946     -0.00264438    1.05137659   -0.00251516    0.17426627
  248   15     2.84465     3.38399     3.56965     -0.00286447    1.12146836   -0.00255421    0.16294152
  249   15     1.75486     2.14905     3.89346     -0.00275084    1.19156013   -0.00230860    0.16802040
  250   15     3.11564     4.42611     1.75364     -0.00254321    1.05137659   -0.00241894    0.16485087
  251   15     4.14735     3.67316     2.25707     -0.00176336    0.70091772   -0.00251579    0.15730744
  252   15     3.23103     2.31656     3.83940     -0.00341224    1.19156013   -0.00286368    0.16004628
  253   15     1.93187     3.19674     3.66240     -0.00364625    1.33174368   -0.00273796    0.16832237
  254   15     2.38134     4.18643     2.79289     -0.00397849    1.26165190   -0.00315339    0.16882581
  255   15     3.42452     3.98983     2.70783     -0.00267063    1.05137659   -0.00254013    0.16120807
  256   15     3.76914     3.17651     3.26988     -0.00311538    1.05137659   -0.00296315    0.15862530
  257   15     2.63775     1.62986     3.93679     -0.00253015    1.05137659   -0.00240651    0.16270175
  258   15     3.97756     3.98203     1.58725     -0.00166746    0.77100950   -0.00216270    0.15860354
  259   16     3.04235     3.24404    -3.76458     -0.00347403    1.33174368   -0.00260863    0.16094462
  260   16     1.33456     2.06318    -4.03101     -0.00249499    0.91119304   -0.00273815    0.17005965
  261   16     2.86427     1.26570    -4.14288     -0.00294028    1.12146836   -0.00262181    0.16086382
  262   16     3.64112     3.98116    -2.16294     -0.00258045    1.33174368   -0.00193765    0.15970080
  263   16     2.36311     2.36795    -4.22836     -0.00324188    1.26165190   -0.00256955    0.16315958
  264   16     3.51111     2.26528    -3.97039     -0.00344662    1.19156013   -0.00289253    0.15828685
  265   16     3.90357     3.40448    -3.02690     -0.00423760    1.47192722   -0.00287895    0.15753678
  266   16     2.60572     4.13871    -2.79886     -0.00514027    1.75229431   -0.00293345    0.16633159
  267   16     1.88054     3.35836    -3.72631     -0.00355651    1.47192722   -0.00241623    0.16829831
  268   16     1.91733     1.40395    -4.17769     -0.00166936    0.84110127   -0.00198473    0.16563936
  269   17     2.77178    -4.36698    -3.48607     -0.00262795    1.33174368   -0.00197332    0.14280675
  270   17     3.88798    -3.69615    -3.64189     -0.00148965    0.98128481   -0.00151806    0.13562178
  271   17     2.31373    -2.39549    -3.92568     -0.00204887    1.19156013   -0.00171948    0.15152683
  272   17     3.67919    -5.03321    -2.30646     -0.00188932    1.26165190   -0.00149749    0.13502055
  273   17     3.00015    -3.39079    -3.96354     -0.00162934    0.98128481   -0.00166042    0.14243606
  274   17     1.95658    -3.37733    -3.78278     -0.00225347    1.19156013   -0.00189119    0.15146402
  275   17     1.76110    -4.39847    -3.09374     -0.00270236    1.19156013   -0.00226792    0.15264548
  276   17     2.47471    -5.03614    -2.56907     -0.00237524    1.26165190   -0.00188264    0.14471382
  277   17     3.87766    -4.47390    -3.10321     -0.00145808    1.19156013   -0.00122368    0.13450719
  278   17     3.46541    -2.62410    -3.95342     -0.00138197    0.98128481   -0.00140833    0.14129140
  279   17     2.61187    -5.26435    -1.71841     -0.00113122    1.05137659   -0.00107594    0.14340903
  280   18     2.76165    -4.03277     3.81516     -0.00199045    1.05137659   -0.00189318    0.14156514
  281   18     1.90733    -2.26211     4.00497     -0.00192578    0.98128481   -0.00196251    0.15306087
  282   18     3.55933    -2.53350     4.13367     -0.00136383    1.05137659   -0.00129719    0.13888653
  283   18     3.97761    -4.34248     3.18641     -0.00167723    1.05137659   -0.00159527    0.13297176
  284   18     2.40940    -5.04808     2.13811     -0.00173679    1.12146836   -0.00154867    0.14443033
  285   18     2.55388    -3.05185     4.18461     -0.00190163    1.05137659   -0.00180871    0.14468425
  286   18     3.75137    -3.54399     3.89547     -0.00207823    1.40183545   -0.00148251    0.13562152
  287   18     2.90098    -4.70350     3.14499     -0.00184911    1.05137659   -0.00175875    0.13979232
  288   18     1.84342    -4.45323     3.11162     -0.00274285    1.26165190   -0.00217401    0.14979305
  289   18     1.74060    -3.50810     3.79123     -0.00193026    1.12146836   -0.00172119    0.15108342
  290   18     2.78407    -1.95109     4.12985     -0.00123821    0.91119304   -0.00135889    0.14674739
  291   18     3.47240    -4.93477     2.48843     -0.00064281    0.98128481   -0.00065507    0.13537885
  292   19     7.50321     1.10786    -3.71258     -0.00175878    1.12146836   -0.00156829    0.11800575
  293   19     7.44339     2.19128    -2.16787     -0.00112197    1.33174368   -0.00084249    0.11721525
  294   19     6.12072    -0.15788    -4.06499     -0.00185240    1.33174368   -0.00139096    0.12551165
  295   19     8.11199    -0.86123    -3.67129     -0.00108781    1.26165190   -0.00086221    0.10659436
  296   19     8.96370     0.62602    -2.63330     -0.00134024    1.26165190   -0.00106229    0.10426946
  297   19     6.95642     1.87920    -3.10201     -0.00209721    1.33174368   -0.00157478    0.12360064
  298   19     6.53440     0.88215    -3.92540     -0.00210231    1.26165190   -0.00166632    0.12555515
  299   19     7.37167    -0.04027    -4.10187     -0.00182062    1.26165190   -0.00144304    0.11570549
  300   19     8.34151     0.35000    -3.57545     -0.00177740    1.19156013   -0.00149166    0.10972945
  301   19     8.14699     1.52673    -2.93270     -0.00180885    1.26165190   -0.00143372    0.11276340
  302   19     6.93611    -0.98202    -4.01513     -0.00079473    1.05137659   -0.00075590    0.11485186
  303   19     8.88569    -0.36713    -3.02034     -0.00071519    0.98128481   -0.00072883    0.10226806
  304   19     8.63099     1.47652    -2.08560     -0.00075692    1.05137659   -0.00071993    0.10653383
  305   20     8.38616    -5.08361     0.20029     -0.00201408    1.19156013   -0.00169029    0.10610241
  306   20     6.87133    -5.28755     0.54222     -0.00126564    1.05137659   -0.00120379    0.11289272
  307   20     7.83936    -4.44060     1.96945     -0.00119856    1.19156013   -0.00100587    0.10568073
  308   20     9.45571    -3.61073     1.00947     -0.00138215    1.26165190   -0.00109551    0.09822544
  309   20     9.17965    -3.85848    -1.06256     -0.00128850    1.26165190   -0.00102128    0.09900940
  310   20     7.32268    -4.88509    -1.29473     -0.00130082    1.26165190   -0.00103105    0.10895462
  311   20     7.78959    -5.13174     1.02143     -0.00171076    1.12146836   -0.00152546    0.10827397
  312   20     8.77298    -4.55411     1.15890     -0.00180003    1.19156013   -0.00151065    0.10323085
  313   20     9.26202    -4.32872     0.03219     -0.00195545    1.26165190   -0.00154991    0.10123385
  314   20     8.42349    -4.85165    -0.79165     -0.00192511    1.26165190   -0.00152587    0.10477977
  315   20     7.14683    -5.29466    -0.37019     -0.00164837    1.40183545   -0.00117586    0.11130914
  316   20     6.94397    -4.86780     1.57470     -0.00099077    0.98128481   -0.00100966    0.11150707
  317   20     8.74603    -3.77679     1.90095     -0.00087331    1.12146836   -0.00077872    0.10015931
  318   20     9.67183    -3.36362    -0.06857     -0.00104737    1.12146836   -0.00093392    0.09680781
  319   20     8.28663    -4.27008    -1.61826     -0.00080425    1.05137659   -0.00076495    0.10249078
  320   21     7.55700     1.32391     3.61878     -0.00192787    1.19156013   -0.00161794    0.11742270
  321   21     6.94282     2.46677     2.14067     -0.00147521    1.12146836   -0.00131542    0.12356289
  322   21     8.64234     1.63630     2.07388     -0.00111157    1.12146836   -0.00099118    0.10719336
  323   21     8.62327    -0.12006     3.28900     -0.00109390    1.26165190   -0.00086704    0.10409529
  324   21     6.77678    -0.26526     4.08356     -0.00102674    1.05137659   -0.00097657    0.11732212
  325   21     6.75642     1.95060     3.22180     -0.00196562    1.19156013   -0.00164962    0.12572665
  326   21     7.81132     2.05635     2.67334     -0.00155386    1.12146836   -0.00138556    0.11592289
  327   21     8.46232     1.10032     3.13528     -0.00197520    1.33174368   -0.00148317    0.10968112
  328   21     7.66656     0.31869     3.93501     -0.00167024    1.19156013   -0.00140172    0.11318250
  329   21     6.51794     0.99768     3.90345     -0.00198785    1.26165190   -0.00157559    0.12482471
  330   21     7.82846     2.29605     1.68612     -0.00053665    0.91119304   -0.00058896    0.11336077
  331   21     9.05154     0.66087     2.43915     -0.00086131    1.05137659   -0.00081922    0.10266831
  332   21     7.76545    -0.62441     3.80226     -0.00058212    0.91119304   -0.00063886    0.10795867
  333   21     5.95589     0.12605     3.95423     -0.00108501    0.91119304   -0.00119076    0.12651338
  334    1    -4.36998     0.56385     3.36466     -0.00025795    0.16122002   -0.00159997    0.15019002
  335    2    -4.17029     0.95040     3.32723     -0.00026130    0.16122002   -0.00162076    0.15229566
  336    4    -4.14852     0.19109     3.32691     -0.00026597    0.16122002   -0.00164972    0.15218491
  337    1    -4.43042     0.56600    -3.35705     -0.00025754    0.16122002   -0.00159747    0.15033351
  338    2    -4.23008     0.95253    -3.32297     -0.00024757    0.16122002   -0.00153558    0.15233748
  339    4    -4.20832     0.19322    -3.32354     -0.00025755    0.16122002   -0.00159748    0.15237641
  340    2    -4.62130     1.51530    -3.53021     -0.00033471    0.62321206   -0.00053707    0.14542650
  341    2    -6.23459     2.40419    -3.38658     -0.00112285    1.26659802   -0.00088651    0.14018789
  342    2    -7.85680     3.30327    -2.10249     -0.00259801    1.26659802   -0.00205117    0.14976449
  343    2    -8.46745     3.64939     0.04136     -0.00363454    1.26659802   -0.00286953    0.16237950
  344    2    -7.81835     3.30190     2.17366     -0.00240800    1.26659802   -0.00190115    0.14984731
  345    2    -6.17332     2.40201     3.42779     -0.00115598    1.26659802   -0.00091266    0.14024503
  346    2    -4.55771     1.51304     3.54183     -0.00032728    0.62321206   -0.00052515    0.14539098
  347    1    -5.54237     1.30849    -3.51966     -0.00103123    1.26659802   -0.00081417    0.14190764
  348    1    -7.43968     2.35598    -2.89375     -0.00178669    1.26659802   -0.00141062    0.14303166
  349    1    -8.61755     3.01284    -1.08546     -0.00355511    1.26659802   -0.00280682    0.15801684
  350    1    -8.59727     3.01212     1.17029     -0.00361588    1.26659802   -0.00285480    0.15807080
  351    1    -7.38708     2.35410     2.95669     -0.00177337    1.26659802   -0.00140011    0.14310828
  352    1    -5.47882     1.30623     3.54771     -0.00105159    1.26659802   -0.00083025    0.14194847
  353    4    -4.50278    -0.39386     3.54094     -0.00033105    0.62136938   -0.00053278    0.14492089
  354    4    -6.06354    -1.37708     3.42633     -0.00102930    1.26302275   -0.00081495    0.13942585
  355    4    -7.65324    -2.37172     2.17104     -0.00229576    1.26302275   -0.00181767    0.14907582
  356    4    -8.28105    -2.75472     0.03763     -0.00358405    1.26302275   -0.00283768    0.16187487
  357    4    -7.69170    -2.37035    -2.10647     -0.00228476    1.26302275   -0.00180896    0.14901476
  358    4    -6.12482    -1.37490    -3.38951     -0.00100801    1.26302275   -0.00079809    0.13944685
  359    4    -4.56637    -0.39160    -3.53153     -0.00031366    0.62136938   -0.00050478    0.14517115
  360    1    -5.43361    -0.24382     3.54725     -0.00099426    1.26302275   -0.00078721    0.14152657
  361    1    -7.27730    -1.40254     2.95531     -0.00167679    1.26302275   -0.00132760    0.14234225
  362    1    -8.44710    -2.12928     1.16767     -0.00369148    1.26302275   -0.00292274    0.15752262
  363    1    -8.46739    -2.12856    -1.08884     -0.00327493    1.26302275   -0.00259293    0.15742918
  364    1    -7.32991    -1.40067    -2.89675     -0.00164614    1.26302275   -0.00130334    0.14226895
  365    1    -5.49716    -0.24155    -3.52101     -0.00099169    1.26302275   -0.00078517    0.14154559
  366   10    -9.44750     2.34469    -0.92938     -0.00077737    0.23073211   -0.00336916    0.15562112
  367   10    -9.43464     1.58987    -1.69537     -0.00170381    0.50957749   -0.00334357    0.15354838
  368   10    -9.40270     0.33629    -2.05007     -0.00162633    0.50957749   -0.00319152    0.15133149
  369   10    -9.36235    -0.88604    -1.60001     -0.00185630    0.50957749   -0.00364281    0.15395611
  370   10    -9.32902    -1.61025    -0.51710     -0.00174468    0.50957749   -0.00342378    0.15858182
  371   10    -9.31543    -1.55970     0.78503     -0.00191961    0.50957749   -0.00376707    0.15815701
  372   10    -9.32677    -0.75371     1.80902     -0.00163440    0.50957749   -0.00320736    0.15328574
  373   10    -9.35872     0.49987     2.16372     -0.00175825    0.50957749   -0.00345042    0.15138749
  374   10    -9.39907     1.72220     1.71366     -0.00153041    0.50957749   -0.00300329    0.15409791
  375   10    -9.43240     2.44641     0.63074     -0.00200143    0.50957749   -0.00392763    0.15892098
  376   10    -9.44703     2.52422    -0.44181     -0.00070695    0.23073211   -0.00306392    0.15704314
  377    1    -9.12533     2.27961    -1.40559     -0.00157844    0.50471291   -0.00312740    0.15518651
  378    1    -9.09987     1.06844    -2.21636     -0.00146530    0.50471291   -0.00290323    0.14937951
  379    1    -9.05736    -0.38758    -2.16028     -0.00148774    0.50471291   -0.00294770    0.14950207
  380    1    -9.01403    -1.53228    -1.25878     -0.00145388    0.50471291   -0.00288061    0.15576415
  381    1    -8.98643    -1.92844     0.14380     -0.00193374    0.50471291   -0.00383137    0.16022789
  382    1    -8.98511    -1.42474     1.51172     -0.00158344    0.50471291   -0.00313731    0.15476407
  383    1    -9.01057    -0.21356     2.32248     -0.00149001    0.50471291   -0.00295220    0.14916327
  384    1    -9.05309     1.24245     2.26641     -0.00143367    0.50471291   -0.00284056    0.14973685
  385    1    -9.09642     2.38716     1.36491     -0.00167432    0.50471291   -0.00331738    0.15619240
  386    1    -9.12401     2.78332    -0.03767     -0.00191111    0.50471291   -0.00378652    0.16056757
  387    2    -3.84699     1.14427     3.29559     -0.00061470    0.33803785   -0.00181844    0.15540658
  388    3    -3.41299     1.15233     3.27385     -0.00080766    0.33803785   -0.00238925    0.15937041
  389    4    -3.83330     0.38611     3.23780     -0.00066111    0.33803785   -0.00195572    0.15635919
  390    2    -3.90900     1.14631    -3.29779     -0.00062027    0.33803785   -0.00183492    0.15554439
  391    3    -3.47467     1.15435    -3.28422     -0.00081791    0.33803785   -0.00241957    0.15961757
  392    4    -3.89423     0.38811    -3.24074     -0.00065434    0.33803785   -0.00193571    0.15657007
  393    2    -4.06112     6.46046    -0.64143     -0.00020537    0.03074643   -0.00667964    0.16939061
  394    3    -3.63174     6.42389    -0.63733     -0.00018867    0.03074643   -0.00613619    0.17141239
  395   11    -4.33644     6.53960    -0.58216     -0.00025529    0.03074643   -0.00830293    0.16914450
  396    2    -4.04895     6.45900     0.65180     -0.00025770    0.03074643   -0.00838152    0.16953020
  397    3    -3.61972     6.42244     0.63954     -0.00029260    0.03074643   -0.00951645    0.17139282
  398   11    -4.32533     6.53826     0.59790     -0.00021315    0.03074643   -0.00693241    0.16913822
  399    3    -3.28463     6.28745     1.16451     -0.00192512    0.66982839   -0.00287405    0.17015320
  400    3    -3.25882     5.04798     2.72699     -0.00249534    1.37064022   -0.00182057    0.15760297
  401    3    -3.23090     2.75158     3.50526     -0.00177048    1.37064022   -0.00129172    0.15291347
  402    2    -3.89325     5.85014     1.80333     -0.00348239    1.37064022   -0.00254070    0.16487962
  403    2    -3.86201     3.96353     3.32636     -0.00147239    1.37064022   -0.00107423    0.14849559
  404    2    -3.84223     1.98020     3.53692     -0.00052631    0.66982839   -0.00078574    0.14920907
  405    3    -3.29034     1.98842    -3.54448     -0.00077477    0.67045453   -0.00115560    0.15403742
  406    3    -3.30614     3.97321    -3.33129     -0.00172854    1.37203743   -0.00125984    0.15224477
  407    3    -3.30869     5.85889    -1.80369     -0.00386310    1.37203743   -0.00281560    0.16779921
  408    2    -3.91541     2.74936    -3.51190     -0.00130204    1.37203743   -0.00094898    0.14862427
  409    2    -3.92866     5.04660    -2.72969     -0.00221058    1.37203743   -0.00161117    0.15435397
  410    2    -3.92504     6.28430    -1.16342     -0.00167128    0.67045453   -0.00249276    0.16771423
  411   11    -4.73847     6.61984    -0.81743     -0.00091408    0.23374112   -0.00391064    0.16610007
  412   11    -5.35974     6.27371    -1.64354     -0.00169710    0.51786826   -0.00327710    0.16111495
  413   11    -6.44592     5.66204    -2.07766     -0.00162929    0.51786826   -0.00314614    0.15553287
  414   11    -7.54148     5.03971    -1.68414     -0.00186353    0.51786826   -0.00359847    0.15629541
  415   11    -8.21560     4.65147    -0.61773     -0.00167409    0.51786826   -0.00323266    0.16029477
  416   11    -8.20317     4.64997     0.70221     -0.00199888    0.51786826   -0.00385983    0.16030226
  417   11    -7.50910     5.03582     1.75662     -0.00169425    0.51786826   -0.00327158    0.15620075
  418   11    -6.40631     5.65727     2.13086     -0.00177561    0.51786826   -0.00342868    0.15556014
  419   11    -5.32847     6.26995     1.67776     -0.00151915    0.51786826   -0.00293347    0.16096296
  420   11    -4.72286     6.61796     0.84088     -0.00092547    0.23374112   -0.00395938    0.16611652
  421    2    -4.61966     6.31676    -1.29995     -0.00174297    0.50971516   -0.00341950    0.16581538
  422    2    -5.64197     5.74422    -2.19816     -0.00145592    0.50971516   -0.00285634    0.15510391
  423    2    -6.92687     5.01748    -2.22207     -0.00150890    0.50971516   -0.00296027    0.15210930
  424    2    -7.96909     4.42232    -1.36227     -0.00166506    0.50971516   -0.00326665    0.15683267
  425    2    -8.35878     4.19279     0.04313     -0.00132066    0.50971516   -0.00259098    0.16168260
  426    2    -7.94270     4.41915     1.44146     -0.00164622    0.50971516   -0.00322969    0.15683379
  427    2    -6.88446     5.01238     2.28284     -0.00150188    0.50971516   -0.00294650    0.15213509
  428    2    -5.60022     5.73920     2.23639     -0.00145449    0.50971516   -0.00285354    0.15508651
  429    2    -4.59500     6.31379     1.32039     -0.00175366    0.50971516   -0.00344047    0.16575312
  430    3    -3.23214     0.78036    -3.25087     -0.00101529    0.33104929   -0.00306689    0.16231806
  431    4    -3.65278     0.01425    -3.28417     -0.00071251    0.33104929   -0.00215227    0.15767629
  432    5    -3.21813     0.03902    -3.30857     -0.00088178    0.33104929   -0.00266360    0.16082751
  433    3    -3.16649     0.77584     3.23540     -0.00097586    0.33104929   -0.00294777    0.16201281
  434    4    -3.58639     0.00967     3.27613     -0.00071449    0.33104929   -0.00215827    0.15741560
  435    5    -3.15133     0.03442     3.29176     -0.00092788    0.33104929   -0.00280285    0.16050430
  436    4    -3.79622     0.02964     3.41912      0.00001257    0.00992526    0.00126657    0.15273221
  437    3    -3.20277     1.12503     3.41387      0.00000690    0.00992526    0.00069525    0.15774841
  438    3    -1.99564     1.00702    -3.41230     -0.00051687    0.16226113   -0.00318541    0.16693819
  439    5    -1.97279     0.26444    -3.41321     -0.00059490    0.16226113   -0.00366629    0.16662533
  440    6    -1.76452     0.64137    -3.39761     -0.00052405    0.16226113   -0.00322970    0.16808602
  441    3    -1.93492     1.00204     3.37273     -0.00056784    0.16226113   -0.00349954    0.16632669
  442    5    -1.91206     0.25947     3.37215     -0.00052622    0.16226113   -0.00324305    0.16601216
  443    6    -1.70410     0.63642     3.35337     -0.00053256    0.16226113   -0.00328212    0.16749290
  444    5    -2.39202     0.08686     3.46719     -0.00120423    0.83138338   -0.00144847    0.16119846
  445    3    -2.61287     1.13990     3.45178     -0.00132497    0.83138338   -0.00159369    0.16085569
  446    5    -2.64711     0.08602    -3.47888     -0.00130008    0.83855987   -0.00155038    0.16092950
  447    3    -2.49017     1.15069    -3.49804     -0.00125968    0.83855987   -0.00150220    0.16204030
  448    3    -0.57774     1.83394     3.32372     -0.00066995    0.18653418   -0.00359155    0.17336469
  449    6    -0.35667     1.46205     3.30512     -0.00064809    0.18653418   -0.00347436    0.17414920
  450    7     0.12303     1.50113     3.30924     -0.00079820    0.18653418   -0.00427911    0.17641572
  451    3    -0.62575     1.87686    -3.40871     -0.00117501    0.32247159   -0.00364377    0.17404417
  452    6    -0.40482     1.50261    -3.38967     -0.00114095    0.32247159   -0.00353814    0.17562079
  453   16     0.29103     1.73119    -3.49313     -0.00135714    0.32247159   -0.00420856    0.17749448
  454    6    -0.98804     1.19654     3.37880     -0.00140129    0.62037723   -0.00225877    0.17019246
  455    3    -1.51732     1.59397     3.46887     -0.00116273    0.64968715   -0.00178967    0.16612775
  456    6    -1.29741     1.04890    -3.44623     -0.00125599    0.56473224   -0.00222405    0.16961122
  457    3    -1.43018     1.69114    -3.52317     -0.00127787    0.59142173   -0.00216068    0.16738283
  458    3    -0.20155     2.04160     3.29605     -0.00091995    0.22414843   -0.00410420    0.17536642
  459    7     0.49437     1.70663     3.36103     -0.00090806    0.22414843   -0.00405117    0.17748578
  460   15     0.69642     1.91934     3.41780     -0.00092956    0.22414843   -0.00414707    0.17716273
  461    7     0.35959     1.57805     3.44571      0.00001720    0.07840507    0.00021939    0.17393581
  462    3    -0.64684     2.03683     3.45987     -0.00009698    0.07840507   -0.00123694    0.16930691
  463   11    -4.48504     6.63467     0.13121     -0.00299251    0.82408285   -0.00363132    0.17015547
  464    3    -3.42664     6.52524    -0.11323     -0.00303246    1.16267718   -0.00260817    0.17256453
  465    3     0.19398     4.69660     2.28010     -0.00119521    0.27844773   -0.00429240    0.18116891
  466   12     0.26721     4.90757     2.08679     -0.00119057    0.27844773   -0.00427573    0.18260640
  467   15     1.02141     4.31796     2.36371     -0.00128538    0.27844773   -0.00461623    0.17929329
  468    3     0.18851     4.64872    -2.35307     -0.00108057    0.28087332   -0.00384718    0.18095293
  469   12     0.26007     4.85952    -2.15904     -0.00121343    0.28087332   -0.00432021    0.18247683
  470   16     1.00645     4.22606    -2.48604     -0.00133525    0.28087332   -0.00475392    0.17821399
  471   12    -0.25960     5.38643    -2.16371     -0.00104909    0.24570315   -0.00426974    0.17961941
  472   12    -1.20921     5.99296    -1.96606     -0.00248766    0.55070813   -0.00451720    0.17724683
  473   12    -2.07753     6.55140    -1.04748     -0.00216599    0.55070813   -0.00393309    0.17857998
  474   12    -2.27283     6.68299     0.31420     -0.00270843    0.55070813   -0.00491808    0.18015104
  475   12    -1.71006     6.33044     1.52608     -0.00211878    0.55070813   -0.00384737    0.17726576
  476   12    -0.63427     5.64725     2.06046     -0.00234161    0.55070813   -0.00425200    0.17949049
  477    3    -0.81953     5.35788    -2.36634     -0.00212878    0.52994297   -0.00401700    0.17650721
  478    3    -2.02261     6.12806    -1.77765     -0.00209014    0.52994297   -0.00394409    0.17426699
  479    3    -2.65248     6.53669    -0.42731     -0.00217793    0.52994297   -0.00410974    0.17949347
  480    3    -2.43487     6.40584     1.09671     -0.00241684    0.52994297   -0.00456056    0.17716905
  481    3    -1.46453     5.79249     2.13082     -0.00214306    0.52994297   -0.00404394    0.17381319
  482    3    -0.42305     5.12965     2.37089     -0.00106099    0.29782200   -0.00356251    0.17652810
  483   15     1.35269     3.95693     2.88617     -0.00242972    0.76635752   -0.00317048    0.17528998
  484   15     0.99192     2.81547     3.41142     -0.00551130    1.54748618   -0.00356145    0.17722819
  485    3    -0.07343     3.93674     3.00220     -0.00468283    2.14007323   -0.00218816    0.17230745
  486    3    -0.45709     2.58138     3.49021     -0.00187735    1.08701914   -0.00172706    0.16817289
  487   16     0.70854     2.17385    -3.72114     -0.00223533    0.82552368   -0.00270778    0.17430210
  488   16     1.12672     3.41714    -3.29861     -0.00598688    1.66857841   -0.00358801    0.17742510
  489    3    -0.45969     3.00988    -3.44635     -0.00498563    2.30679690   -0.00216128    0.17032930
  490    3     0.05269     4.36754    -2.84097     -0.00197213    1.17278658   -0.00168158    0.17230713
  491    4    -3.71625    -5.29273     0.67840     -0.00023333    0.03267365   -0.00714117    0.16891194
  492    5    -3.28811    -5.23256     0.66542     -0.00019773    0.03267365   -0.00605177    0.17033606
  493   13    -3.98674    -5.38827     0.62133     -0.00025274    0.03267365   -0.00773534    0.16820004
  494    4    -3.73004    -5.29251    -0.68784     -0.00026768    0.03267365   -0.00819254    0.16879332
  495    5    -3.30173    -5.23234    -0.68349     -0.00028991    0.03267365   -0.00887278    0.17041109
  496   13    -3.99932    -5.38807    -0.62535     -0.00020479    0.03267365   -0.00626769    0.16811846
  497    5    -3.13390    -0.79121     3.52834     -0.00078883    0.66800104   -0.00118087    0.15350568
  498    5    -3.04543    -2.76136     3.32088     -0.00181007    1.36590534   -0.00132518    0.15153923
  499    5    -2.97412    -4.64339     1.81459     -0.00379921    1.36590534   -0.00278146    0.16657468
  500    4    -3.71927    -1.58013     3.50930     -0.00137817    1.36590534   -0.00100898    0.14814688
  501    4    -3.62205    -3.86391     2.74058     -0.00222964    1.36590534   -0.00163236    0.15361633
  502    4    -3.58061    -5.10487     1.19441     -0.00161770    0.66800104   -0.00242171    0.16659791
  503    5    -2.98479    -5.07583    -1.21295     -0.00176084    0.66841233   -0.00263436    0.16904384
  504    5    -3.05750    -3.83322    -2.75808     -0.00249331    1.36682008   -0.00182417    0.15683829
  505    5    -3.17028    -1.54749    -3.52288     -0.00190367    1.36682008   -0.00139277    0.15270643
  506    4    -3.63111    -4.67073    -1.83285     -0.00342244    1.36682008   -0.00250395    0.16390087
  507    4    -3.73288    -2.78658    -3.33678     -0.00155727    1.36682008   -0.00113934    0.14816718
  508    4    -3.82556    -0.81509    -3.54036     -0.00050559    0.66841233   -0.00075640    0.14903309
  509   13    -4.38214    -5.48971     0.86130     -0.00092651    0.23241139   -0.00398650    0.16548759
  510   13    -5.01315    -5.17593     1.68550     -0.00166216    0.51435656   -0.00323153    0.16033236
  511   13    -6.12331    -4.62875     2.12521     -0.00157934    0.51435656   -0.00307051    0.15485621
  512   13    -7.25282    -4.07600     1.74588     -0.00186436    0.51435656   -0.00362464    0.15562420
  513   13    -7.96220    -3.73274     0.69509     -0.00163716    0.51435656   -0.00318294    0.15972861
  514   13    -7.97546    -3.73253    -0.61831     -0.00197230    0.51435656   -0.00383449    0.15977519
  515   13    -7.28744    -4.07545    -1.68332     -0.00164268    0.51435656   -0.00319366    0.15554241
  516   13    -6.16582    -4.62808    -2.08555     -0.00174211    0.51435656   -0.00338696    0.15492667
  517   13    -5.04702    -5.17540    -1.66852     -0.00147591    0.51435656   -0.00286942    0.16028540
  518   13    -4.39949    -5.48943    -0.85732     -0.00091174    0.23241139   -0.00392296    0.16542386
  519    4    -4.27657    -5.17727     1.33903     -0.00168148    0.50734474   -0.00331427    0.16488143
  520    4    -5.31784    -4.66171     2.23808     -0.00147217    0.50734474   -0.00290172    0.15444361
  521    4    -6.63614    -4.01427     2.27362     -0.00146932    0.50734474   -0.00289609    0.15147563
  522    4    -7.71854    -3.48686     1.43183     -0.00164304    0.50734474   -0.00323850    0.15632170
  523    4    -8.14390    -3.28469     0.04023     -0.00127767    0.50734474   -0.00251834    0.16111279
  524    4    -7.74672    -3.48642    -1.35974     -0.00163954    0.50734474   -0.00323162    0.15633045
  525    4    -6.68154    -4.01355    -2.22337     -0.00146915    0.50734474   -0.00289577    0.15146947
  526    4    -5.36280    -4.66100    -2.21466     -0.00143991    0.50734474   -0.00283813    0.15444445
  527    4    -4.30358    -5.17685    -1.33699     -0.00169892    0.50734474   -0.00334865    0.16485263
  528    5    -0.45767    -0.49959     3.30613     -0.00069120    0.17721734   -0.00390029    0.17068427
  529    6    -0.25964    -0.11709     3.29103     -0.00066914    0.17721734   -0.00377579    0.17218185
  530    7     0.22062    -0.08802     3.29222     -0.00073606    0.17721734   -0.00415343    0.17301178
  531    5    -0.56924    -0.46699    -3.38958     -0.00064198    0.17721734   -0.00362254    0.17112766
  532    6    -0.37075    -0.08462    -3.37737     -0.00069075    0.17721734   -0.00389773    0.17294902
  533    7     0.10921    -0.05547    -3.39427     -0.00076478    0.17721734   -0.00431551    0.17377670
  534    6    -1.15427     0.22525     3.38055     -0.00136506    0.64798661   -0.00210662    0.16838852
  535    5    -1.21500    -0.43802     3.45257     -0.00129514    0.67858236   -0.00190860    0.16570105
  536    6    -1.01711     0.12401    -3.43684     -0.00139343    0.61733899   -0.00225716    0.16984499
  537    5    -1.52218    -0.30166    -3.51743     -0.00125004    0.64649321   -0.00193358    0.16542703
  538    5     0.22097    -1.46782    -3.23002     -0.00206949    0.60925099   -0.00339678    0.17074347
  539    7     0.90378    -1.05794    -3.28619     -0.00181924    0.60925099   -0.00298603    0.17017866
  540   17     1.18073    -1.73674    -3.31734     -0.00176585    0.60925099   -0.00289840    0.16669919
  541    5     0.13936    -1.17984     3.22569     -0.00201525    0.60983903   -0.00330456    0.17012268
  542    7     0.82086    -0.76583     3.26455     -0.00185382    0.60983903   -0.00303986    0.17022805
  543   18     1.10266    -1.43521     3.36417     -0.00169050    0.60983903   -0.00277205    0.16616526
  544    7     0.52764    -0.23869     3.41796     -0.00064726    0.39892281   -0.00162253    0.16908001
  545    5    -0.39550    -0.89791     3.42489     -0.00056623    0.39892281   -0.00141939    0.16611543
  546    7     0.57909    -0.47971    -3.48735     -0.00134530    0.76921328   -0.00174893    0.16933849
  547    5    -0.47297    -0.92655    -3.49149     -0.00131059    0.76921328   -0.00170381    0.16702243
  548   13    -4.14351    -5.49315    -0.12917     -0.00318249    0.87262825   -0.00364702    0.16980444
  549    5    -3.08754    -5.32337     0.10780     -0.00334791    1.23080810   -0.00272009    0.17193537
  550    5    -0.36449    -4.11713    -2.37881     -0.00114228    0.26143121   -0.00436934    0.17303212
  551   14    -0.20446    -4.29655    -2.21066     -0.00129941    0.26143121   -0.00497037    0.17481351
  552   17     0.62662    -4.14112    -2.47110     -0.00103295    0.26143121   -0.00395114    0.16673268
  553    5    -0.37796    -4.13295     2.32835     -0.00100470    0.27432083   -0.00366250    0.17183179
  554   14    -0.21721    -4.30756     2.15536     -0.00125808    0.27432083   -0.00458615    0.17359428
  555   18     0.61229    -4.11233     2.47511     -0.00101556    0.27432083   -0.00370210    0.16457642
  556   14    -0.81509    -4.63615     2.00388     -0.00115512    0.25149196   -0.00459305    0.17373079
  557   14    -1.57459    -5.16951     1.28362     -0.00253736    0.56821146   -0.00446553    0.17701511
  558   14    -1.96393    -5.43666    -0.05225     -0.00276884    0.56821146   -0.00487290    0.17960406
  559   14    -1.56716    -5.14695    -1.38121     -0.00223004    0.56821146   -0.00392466    0.17708059
  560   14    -0.80369    -4.60151    -2.08810     -0.00132840    0.25149196   -0.00528210    0.17436271
  561    5    -1.41622    -4.66742     1.96538     -0.00197224    0.53828173   -0.00366395    0.17268572
  562    5    -2.23920    -5.24248     0.74053     -0.00211550    0.53828173   -0.00393010    0.17783300
  563    5    -2.23479    -5.22907    -0.84315     -0.00259287    0.53828173   -0.00481694    0.17758478
  564    5    -1.40502    -4.63340    -2.05349     -0.00225683    0.53828173   -0.00419266    0.17300940
  565   17     1.03698    -3.97494    -2.96478     -0.00152862    0.77611287   -0.00196959    0.16002887
  566   17     1.17535    -2.83562    -3.41925     -0.00389257    1.56158755   -0.00249270    0.16223168
  567    5    -0.37289    -3.37377    -3.05431     -0.00389385    2.19556560   -0.00177351    0.16334262
  568    5    -0.17520    -2.03904    -3.47201     -0.00148941    1.11138619   -0.00134014    0.16264433
  569   18     1.16709    -2.09818     3.62673     -0.00167732    0.88563039   -0.00189392    0.16027292
  570   18     1.01788    -3.42541     3.25672     -0.00468339    1.78613373   -0.00262208    0.16121272
  571    5    -0.34929    -2.36441     3.37319     -0.00409337    2.50046632   -0.00163704    0.16182400
  572    5    -0.46520    -3.84597     2.81950     -0.00175701    1.26895084   -0.00138462    0.16216735
  573    6    -0.01142     1.16422    -3.44423     -0.00044346    0.08434192   -0.00525793    0.17601039
  574    7     0.45585     1.20577    -3.54799     -0.00040935    0.08434192   -0.00485349    0.17584464
  575   16     0.66348     1.40318    -3.62692     -0.00040416    0.08434192   -0.00479195    0.17655346
  576    7     0.47209     0.84530     3.42299     -0.00178586    0.73711239   -0.00242278    0.17331278
  577    6    -0.19546     0.54804     3.35158     -0.00161017    0.70336526   -0.00228924    0.17256738
  578    7     0.38130     0.52240    -3.54064     -0.00135129    0.57680335   -0.00234272    0.17310445
  579    6    -0.31538     0.67275    -3.45643     -0.00127843    0.55037825   -0.00232283    0.17306868
  580   16     0.73447     1.56551    -3.73445     -0.00031211    0.13017720   -0.00239760    0.17441323
  581    6    -0.28023     1.25770    -3.51678     -0.00008678    0.16784725   -0.00051703    0.17237494
  582    7     2.75702     0.39450     3.58826     -0.00035433    0.08778326   -0.00403648    0.16028134
  583    8     2.99332    -0.01635     3.56606     -0.00024808    0.08778326   -0.00282602    0.15505838
  584   15     2.80669     0.68490     3.62563     -0.00024432    0.08778326   -0.00278317    0.16131985
  585    7     2.69594    -0.00513    -3.68003     -0.00026377    0.08699356   -0.00303210    0.16007961
  586    8     2.93292    -0.41126    -3.61664     -0.00023008    0.08699356   -0.00264478    0.15554891
  587   16     2.74250     0.27990    -3.75026     -0.00037889    0.08699356   -0.00435538    0.16198219
  588    7     2.35554    -0.71175    -3.60086     -0.00021451    0.08912023   -0.00240693    0.15854836
  589    8     2.59251    -1.12223    -3.62303     -0.00024049    0.08912023   -0.00269844    0.15556452
  590   17     2.54077    -1.41296    -3.66354     -0.00021681    0.08912023   -0.00243278    0.15475432
  591    7     2.34104    -0.35872     3.58787     -0.00025826    0.08985279   -0.00287421    0.15835796
  592    8     2.57787    -0.76503     3.65093     -0.00018933    0.08985279   -0.00210716    0.15474823
  593   18     2.52404    -1.05022     3.71928     -0.00021086    0.08985279   -0.00234678    0.15482338
  594    8     2.88879    -0.44868     3.65964     -0.00039559    0.32000383   -0.00123620    0.15253383
  595    7     2.44865     0.08128     3.63376     -0.00047861    0.32000383   -0.00149564    0.15842601
  596    8     2.77533    -0.88243    -3.66150     -0.00020409    0.27126716   -0.00075237    0.15312343
  597    7     2.51550    -0.24750    -3.69347     -0.00046735    0.27126716   -0.00172285    0.15885281
  598    7     4.83123     3.13372     0.89620     -0.00044587    0.22046061   -0.00202245    0.15029640
  599    9     5.51298     2.73310     0.89917     -0.00031027    0.22046061   -0.00140736    0.13862494
  600   15     4.71977     3.18576     1.16831     -0.00067644    0.22046061   -0.00306832    0.15325233
  601    7     4.81869     2.99269    -1.35313     -0.00057298    0.21750703   -0.00263432    0.15012184
  602    9     5.49992     2.59358    -1.31040     -0.00034146    0.21750703   -0.00156987    0.13845197
  603   16     4.69901     3.01586    -1.62593     -0.00069389    0.21750703   -0.00319019    0.15291124
  604    9     5.97559     2.65436    -0.41105     -0.00056501    1.91716539   -0.00029471    0.12942310
  605    7     4.95102     3.14928    -0.03230     -0.00253055    1.91716539   -0.00131994    0.14603766
  606    7     2.24946     4.61141     0.62961     -0.00079536    0.26484878   -0.00300308    0.17414786
  607   12     1.49066     5.05482     0.58384     -0.00128083    0.26484878   -0.00483610    0.18170361
  608   15     2.29714     4.57779     0.92341     -0.00080503    0.26484878   -0.00303957    0.17467244
  609    7     2.14016     4.52238    -1.15951     -0.00070813    0.25206996   -0.00280926    0.17389720
  610   12     1.38987     4.96679    -1.04359     -0.00140703    0.25206996   -0.00558191    0.18141440
  611   16     2.18726     4.44950    -1.44601     -0.00076094    0.25206996   -0.00301876    0.17392161
  612   12     1.16284     5.47264    -0.09025     -0.00547459    1.20628040   -0.00453841    0.18602717
  613    7     2.21685     4.72867    -0.41161     -0.00286599    1.70389224   -0.00168202    0.17108586
  614   15     4.26626     3.67872     1.22486     -0.00072857    0.23593053   -0.00308807    0.15777693
  615   15     3.35626     4.25147     1.07374     -0.00161404    0.52087246   -0.00309873    0.16572795
  616    7     3.99469     3.86360     0.74071     -0.00129799    0.51647955   -0.00251314    0.15884219
  617    7     2.95030     4.43223     0.63454     -0.00069152    0.28597640   -0.00241809    0.16636053
  618   15     1.35778     1.63909     3.67708     -0.00107483    0.32729579   -0.00328397    0.17305578
  619   15     2.37925     1.10503     3.76417     -0.00088689    0.32729579   -0.00270975    0.16581496
  620    7     1.70728     1.04273     3.59211     -0.00262070    0.66322770   -0.00395144    0.17294341
  621   16     2.87235     4.29697    -1.62468     -0.00084751    0.24852826   -0.00341011    0.16742894
  622   16     3.88084     3.76931    -1.67124     -0.00160270    0.55450416   -0.00289033    0.16108764
  623    7     3.27889     4.14649    -1.21039     -0.00139751    0.53870314   -0.00259421    0.16395257
  624    7     4.34020     3.49059    -1.31929     -0.00085707    0.30124638   -0.00284508    0.15478116
  625   16     2.29432     0.68884    -3.92619     -0.00110725    0.34362502   -0.00322225    0.16613551
  626   16     1.23334     1.26652    -3.86377     -0.00118356    0.34362502   -0.00344434    0.17317644
  627    7     1.60646     0.67015    -3.72382     -0.00288100    0.68770197   -0.00418932    0.17376497
  628   17     1.96773    -1.76993    -3.62553     -0.00153431    0.71802940   -0.00213683    0.15939717
  629    7     1.80663    -0.67959    -3.62774     -0.00144240    1.01280772   -0.00142416    0.16153871
  630   18     2.11821    -1.34972     3.73893     -0.00168741    0.77231508   -0.00218487    0.15761524
  631    7     1.56935    -0.40919     3.55916     -0.00162523    1.08917953   -0.00149216    0.16288045
  632    8     4.90348    -4.57739    -1.75271     -0.00011199    0.09463819   -0.00118337    0.12493783
  633    9     5.36643    -4.45520    -1.73703     -0.00005796    0.09463819   -0.00061245    0.11993168
  634   17     4.68496    -4.58335    -1.95541     -0.00021883    0.09463819   -0.00231223    0.12817709
  635    8     4.41597    -1.92524    -3.57884     -0.00013413    0.09463819   -0.00141730    0.13478199
  636    9     4.88532    -1.83792    -3.53914      0.00001235    0.09463819    0.00013053    0.12824449
  637   17     4.23981    -2.16168    -3.62284     -0.00015202    0.09463819   -0.00160638    0.13668098
  638    8     4.39623    -1.57617     3.69433     -0.00008500    0.09405211   -0.00090376    0.13409280
  639    9     4.86579    -1.49292     3.64881     -0.00005899    0.09405211   -0.00062716    0.12857410
  640   18     4.21841    -1.80637     3.76003     -0.00020356    0.09405211   -0.00216438    0.13636463
  641    8     4.89070    -4.37936     2.15003     -0.00011995    0.09405211   -0.00127541    0.12503837
  642    9     5.35374    -4.25916     2.12487      0.00000067    0.09405211    0.00000708    0.11960204
  643   18     4.66989    -4.36584     2.35000     -0.00014198    0.09405211   -0.00150958    0.12778242
  644    8     4.73822    -1.21126    -3.56710     -0.00007101    0.08325942   -0.00085287    0.13304270
  645    9     5.20745    -1.12753    -3.61414     -0.00003948    0.08325942   -0.00047423    0.12885303
  646   19     5.40489    -0.91607    -3.68073     -0.00012701    0.08325942   -0.00152546    0.12930541
  647    8     5.35104    -4.47685     1.78331     -0.00004083    0.09041565   -0.00045154    0.11993536
  648    9     5.82715    -4.42824     1.80360     -0.00001722    0.09041565   -0.00019048    0.11672176
  649   20     6.06981    -4.53913     1.67485     -0.00009237    0.09041565   -0.00102161    0.11645766
  650    8     5.36643    -4.66546    -1.30569     -0.00007247    0.09041565   -0.00080147    0.12000324
  651    9     5.84276    -4.61939    -1.32702     -0.00007419    0.09041565   -0.00082052    0.11680902
  652   20     6.08406    -4.71364    -1.18334     -0.00012098    0.09041565   -0.00133801    0.11632374
  653    8     4.70290    -0.77589     3.60173     -0.00001857    0.08329366   -0.00022289    0.13296542
  654    9     5.17170    -0.68681     3.64289     -0.00009845    0.08329366   -0.00118191    0.12985124
  655   21     5.36855    -0.46866     3.68533     -0.00010051    0.08329366   -0.00120672    0.12953517
  656    9     5.10695    -1.00877     3.69013     -0.00004023    0.32413063   -0.00012412    0.12754675
  657    8     4.45132    -1.24150     3.70151     -0.00017093    0.32413063   -0.00052734    0.13380687
  658    9     5.69775    -4.35271     2.00471     -0.00000112    0.12603713   -0.00000892    0.11680654
  659    8     5.02600    -4.49719     1.97136     -0.00000064    0.12603713   -0.00000506    0.12217371
  660    9     5.71631    -4.57359    -1.52411      0.00012123    0.16933763    0.00071588    0.11589289
  661    8     5.03579    -4.66982    -1.57348     -0.00001373    0.16933763   -0.00008108    0.12219775
  662    9     5.15293    -1.50839    -3.62320     -0.00007129    0.26977261   -0.00026426    0.12696405
  663    8     4.46056    -1.53702    -3.62324     -0.00011308    0.26977261   -0.00041917    0.13414342
  664    8     1.82804    -5.06234    -0.63721     -0.00038196    0.25793456   -0.00148083    0.15366698
  665   14     0.99252    -5.07984    -0.60376     -0.00117406    0.25793456   -0.00455177    0.16804536
  666   17     1.81220    -5.04703    -0.93714     -0.00058912    0.25793456   -0.00228400    0.15546864
  667    8     1.77175    -4.96242     1.02081     -0.00045721    0.25750832   -0.00177552    0.15390056
  668   14     0.94201    -4.98366     0.91890     -0.00121737    0.25750832   -0.00472748    0.16712387
  669   18     1.75819    -4.91469     1.31746     -0.00048595    0.25750832   -0.00188713    0.15446931
  670   14     0.55865    -5.25678     0.02343     -0.00458113    1.03674653   -0.00441876    0.17461132
  671    8     1.78150    -5.15872     0.32152     -0.00124216    1.46098295   -0.00085022    0.15103104
  672    8     4.11427     0.11738     3.41262     -0.00081798    0.57192993   -0.00143020    0.14611842
  673   15     3.86555     0.80675     3.41411     -0.00151215    0.57192993   -0.00264394    0.15386983
  674   21     4.81163     0.37134     3.43813     -0.00083298    0.57192993   -0.00145644    0.14037177
  675   15     3.06293     0.92624     3.66585     -0.00134138    0.46243879   -0.00290066    0.16070324
  676    8     3.51259    -0.06906     3.62097     -0.00051314    0.65282493   -0.00078602    0.14840961
  677    8     4.12211    -0.23688    -3.47191     -0.00085372    0.57329900   -0.00148914    0.14600537
  678   16     3.86360     0.44626    -3.54413     -0.00142213    0.57329900   -0.00248060    0.15333524
  679   19     4.82229     0.00576    -3.51959     -0.00083238    0.57329900   -0.00145191    0.13988993
  680   16     3.16020     0.57394    -3.79854     -0.00146489    0.51152174   -0.00286378    0.15998848
  681    8     3.36164    -0.49699    -3.67951     -0.00060568    0.72197136   -0.00083893    0.14957571
  682   17     4.17675    -4.87602    -1.90100     -0.00038895    0.29854251   -0.00130283    0.13191700
  683   17     2.99900    -5.17503    -1.32408     -0.00146929    0.69822076   -0.00210433    0.14280586
  684    8     3.94510    -5.01685    -1.29951     -0.00119504    0.62114936   -0.00192391    0.13395647
  685    8     2.59385    -5.22498    -0.73797     -0.00038412    0.36186971   -0.00106148    0.14255204
  686   17     2.89219    -1.79792    -3.80408     -0.00050810    0.25449181   -0.00199652    0.15026880
  687   17     3.72051    -2.15946    -3.78446     -0.00032290    0.25449181   -0.00126881    0.14148801
  688    8     3.45908    -1.62248    -3.67821     -0.00105636    0.54959355   -0.00192208    0.14696940
  689   18     3.69884    -1.78712     3.91803     -0.00045524    0.25434641   -0.00178984    0.14134353
  690   18     2.87337    -1.42106     3.89818     -0.00046567    0.25434641   -0.00183086    0.15006380
  691    8     3.44162    -1.26150     3.75885     -0.00105562    0.54942652   -0.00192131    0.14658223
  692   18     2.44763    -5.06007     1.58261     -0.00040956    0.30510765   -0.00134235    0.14520680
  693   18     3.70808    -4.84581     2.07859     -0.00162352    0.71842099   -0.00225984    0.13709986
  694    8     3.07943    -5.05954     1.36600     -0.00113965    0.63139771   -0.00180496    0.13970654
  695    8     4.40755    -4.69094     1.97465     -0.00041578    0.36982745   -0.00112425    0.12870353
  696   19     5.42735    -0.56532    -3.75515     -0.00052617    0.48484056   -0.00108523    0.13058604
  697    8     4.36050    -0.83963    -3.64153     -0.00022651    0.68405575   -0.00033112    0.13778600
  698   20     6.17343    -4.80493     1.29451     -0.00076978    0.71531623   -0.00107614    0.11673049
  699   20     6.15593    -4.97176    -0.19258     -0.00269702    1.46684327   -0.00183866    0.12027967
  700    8     5.07534    -4.91417     0.78578     -0.00082618    1.95720956   -0.00042212    0.12158056
  701    8     5.10684    -4.94750    -0.91174     -0.00004670    1.00890442   -0.00004629    0.12023736
  702   21     5.35261    -0.01926     3.70111     -0.00051930    0.43726142   -0.00118762    0.13239523
  703    8     4.37984    -0.54417     3.66207     -0.00018352    0.61699887   -0.00029744    0.13690785
  704    9     5.96504     2.56531     1.13573     -0.00025453    0.29633970   -0.00085892    0.13263335
  705   15     5.10136     2.87847     1.38322     -0.00063434    0.29633970   -0.00214058    0.14637427
  706   21     6.07617     2.52443     1.41157     -0.00039674    0.29633970   -0.00133881    0.13241257
  707   15     4.70355     3.31298     1.36859     -0.00012789    0.06768604   -0.00188940    0.15184181
  708    9     5.94224     2.76866     0.97905      0.00013014    0.09646163    0.00134916    0.13028791
  709    9     5.95059     2.40147    -1.51270     -0.00021957    0.29761287   -0.00073777    0.13217064
  710   16     5.07817     2.68506    -1.78909     -0.00065203    0.29761287   -0.00219088    0.14601967
  711   19     6.06608     2.32628    -1.77935     -0.00031695    0.29761287   -0.00106498    0.13167174
  712   16     4.67532     3.12810    -1.82102     -0.00011041    0.05536990   -0.00199406    0.15155477
  713    9     5.93041     2.61793    -1.40329      0.00007490    0.07897123    0.00094844    0.13044087
  714   17     4.27957    -2.65357    -3.61529     -0.00115622    0.74399782   -0.00155407    0.13557549
  715   17     4.56018    -3.95232    -2.80818     -0.00345368    1.53041672   -0.00225669    0.13431776
  716    9     5.42495    -2.82551    -3.22533     -0.00058252    2.03140858   -0.00028676    0.12068632
  717    9     5.64410    -4.22837    -2.17881      0.00010747    1.04938508    0.00010241    0.11618333
  718   18     4.58271    -4.14632     2.78028     -0.00106124    0.74006762   -0.00143397    0.12951908
  719   18     4.39426    -2.83827     3.58214     -0.00337350    1.52152531   -0.00221718    0.13633808
  720    9     5.56980    -3.44035     2.91980     -0.00063966    2.02135116   -0.00031645    0.11804064
  721    9     5.25860    -1.89788     3.69441      0.00011624    1.04381097    0.00011136    0.12176888
  722   19     6.80436     2.31678    -1.71896     -0.00026949    0.24083166   -0.00111899    0.12284559
  723   19     7.85380     2.02238    -1.52506     -0.00057856    0.53394067   -0.00108356    0.11234868
  724   19     8.85329     1.14224    -1.67286     -0.00062484    0.53394067   -0.00117024    0.10424534
  725   19     9.16725    -0.03943    -2.22108     -0.00065105    0.53394067   -0.00121933    0.10087667
  726   19     8.66960    -1.04799    -2.94951     -0.00053919    0.53394067   -0.00100984    0.10176450
  727   19     7.56021    -1.47833    -3.56556     -0.00063601    0.53394067   -0.00119115    0.10859867
  728   19     6.28470    -1.15761    -3.82180     -0.00080925    0.53394067   -0.00151562    0.12111113
  729    9     7.12925     2.29331    -1.22619     -0.00030953    0.52510395   -0.00058946    0.11717031
  730    9     8.47527     1.64169    -1.12940     -0.00017317    0.52510395   -0.00032978    0.10383586
  731    9     9.24965     0.42609    -1.53975     -0.00033842    0.52510395   -0.00064449    0.09811048
  732    9     9.14135    -0.86522    -2.29243     -0.00022789    0.52510395   -0.00043400    0.09651277
  733    9     8.19388    -1.71357    -3.08511     -0.00018810    0.52510395   -0.00035821    0.10034139
  734    9     6.78779    -1.77819    -3.59940     -0.00033160    0.52510395   -0.00063150    0.11185124
  735    9     5.67799    -1.28983    -3.70632     -0.00010809    0.29191716   -0.00037029    0.12354734
  736   20     6.58731    -4.72019    -1.35161     -0.00026230    0.24173659   -0.00108506    0.11327217
  737   20     7.46656    -4.23931    -1.83694     -0.00067396    0.53690807   -0.00125526    0.10742230
  738   20     8.62378    -3.55843    -1.72560     -0.00060957    0.53690807   -0.00113534    0.10019115
  739   20     9.46447    -3.01143    -0.82606     -0.00066075    0.53690807   -0.00123066    0.09691535
  740   20     9.64620    -2.82111     0.49527     -0.00068352    0.53690807   -0.00127307    0.09646196
  741   20     9.09495    -3.06500     1.70017     -0.00060074    0.53690807   -0.00111888    0.09809411
  742   20     8.03524    -3.64376     2.29785     -0.00057977    0.53690807   -0.00107983    0.10333097
  743   20     6.89874    -4.32163     2.04487     -0.00075169    0.53690807   -0.00140004    0.11193939
  744    9     6.64084    -4.33491    -1.79745     -0.00047482    0.52613826   -0.00090247    0.11168185
  745    9     7.91503    -3.61610    -2.15787     -0.00027713    0.52613826   -0.00052673    0.10099170
  746    9     9.09382    -2.89164    -1.56143     -0.00016533    0.52613826   -0.00031423    0.09477465
  747    9     9.69707    -2.45661    -0.25110     -0.00034451    0.52613826   -0.00065479    0.09345316
  748    9     9.47904    -2.48822     1.23941     -0.00032306    0.52613826   -0.00061401    0.09384984
  749    9     8.52855    -2.97359     2.30296     -0.00026355    0.52613826   -0.00050091    0.09753827
  750    9     7.23277    -3.71501     2.50633     -0.00035871    0.52613826   -0.00068177    0.10617142
  751    9     6.26592    -4.30745     2.04481     -0.00016034    0.29301405   -0.00054720    0.11384023
  752   21     5.86630    -0.48881     3.85273     -0.00028122    0.24025179   -0.00117054    0.12501064
  753   21     6.86977    -0.94975     3.82882     -0.00069044    0.53238132   -0.00129689    0.11466019
  754   21     8.12934    -0.94965     3.38036     -0.00054280    0.53238132   -0.00101957    0.10463843
  755   21     8.98567    -0.28677     2.59618     -0.00062303    0.53238132   -0.00117027    0.10096160
  756   21     9.09644     0.77391     1.78975     -0.00061845    0.53238132   -0.00116167    0.10206951
  757   21     8.41737     1.80839     1.28344     -0.00062989    0.53238132   -0.00118316    0.10772640
  758   21     7.21992     2.40315     1.27964     -0.00064901    0.53238132   -0.00121907    0.11930159
  759    9     6.04975    -1.04223     3.76206     -0.00056984    0.52409451   -0.00108728    0.12041897
  760    9     7.47551    -1.43280     3.53694     -0.00029440    0.52409451   -0.00056174    0.10556380
  761    9     8.72268    -1.04203     2.81039     -0.00013314    0.52409451   -0.00025403    0.09767953
  762    9     9.29272    -0.02611     1.87284     -0.00030580    0.52409451   -0.00058349    0.09692206
  763    9     8.95775     1.20885     1.09907     -0.00029940    0.52409451   -0.00057127    0.10046570
  764    9     7.85167     2.16917     0.79840     -0.00018463    0.52409451   -0.00035228    0.10933578
  765    9     6.70255     2.53428     0.94345     -0.00006251    0.29121429   -0.00021465    0.12183644
  766   15     2.23436     4.71542     1.41646     -0.00205697    1.07184315   -0.00191909    0.17112211
  767   15     1.67642     4.48654     2.33323     -0.00209458    1.07184315   -0.00195418    0.17303324
  768   12     0.83899     5.33532     1.37875     -0.00753384    2.14634372   -0.00351008    0.18354439
  769   16     1.63030     4.35380    -2.55442     -0.00157574    0.86222439   -0.00182753    0.17120030
  770   16     2.12899     4.55818    -1.87432     -0.00129483    0.86222439   -0.00150173    0.16966653
  771   12     0.77823     5.26257    -1.64912     -0.00530735    1.72364408   -0.00307915    0.18050924
  772   17     1.63240    -5.10045    -1.45084     -0.00166831    1.05192995   -0.00158595    0.15502908
  773   17     1.17937    -4.59320    -2.42724     -0.00183335    1.05192995   -0.00174284    0.15908925
  774   14     0.24476    -4.93898    -1.44818     -0.00799730    2.11237437   -0.00378593    0.17629366
  775   18     1.15673    -4.50854     2.51585     -0.00133538    0.87200999   -0.00153138    0.15656525
  776   18     1.58584    -4.95017     1.76154     -0.00105690    0.87200999   -0.00121202    0.15315338
  777   14     0.21204    -4.88736     1.57173     -0.00586966    1.74562902   -0.00336249    0.17243342
  778   21     6.15245     2.65204     1.84520     -0.00022455    0.86327360   -0.00026012    0.12987904
  779   21     5.92263     2.21244     2.86279     -0.00178570    1.72567473   -0.00103479    0.13342682
  780   21     5.41548     1.15303     3.58634     -0.00189276    1.72567473   -0.00109682    0.13546644
  781   15     4.72690     3.12967     2.21057     -0.00309095    1.72567473   -0.00179115    0.15072125
  782   15     4.34458     2.36246     3.29145     -0.00332112    1.72567473   -0.00192454    0.15180220
  783   15     3.88930     1.39513     3.66368     -0.00125112    0.86327360   -0.00144927    0.15186007
  784   19     5.24890     0.37151    -3.82239     -0.00046645    0.85218260   -0.00054735    0.13395219
  785   19     5.69278     1.35113    -3.55774     -0.00180194    1.70329640   -0.00105791    0.13370065
  786   19     6.06824     2.21877    -2.59232     -0.00147980    1.70329640   -0.00086879    0.13150896
  787   16     4.05412     1.37990    -3.78249     -0.00306434    1.70329640   -0.00179907    0.15210155
  788   16     4.54937     2.48854    -3.18967     -0.00320181    1.70329640   -0.00187977    0.15017610
  789   16     4.77702     3.03315    -2.25250     -0.00115866    0.85218260   -0.00135964    0.14808350
